/*--------------------------------*- C++ -*----------------------------------*\
| =========                 |                                                 |
| \\      /  F ield         | OpenFOAM: The Open Source CFD Toolbox           |
|  \\    /   O peration     | Version:  2212                                  |
|   \\  /    A nd           | Website:  www.openfoam.com                      |
|    \\/     M anipulation  |                                                 |
\*---------------------------------------------------------------------------*/
FoamFile
{
    version     2.0;
    format      ascii;
    arch        "LSB;label=32;scalar=64";
    class       volScalarField;
    location    "15.4";
    object      p;
}
// * * * * * * * * * * * * * * * * * * * * * * * * * * * * * * * * * * * * * //

dimensions      [0 2 -2 0 0 0 0];

internalField   nonuniform List<scalar> 
400
(
1.09535e-07
-0.000150919
-0.000535004
-0.00107221
-0.00173294
-0.00249442
-0.00318556
-0.00359813
-0.00356591
-0.00293464
-0.00154908
0.000618891
0.00324912
0.00551363
0.00653329
0.00592238
0.00400155
0.00214911
0.0011101
0.00104105
0.000115965
-5.8453e-05
-0.000377398
-0.000764574
-0.00124449
-0.00188863
-0.00270676
-0.00354409
-0.00408059
-0.00393901
-0.002847
-0.000825399
0.00168887
0.00396044
0.00512422
0.00474258
0.00310245
0.0013742
0.00059261
0.000683655
0.000536081
0.000264611
-7.76817e-05
-0.000560041
-0.00134775
-0.00258116
-0.00421975
-0.00598444
-0.00740326
-0.00794459
-0.00726489
-0.00546266
-0.00289227
-0.000195246
0.00179116
0.00242716
0.00170821
0.000501498
-0.000396694
-0.000393401
0.0011516
0.000740907
0.000191517
-0.000775226
-0.00245164
-0.00493845
-0.00799587
-0.0111213
-0.0137042
-0.0151778
-0.0152077
-0.0138407
-0.0112944
-0.00802983
-0.004753
-0.00221049
-0.000871177
-0.00070702
-0.00128963
-0.00191896
0.001583
0.00097339
-2.32443e-05
-0.00192456
-0.00500726
-0.00918081
-0.0139146
-0.0184807
-0.0222171
-0.0246538
-0.0255295
-0.0247237
-0.0223643
-0.0187443
-0.0143054
-0.00965651
-0.00559291
-0.00294971
-0.00219406
-0.00401879
0.00129306
0.000444701
-0.00119774
-0.00430491
-0.00900571
-0.0148814
-0.0210737
-0.0267163
-0.0311923
-0.0341796
-0.0355464
-0.0351905
-0.0331978
-0.0297195
-0.0249002
-0.0189618
-0.0125061
-0.00694915
-0.00440169
-0.00652501
-4.86226e-05
-0.00114789
-0.00349988
-0.00779742
-0.0139333
-0.0211153
-0.0282372
-0.0344088
-0.0391298
-0.0422332
-0.043721
-0.0436116
-0.0419737
-0.0388797
-0.0343117
-0.0281579
-0.0205398
-0.0127036
-0.00785557
-0.00774876
-0.00245081
-0.00374255
-0.00669907
-0.011914
-0.0190407
-0.0269828
-0.0345053
-0.0407804
-0.0454521
-0.0484784
-0.0499411
-0.0499324
-0.0485316
-0.0457895
-0.0416633
-0.0359275
-0.0283264
-0.0193718
-0.011823
-0.00798128
-0.005538
-0.00691562
-0.0102642
-0.0160226
-0.0236591
-0.0318906
-0.0394525
-0.0456143
-0.0501389
-0.0530591
-0.0544883
-0.0545284
-0.0532541
-0.050727
-0.0469632
-0.041813
-0.0348687
-0.0259485
-0.0167099
-0.00999527
-0.00873415
-0.0100863
-0.0135982
-0.0195429
-0.0272873
-0.0354882
-0.0429134
-0.0489112
-0.053311
-0.0561691
-0.057593
-0.0576643
-0.0564458
-0.0540126
-0.0504524
-0.0457615
-0.039635
-0.0315249
-0.022322
-0.0143406
-0.0115045
-0.0127584
-0.0162198
-0.022055
-0.029608
-0.0375897
-0.0448277
-0.0507007
-0.0550443
-0.0578958
-0.0593382
-0.0594297
-0.0582204
-0.0557903
-0.0522881
-0.0478534
-0.042432
-0.0353835
-0.0271988
-0.0191801
-0.0135497
-0.0146191
-0.0178564
-0.0233161
-0.0304317
-0.0380637
-0.0451189
-0.050951
-0.0553304
-0.0582419
-0.0597297
-0.059832
-0.0585899
-0.0560844
-0.0525167
-0.0481391
-0.0432077
-0.0370571
-0.0300326
-0.0224179
-0.0148378
-0.0155683
-0.0183523
-0.0232108
-0.029694
-0.0368796
-0.0437656
-0.0496412
-0.0541561
-0.0572023
-0.0587714
-0.0588785
-0.0575591
-0.054917
-0.0511782
-0.0466567
-0.0419662
-0.0363007
-0.0302267
-0.0228965
-0.0154681
-0.0157224
-0.0177776
-0.0217467
-0.0273902
-0.0340322
-0.0407513
-0.0467414
-0.0514939
-0.0547693
-0.0564833
-0.0566243
-0.0552026
-0.0523539
-0.048347
-0.0435825
-0.0387312
-0.0331419
-0.0281
-0.0202797
-0.0155747
-0.0152985
-0.0163383
-0.0190881
-0.0236535
-0.0296346
-0.0361722
-0.0423365
-0.0474284
-0.0510404
-0.0529811
-0.0531844
-0.0516918
-0.0485922
-0.0442274
-0.0390543
-0.0337822
-0.0280719
-0.0242318
-0.0143853
-0.0152771
-0.0145504
-0.014261
-0.0154262
-0.0186851
-0.023895
-0.0302319
-0.0366153
-0.0421385
-0.0462019
-0.0484901
-0.0488672
-0.0473539
-0.0440215
-0.0392494
-0.0335193
-0.0276415
-0.0216295
-0.0180536
-0.0038331
-0.0146623
-0.0136184
-0.0117071
-0.0110813
-0.0129539
-0.0173806
-0.0235344
-0.0301709
-0.0361938
-0.0408121
-0.0435793
-0.0442623
-0.0428512
-0.0393769
-0.0341857
-0.02769
-0.0206824
-0.0132763
-0.00678578
0.0160528
-0.0145834
-0.0126574
-0.00864867
-0.00623481
-0.00691027
-0.0107461
-0.0168182
-0.0237403
-0.0302991
-0.0355398
-0.0389042
-0.0400356
-0.0388781
-0.0354484
-0.0298962
-0.0222761
-0.0128727
-0.000688194
0.0166951
0.0570639
-0.0117948
-0.0118309
-0.00572629
-0.00177519
-0.00176516
-0.00540492
-0.0115754
-0.0188152
-0.0258759
-0.0316879
-0.0356628
-0.0373624
-0.0366857
-0.0333557
-0.0272245
-0.0175417
-0.00314831
0.0204903
0.0607044
0.129821
-0.029517
-0.0106299
-0.000609041
0.00308066
0.00244809
-0.00155719
-0.00799968
-0.0155537
-0.0229765
-0.0291742
-0.0335324
-0.0355884
-0.0352016
-0.0319561
-0.0252279
-0.0128602
0.00942254
0.0511715
0.122878
0.226076
)
;

boundaryField
{
    movingWall
    {
        type            zeroGradient;
    }
    fixedWalls
    {
        type            zeroGradient;
    }
    frontAndBack
    {
        type            empty;
    }
}


// ************************************************************************* //
