/*--------------------------------*- C++ -*----------------------------------*\
| =========                 |                                                 |
| \\      /  F ield         | OpenFOAM: The Open Source CFD Toolbox           |
|  \\    /   O peration     | Version:  2212                                  |
|   \\  /    A nd           | Website:  www.openfoam.com                      |
|    \\/     M anipulation  |                                                 |
\*---------------------------------------------------------------------------*/
FoamFile
{
    version     2.0;
    format      ascii;
    arch        "LSB;label=32;scalar=64";
    class       volScalarField;
    location    "15.4";
    object      T;
}
// * * * * * * * * * * * * * * * * * * * * * * * * * * * * * * * * * * * * * //

dimensions      [0 0 0 1 0 0 0];

internalField   nonuniform List<scalar> 
400
(
0.964264
0.965018
0.966548
0.968813
0.971458
0.973875
0.975612
0.976627
0.977177
0.977551
0.977892
0.978245
0.978623
0.979014
0.979358
0.979557
0.979451
0.978871
0.977911
0.977124
0.965227
0.966151
0.968004
0.970658
0.97347
0.975547
0.976568
0.976926
0.977048
0.97714
0.97733
0.977693
0.978253
0.97898
0.979728
0.980273
0.980275
0.979474
0.978211
0.977302
0.96673
0.967974
0.970281
0.973061
0.975252
0.976181
0.976145
0.975696
0.975135
0.97471
0.974638
0.975068
0.976006
0.977424
0.979065
0.980556
0.981271
0.980585
0.978763
0.977633
0.968204
0.969777
0.972294
0.974548
0.975506
0.975073
0.973836
0.972261
0.970707
0.969558
0.969109
0.969607
0.97099
0.973289
0.976189
0.979239
0.981607
0.982198
0.980181
0.978406
0.969337
0.971099
0.973417
0.974667
0.974167
0.972261
0.969598
0.966664
0.963983
0.962027
0.961144
0.961622
0.963384
0.966493
0.970668
0.975457
0.980021
0.983064
0.982726
0.979839
0.970081
0.971832
0.973619
0.973642
0.971628
0.968202
0.96405
0.959788
0.956071
0.953403
0.952137
0.952502
0.954493
0.958145
0.963273
0.969491
0.976063
0.981772
0.984615
0.981934
0.970491
0.97205
0.973115
0.971892
0.968467
0.963634
0.958155
0.952804
0.948313
0.945172
0.943675
0.94394
0.946004
0.949882
0.955505
0.962634
0.970675
0.978503
0.984322
0.98494
0.970661
0.971942
0.972283
0.969966
0.965327
0.959293
0.952752
0.946613
0.941634
0.938255
0.936668
0.936893
0.938937
0.942795
0.948485
0.955982
0.964965
0.974422
0.982491
0.986549
0.970666
0.971649
0.971355
0.968167
0.962586
0.955656
0.948372
0.941727
0.936471
0.932979
0.931356
0.931564
0.933565
0.937312
0.942817
0.950213
0.959587
0.97027
0.980144
0.985817
0.97057
0.971308
0.97058
0.966847
0.960661
0.953137
0.945366
0.938395
0.932957
0.92937
0.927681
0.927842
0.929795
0.933447
0.938725
0.945762
0.955008
0.96643
0.978019
0.985264
0.970407
0.970975
0.970007
0.966014
0.959537
0.951743
0.943768
0.936659
0.931113
0.927416
0.925605
0.925648
0.927499
0.931048
0.936125
0.94273
0.951482
0.963104
0.976046
0.98491
0.970197
0.970688
0.969712
0.965816
0.959421
0.951683
0.943749
0.936636
0.93102
0.927191
0.92521
0.925065
0.926725
0.930083
0.934917
0.941058
0.949087
0.960476
0.974465
0.984717
0.969937
0.970427
0.969599
0.966054
0.960051
0.952681
0.945061
0.938158
0.932616
0.928737
0.92661
0.926239
0.927613
0.930635
0.935081
0.940685
0.947832
0.958552
0.973218
0.984696
0.969607
0.970176
0.969657
0.966746
0.961492
0.954838
0.947827
0.941354
0.93603
0.932176
0.92992
0.929267
0.930244
0.932756
0.936608
0.9415
0.947652
0.957435
0.972413
0.984813
0.969177
0.969863
0.96965
0.967429
0.96311
0.957445
0.951355
0.945627
0.940805
0.937196
0.93495
0.934065
0.934588
0.936445
0.939483
0.943498
0.948588
0.957112
0.971995
0.985075
0.968667
0.969503
0.969686
0.968274
0.965089
0.960671
0.955765
0.951024
0.946914
0.943708
0.941551
0.940466
0.940468
0.941538
0.943586
0.946515
0.950453
0.95746
0.971982
0.985486
0.968159
0.968982
0.969292
0.968464
0.966326
0.963231
0.959697
0.956203
0.953089
0.950566
0.948726
0.947624
0.947226
0.947572
0.948658
0.95047
0.953372
0.959046
0.972831
0.986186
0.9678
0.968799
0.969412
0.969079
0.967875
0.966008
0.963782
0.96149
0.959344
0.957505
0.956029
0.954986
0.954368
0.954214
0.954623
0.955556
0.957689
0.962049
0.974418
0.987068
0.962947
0.967718
0.967704
0.967535
0.966886
0.966022
0.965034
0.964116
0.963272
0.96265
0.962194
0.961987
0.961998
0.962211
0.962791
0.963532
0.965434
0.968746
0.978126
0.988579
0.973975
0.977121
0.978805
0.979814
0.980354
0.980691
0.980868
0.981048
0.981175
0.981374
0.98155
0.981816
0.982064
0.982401
0.982727
0.983178
0.983755
0.984971
0.987398
0.991671
)
;

boundaryField
{
    movingWall
    {
        type            fixedValue;
        value           uniform 1;
    }
    fixedWalls
    {
        type            zeroGradient;
    }
    frontAndBack
    {
        type            empty;
    }
}


// ************************************************************************* //
