/*--------------------------------*- C++ -*----------------------------------*\
| =========                 |                                                 |
| \\      /  F ield         | OpenFOAM: The Open Source CFD Toolbox           |
|  \\    /   O peration     | Version:  2212                                  |
|   \\  /    A nd           | Website:  www.openfoam.com                      |
|    \\/     M anipulation  |                                                 |
\*---------------------------------------------------------------------------*/
FoamFile
{
    version     2.0;
    format      ascii;
    arch        "LSB;label=32;scalar=64";
    class       surfaceScalarField;
    location    "1.6";
    object      phi;
}
// * * * * * * * * * * * * * * * * * * * * * * * * * * * * * * * * * * * * * //

dimensions      [0 3 -1 0 0 0 0];

oriented        oriented;

internalField   nonuniform List<scalar> 
760
(
5.78452e-08
-5.78449e-08
7.73121e-08
-1.9467e-08
3.91343e-08
3.81777e-08
-7.1452e-08
1.10586e-07
-2.85113e-07
2.13661e-07
-6.3906e-07
3.53947e-07
-1.15752e-06
5.1846e-07
-1.8162e-06
6.58677e-07
-2.51519e-06
6.98997e-07
-3.09805e-06
5.82854e-07
-3.41233e-06
3.14283e-07
-3.37103e-06
-4.13044e-08
-2.87812e-06
-4.92909e-07
-2.01201e-06
-8.6611e-07
-9.44951e-07
-1.06706e-06
3.90136e-08
-9.83965e-07
6.66726e-07
-6.27712e-07
7.0188e-07
-3.51539e-08
3.2975e-07
3.72129e-07
3.2975e-07
-2.34443e-08
-3.44007e-08
-1.74061e-07
1.3115e-07
-4.78503e-07
3.42619e-07
-9.89045e-07
6.21128e-07
-1.7608e-06
9.85419e-07
-2.80269e-06
1.39583e-06
-4.02842e-06
1.74419e-06
-5.25368e-06
1.88393e-06
-6.26525e-06
1.71057e-06
-6.90251e-06
1.22011e-06
-7.08333e-06
4.95104e-07
-6.75273e-06
-3.71904e-07
-5.93217e-06
-1.31346e-06
-4.64909e-06
-2.14919e-06
-3.02944e-06
-2.6867e-06
-1.32841e-06
-2.685e-06
4.97853e-09
-1.9611e-06
6.07588e-07
-6.37763e-07
3.96527e-07
5.8319e-07
7.26278e-07
-1.82806e-07
1.48405e-07
-6.08784e-07
5.57127e-07
-1.27111e-06
1.00495e-06
-2.22792e-06
1.57794e-06
-3.4978e-06
2.2553e-06
-4.98875e-06
2.88678e-06
-6.50369e-06
3.25913e-06
-7.82763e-06
3.20787e-06
-8.81961e-06
2.70256e-06
-9.41766e-06
1.81816e-06
-9.57974e-06
6.57182e-07
-9.28521e-06
-6.66435e-07
-8.55188e-06
-2.04679e-06
-7.3439e-06
-3.35718e-06
-5.65778e-06
-4.37282e-06
-3.60094e-06
-4.74184e-06
-1.51702e-06
-4.04502e-06
-6.88779e-08
-2.0859e-06
2.57901e-07
2.56411e-07
9.84179e-07
-3.76799e-07
5.25205e-07
-1.10328e-06
1.28361e-06
-2.11193e-06
2.0136e-06
-3.43119e-06
2.8972e-06
-5.01038e-06
3.83449e-06
-6.67968e-06
4.55608e-06
-8.22365e-06
4.8031e-06
-9.48396e-06
4.46818e-06
-1.04008e-05
3.61943e-06
-1.09706e-05
2.38788e-06
-1.11775e-05
8.6409e-07
-1.10302e-05
-8.1365e-07
-1.0546e-05
-2.53099e-06
-9.6418e-06
-4.26142e-06
-8.21214e-06
-5.80248e-06
-6.16733e-06
-6.78665e-06
-3.60021e-06
-6.61213e-06
-1.0977e-06
-4.58842e-06
1.174e-07
-9.58685e-07
1.10158e-06
-5.56138e-07
1.08134e-06
-1.53624e-06
2.2637e-06
-2.79824e-06
3.27561e-06
-4.32033e-06
4.41929e-06
-5.98972e-06
5.50388e-06
-7.60553e-06
6.17189e-06
-8.98327e-06
6.18083e-06
-1.00349e-05
5.51977e-06
-1.07609e-05
4.34551e-06
-1.12002e-05
2.8271e-06
-1.14009e-05
1.06486e-06
-1.13941e-05
-8.20491e-07
-1.11886e-05
-2.73649e-06
-1.0714e-05
-4.73604e-06
-9.81227e-06
-6.70417e-06
-8.24223e-06
-8.35669e-06
-5.79019e-06
-9.06417e-06
-2.63809e-06
-7.74053e-06
-2.00838e-07
-3.39594e-06
9.00741e-07
-6.70834e-07
1.75218e-06
-1.79885e-06
3.39172e-06
-3.16642e-06
4.64318e-06
-4.69879e-06
5.95166e-06
-6.24736e-06
7.05245e-06
-7.62453e-06
7.54906e-06
-8.69992e-06
7.25623e-06
-9.44355e-06
6.2634e-06
-9.89811e-06
4.80007e-06
-1.01363e-05
3.06528e-06
-1.02549e-05
1.18351e-06
-1.03157e-05
-7.59732e-07
-1.03122e-05
-2.74e-06
-1.02376e-05
-4.81061e-06
-9.95732e-06
-6.98448e-06
-9.16441e-06
-9.1496e-06
-7.42419e-06
-1.08044e-05
-4.44515e-06
-1.07196e-05
-9.36489e-07
-6.90459e-06
-3.57482e-08
-6.86234e-07
2.43841e-06
-1.82603e-06
4.53152e-06
-3.14201e-06
5.95915e-06
-4.52025e-06
7.3299e-06
-5.81298e-06
8.34518e-06
-6.87412e-06
8.6102e-06
-7.62718e-06
8.00928e-06
-8.08349e-06
6.71971e-06
-8.3104e-06
5.02698e-06
-8.39434e-06
3.14922e-06
-8.42196e-06
1.21113e-06
-8.45637e-06
-7.25324e-07
-8.51946e-06
-2.6769e-06
-8.65291e-06
-4.67716e-06
-8.81476e-06
-6.82263e-06
-8.76168e-06
-9.20268e-06
-7.97767e-06
-1.15884e-05
-5.79909e-06
-1.28982e-05
-2.03248e-06
-1.06712e-05
-2.06823e-06
-5.96236e-07
3.03465e-06
-1.61657e-06
5.55186e-06
-2.75705e-06
7.09963e-06
-3.88332e-06
8.45617e-06
-4.87539e-06
9.33725e-06
-5.63806e-06
9.37287e-06
-6.14021e-06
8.51143e-06
-6.41784e-06
6.99734e-06
-6.5432e-06
5.15234e-06
-6.58867e-06
3.19469e-06
-6.6046e-06
1.22705e-06
-6.61404e-06
-7.15883e-07
-6.65444e-06
-2.6365e-06
-6.79466e-06
-4.53694e-06
-7.09048e-06
-6.52682e-06
-7.45272e-06
-8.84043e-06
-7.42441e-06
-1.16167e-05
-6.18566e-06
-1.41369e-05
-3.10249e-06
-1.37544e-05
-5.17072e-06
-4.2028e-07
3.45493e-06
-1.22102e-06
6.35259e-06
-2.11018e-06
7.98879e-06
-2.94616e-06
9.29215e-06
-3.64611e-06
1.00372e-05
-4.16414e-06
9.8909e-06
-4.50257e-06
8.84986e-06
-4.70472e-06
7.1995e-06
-4.82925e-06
5.27687e-06
-4.91989e-06
3.28533e-06
-4.98606e-06
1.29323e-06
-5.01709e-06
-6.84854e-07
-5.03555e-06
-2.61804e-06
-5.10684e-06
-4.46565e-06
-5.35076e-06
-6.2829e-06
-5.81882e-06
-8.37237e-06
-6.23798e-06
-1.11976e-05
-5.79264e-06
-1.45822e-05
-3.60837e-06
-1.59386e-05
-8.77908e-06
-1.87648e-07
3.64257e-06
-7.07357e-07
6.8723e-06
-1.3082e-06
8.58963e-06
-1.84763e-06
9.83158e-06
-2.27763e-06
1.04672e-05
-2.59495e-06
1.02082e-05
-2.8214e-06
9.0763e-06
-2.99342e-06
7.37152e-06
-3.14516e-06
5.42861e-06
-3.29173e-06
3.4319e-06
-3.4214e-06
1.4229e-06
-3.5099e-06
-5.96357e-07
-3.55846e-06
-2.56948e-06
-3.60505e-06
-4.41907e-06
-3.76741e-06
-6.12053e-06
-4.20818e-06
-7.93161e-06
-4.84584e-06
-1.05599e-05
-4.96431e-06
-1.44638e-05
-3.41133e-06
-1.74916e-05
-1.21904e-05
6.17303e-08
3.58084e-06
-1.47519e-07
7.08155e-06
-4.51768e-07
8.89388e-06
-7.03147e-07
1.0083e-05
-8.83816e-07
1.06479e-05
-1.01527e-06
1.03397e-05
-1.12906e-06
9.19009e-06
-1.25457e-06
7.49703e-06
-1.40403e-06
5.57808e-06
-1.57244e-06
3.60031e-06
-1.74543e-06
1.59589e-06
-1.90592e-06
-4.35869e-07
-2.03595e-06
-2.43945e-06
-2.14961e-06
-4.30541e-06
-2.32268e-06
-5.94746e-06
-2.73702e-06
-7.51726e-06
-3.47697e-06
-9.81994e-06
-3.98169e-06
-1.39591e-05
-2.97411e-06
-1.84992e-05
-1.51645e-05
2.65447e-07
3.3154e-06
3.62776e-07
6.98422e-06
3.70362e-07
8.88629e-06
4.12015e-07
1.00413e-05
4.89273e-07
1.05706e-05
5.60647e-07
1.02683e-05
5.83523e-07
9.16721e-06
5.39448e-07
7.5411e-06
4.35667e-07
5.68186e-06
2.87876e-07
3.7481e-06
1.06512e-07
1.77725e-06
-1.04026e-07
-2.25331e-07
-3.39439e-07
-2.20403e-06
-6.00861e-07
-4.04398e-06
-9.14191e-07
-5.63413e-06
-1.38455e-06
-7.0469e-06
-2.21506e-06
-8.98943e-06
-3.00874e-06
-1.31654e-05
-2.49182e-06
-1.90161e-05
-1.76563e-05
4.11497e-07
2.9039e-06
7.82349e-07
6.61337e-06
1.0736e-06
8.59505e-06
1.40418e-06
9.71073e-06
1.77064e-06
1.02041e-05
2.08888e-06
9.95007e-06
2.29578e-06
8.96031e-06
2.3794e-06
7.45749e-06
2.36075e-06
5.7005e-06
2.26136e-06
3.84749e-06
2.08448e-06
1.95413e-06
1.80505e-06
5.40911e-08
1.45703e-06
-1.85601e-06
1.02813e-06
-3.61508e-06
5.2093e-07
-5.12694e-06
-1.50631e-07
-6.37534e-06
-1.07049e-06
-8.06958e-06
-2.08972e-06
-1.21461e-05
-2.01166e-06
-1.90942e-05
-1.9668e-05
4.69627e-07
2.43427e-06
1.05364e-06
6.02935e-06
1.60397e-06
8.04471e-06
2.20523e-06
9.10947e-06
2.8509e-06
9.55848e-06
3.4413e-06
9.35967e-06
3.88917e-06
8.51243e-06
4.16508e-06
7.18158e-06
4.28289e-06
5.58269e-06
4.26282e-06
3.86757e-06
4.10379e-06
2.11316e-06
3.79582e-06
3.6206e-07
3.32382e-06
-1.384e-06
2.7064e-06
-2.99766e-06
1.96103e-06
-4.38156e-06
1.11067e-06
-5.52498e-06
1.31154e-08
-6.97203e-06
-1.22586e-06
-1.09072e-05
-1.55509e-06
-1.8765e-05
-2.12231e-05
4.18101e-07
2.01617e-06
1.09498e-06
5.35248e-06
1.84054e-06
7.29915e-06
2.68759e-06
8.26242e-06
3.61226e-06
8.63381e-06
4.50068e-06
8.47126e-06
5.23733e-06
7.77579e-06
5.76351e-06
6.65539e-06
6.07121e-06
5.27499e-06
6.17034e-06
3.76843e-06
6.06097e-06
2.22254e-06
5.72947e-06
6.93564e-07
5.15078e-06
-8.05322e-07
4.35663e-06
-2.20351e-06
3.37274e-06
-3.39768e-06
2.27085e-06
-4.42309e-06
9.91561e-07
-5.69274e-06
-4.31184e-07
-9.48441e-06
-1.09746e-06
-1.80987e-05
-2.23206e-05
2.69443e-07
1.74673e-06
9.12919e-07
4.709e-06
1.80516e-06
6.40691e-06
2.86632e-06
7.20125e-06
4.04274e-06
7.45739e-06
5.21379e-06
7.3002e-06
6.24269e-06
6.74689e-06
7.04045e-06
5.85763e-06
7.56978e-06
4.74567e-06
7.82123e-06
3.51698e-06
7.78977e-06
2.254e-06
7.47159e-06
1.01174e-06
6.81674e-06
-1.50467e-07
5.88059e-06
-1.26736e-06
4.69054e-06
-2.20762e-06
3.35787e-06
-3.09043e-06
1.93911e-06
-4.27397e-06
4.12195e-07
-7.95749e-06
-4.46147e-07
-1.72403e-05
-2.27667e-05
-5.35088e-08
1.80024e-06
3.23709e-07
4.33179e-06
1.2486e-06
5.48202e-06
2.51923e-06
5.93062e-06
3.96258e-06
6.01404e-06
5.421e-06
5.84178e-06
6.74431e-06
5.42358e-06
7.82694e-06
4.775e-06
8.60139e-06
3.97122e-06
9.04012e-06
3.07825e-06
9.1207e-06
2.17343e-06
8.84168e-06
1.29076e-06
8.20771e-06
4.83501e-07
7.20281e-06
-2.62461e-07
5.91973e-06
-9.24538e-07
4.46907e-06
-1.63977e-06
3.03837e-06
-2.84327e-06
1.67764e-06
-6.59676e-06
4.24021e-07
-1.59867e-05
-2.23427e-05
-4.19763e-07
2.22e-06
-1.94687e-07
4.10671e-06
6.86747e-07
4.60059e-06
2.04926e-06
4.5681e-06
3.65811e-06
4.4052e-06
5.30504e-06
4.19485e-06
6.82762e-06
3.901e-06
8.11844e-06
3.48418e-06
9.09033e-06
2.99933e-06
9.71143e-06
2.45715e-06
9.95444e-06
1.93041e-06
9.83269e-06
1.41251e-06
9.34972e-06
9.66467e-07
8.54867e-06
5.38589e-07
7.49738e-06
1.2675e-07
6.31045e-06
-4.52837e-07
5.16768e-06
-1.70051e-06
3.8382e-06
-5.26728e-06
1.80111e-06
-1.39496e-05
-2.05416e-05
-4.05529e-06
6.2753e-06
-3.66356e-06
3.71498e-06
-1.78444e-06
2.72146e-06
3.56707e-07
2.42696e-06
2.48882e-06
2.27309e-06
4.56563e-06
2.11803e-06
6.50925e-06
1.95738e-06
8.24011e-06
1.75331e-06
9.69e-06
1.54945e-06
1.08369e-05
1.31026e-06
1.16623e-05
1.10496e-06
1.21927e-05
8.82196e-07
1.24283e-05
7.30787e-07
1.24216e-05
5.45317e-07
1.21567e-05
3.91613e-07
1.16456e-05
5.83174e-08
1.09805e-05
-1.03538e-06
9.66284e-06
-3.94966e-06
5.45374e-06
-9.74053e-06
-1.50878e-05
6.2753e-06
9.99027e-06
1.27117e-05
1.51387e-05
1.74118e-05
1.95298e-05
2.14872e-05
2.32405e-05
2.479e-05
2.61002e-05
2.72052e-05
2.80874e-05
2.88182e-05
2.93635e-05
2.97551e-05
2.98134e-05
2.8778e-05
2.48284e-05
1.50878e-05
)
;

boundaryField
{
    movingWall
    {
        type            calculated;
        value           uniform 0;
    }
    fixedWalls
    {
        type            calculated;
        value           uniform 0;
    }
    frontAndBack
    {
        type            empty;
        value           nonuniform List<scalar> 0();
    }
}


// ************************************************************************* //
