/*--------------------------------*- C++ -*----------------------------------*\
| =========                 |                                                 |
| \\      /  F ield         | OpenFOAM: The Open Source CFD Toolbox           |
|  \\    /   O peration     | Version:  2212                                  |
|   \\  /    A nd           | Website:  www.openfoam.com                      |
|    \\/     M anipulation  |                                                 |
\*---------------------------------------------------------------------------*/
FoamFile
{
    version     2.0;
    format      ascii;
    arch        "LSB;label=32;scalar=64";
    class       volScalarField;
    location    "1.6";
    object      T;
}
// * * * * * * * * * * * * * * * * * * * * * * * * * * * * * * * * * * * * * //

dimensions      [0 0 0 1 0 0 0];

internalField   nonuniform List<scalar> 
400
(
0.00392412
0.00800677
0.018296
0.0385022
0.0727354
0.123188
0.186637
0.252607
0.307497
0.34384
0.364355
0.375161
0.379542
0.376766
0.365648
0.342198
0.301266
0.238381
0.168275
0.122587
0.00701511
0.0146545
0.0334759
0.0686095
0.123722
0.1964
0.274185
0.339667
0.384156
0.411922
0.430222
0.442773
0.450687
0.452283
0.44489
0.421834
0.373782
0.293095
0.201045
0.144222
0.0136023
0.0289999
0.0650659
0.12574
0.207703
0.296833
0.372687
0.423235
0.452424
0.46998
0.481945
0.491906
0.501692
0.510689
0.515454
0.506982
0.46947
0.382617
0.259594
0.184902
0.0237833
0.051124
0.110713
0.198362
0.297164
0.383045
0.437851
0.461816
0.468003
0.467416
0.46659
0.470446
0.481361
0.499857
0.524017
0.545701
0.546855
0.494133
0.359071
0.252187
0.0366738
0.078441
0.162302
0.268969
0.367389
0.431577
0.453994
0.447824
0.43121
0.414735
0.404294
0.403472
0.413845
0.436962
0.474283
0.52269
0.569457
0.581797
0.497288
0.349213
0.0504557
0.106255
0.209705
0.323673
0.407752
0.442152
0.433317
0.40446
0.37487
0.352405
0.339577
0.33632
0.342778
0.361548
0.397627
0.454729
0.529206
0.599876
0.609382
0.468868
0.0630726
0.130012
0.246117
0.358415
0.422805
0.429927
0.399311
0.360226
0.330165
0.312456
0.304598
0.302313
0.303975
0.312424
0.335395
0.383379
0.461837
0.560561
0.641756
0.603559
0.0729491
0.146978
0.269527
0.376341
0.422983
0.410622
0.368965
0.330135
0.308263
0.301385
0.302034
0.303051
0.301525
0.299001
0.303621
0.331645
0.399314
0.505421
0.62076
0.682158
0.0792228
0.156285
0.280888
0.382583
0.417113
0.39365
0.34887
0.315668
0.304445
0.308321
0.316382
0.32101
0.31943
0.310945
0.299713
0.303046
0.349671
0.453279
0.585451
0.677542
0.0815603
0.158239
0.281988
0.381061
0.410339
0.382834
0.339039
0.311742
0.308425
0.318753
0.330384
0.337256
0.338326
0.331316
0.313654
0.296383
0.31615
0.408531
0.555845
0.669802
0.0797725
0.15325
0.274111
0.373741
0.404411
0.378341
0.337
0.312906
0.312385
0.323912
0.335256
0.342412
0.346739
0.345828
0.33108
0.302879
0.297051
0.37118
0.527214
0.666353
0.0743028
0.142653
0.25845
0.360677
0.398746
0.3791
0.341001
0.3169
0.31429
0.323015
0.331931
0.338372
0.34543
0.351439
0.344342
0.314284
0.288765
0.34298
0.504588
0.664221
0.06557
0.127357
0.235786
0.340957
0.390999
0.38303
0.350366
0.324754
0.316792
0.320187
0.325956
0.331849
0.34096
0.351925
0.351912
0.324738
0.286144
0.320477
0.485434
0.665125
0.0547023
0.108861
0.207226
0.313
0.377183
0.38629
0.363736
0.338584
0.324951
0.322094
0.324527
0.330085
0.340303
0.352938
0.355869
0.331938
0.286404
0.303993
0.471416
0.667631
0.0434297
0.0890365
0.174789
0.276445
0.352635
0.382287
0.376502
0.358255
0.343245
0.335995
0.335229
0.339329
0.347913
0.35739
0.357426
0.333787
0.285884
0.29136
0.461552
0.672621
0.0338927
0.0716427
0.143122
0.23379
0.314216
0.362183
0.377706
0.374507
0.366006
0.359326
0.356544
0.357207
0.360107
0.36146
0.354001
0.328772
0.283772
0.28321
0.457099
0.67954
0.0266675
0.0558339
0.113598
0.188953
0.262707
0.318331
0.350711
0.364897
0.36879
0.36823
0.366314
0.36361
0.359706
0.352393
0.33856
0.314597
0.28058
0.282184
0.461567
0.690822
0.0322357
0.0545743
0.0984224
0.153609
0.210099
0.258111
0.29318
0.315028
0.327
0.331847
0.332347
0.32958
0.324645
0.317246
0.307928
0.295869
0.285528
0.302978
0.482463
0.707071
-0.116991
0.0311966
0.0642216
0.10329
0.138959
0.171869
0.199793
0.222971
0.24109
0.256524
0.268965
0.280636
0.291035
0.300755
0.311795
0.320853
0.34178
0.382952
0.535968
0.733441
0.209607
0.29905
0.355201
0.396449
0.42788
0.454654
0.476946
0.497807
0.515603
0.533362
0.548584
0.564587
0.578089
0.592826
0.604939
0.619368
0.632069
0.657916
0.702574
0.794798
)
;

boundaryField
{
    movingWall
    {
        type            fixedValue;
        value           uniform 1;
    }
    fixedWalls
    {
        type            zeroGradient;
    }
    frontAndBack
    {
        type            empty;
    }
}


// ************************************************************************* //
