/*--------------------------------*- C++ -*----------------------------------*\
| =========                 |                                                 |
| \\      /  F ield         | OpenFOAM: The Open Source CFD Toolbox           |
|  \\    /   O peration     | Version:  2212                                  |
|   \\  /    A nd           | Website:  www.openfoam.com                      |
|    \\/     M anipulation  |                                                 |
\*---------------------------------------------------------------------------*/
FoamFile
{
    version     2.0;
    format      ascii;
    arch        "LSB;label=32;scalar=64";
    class       volScalarField;
    location    "6.1";
    object      p;
}
// * * * * * * * * * * * * * * * * * * * * * * * * * * * * * * * * * * * * * //

dimensions      [0 2 -2 0 0 0 0];

internalField   nonuniform List<scalar> 
400
(
3.95918e-07
-0.00015033
-0.000533855
-0.00107043
-0.00173043
-0.00249098
-0.00318132
-0.00359344
-0.00356109
-0.00293013
-0.00154553
0.000620893
0.00325009
0.00551533
0.00653814
0.0059322
0.00401571
0.0021655
0.00112672
0.00105722
0.000116513
-5.76786e-05
-0.000376144
-0.000762914
-0.00124241
-0.00188581
-0.00270278
-0.0035388
-0.00407436
-0.00393272
-0.00284169
-0.000821645
0.00169151
0.0039637
0.00513047
0.00475346
0.00311804
0.00139124
0.000609739
0.000700023
0.000536174
0.000265175
-7.66297e-05
-0.000558478
-0.00134523
-0.00257682
-0.00421271
-0.00597432
-0.00739065
-0.00793107
-0.00725229
-0.00545177
-0.00288313
-0.000186704
0.00180109
0.00244016
0.00172467
0.000519486
-0.000378546
-0.000376165
0.00115054
0.000740403
0.000191925
-0.000773337
-0.00244697
-0.00492938
-0.00798116
-0.0111007
-0.0136788
-0.0151498
-0.0151797
-0.0138147
-0.0112714
-0.00800985
-0.0047349
-0.00219291
-0.000853302
-0.000688829
-0.00127107
-0.00190085
0.00157984
0.000971301
-2.33445e-05
-0.00192096
-0.00499763
-0.00916291
-0.0138871
-0.0184438
-0.0221725
-0.0246043
-0.0254785
-0.0246749
-0.0223203
-0.0187064
-0.0142736
-0.00963006
-0.00557071
-0.00293046
-0.00217621
-0.00399943
0.00128847
0.000441772
-0.00119701
-0.00429736
-0.00898796
-0.014851
-0.0210295
-0.0266591
-0.0311243
-0.0341043
-0.0354684
-0.0351146
-0.0331283
-0.029659
-0.0248498
-0.0189216
-0.0124754
-0.00692606
-0.00438237
-0.00650351
-5.28995e-05
-0.00114985
-0.00349617
-0.00778345
-0.0139049
-0.0210699
-0.0281743
-0.0343293
-0.0390364
-0.04213
-0.0436136
-0.0435062
-0.0418759
-0.0387935
-0.0342396
-0.0281005
-0.0204966
-0.0126729
-0.00783303
-0.00772923
-0.00245247
-0.00374128
-0.00669019
-0.0118917
-0.0190002
-0.0269218
-0.0344231
-0.0406782
-0.0453327
-0.0483465
-0.0498032
-0.0497959
-0.0484037
-0.045676
-0.0415677
-0.0358509
-0.028268
-0.0193303
-0.0117956
-0.00796285
-0.00553511
-0.00690937
-0.0102488
-0.0159914
-0.0236067
-0.0318146
-0.0393524
-0.045491
-0.0499953
-0.0529002
-0.0543216
-0.0543625
-0.0530976
-0.0505872
-0.0468447
-0.0417175
-0.0347948
-0.0258944
-0.0166737
-0.00997173
-0.00872607
-0.0100746
-0.0135764
-0.0195036
-0.0272249
-0.0354
-0.0427986
-0.0487707
-0.0531478
-0.0559886
-0.0574033
-0.0574748
-0.0562663
-0.0538513
-0.0503151
-0.0456503
-0.0395482
-0.0314596
-0.0222753
-0.0143066
-0.0114921
-0.0127422
-0.016193
-0.02201
-0.0295388
-0.0374935
-0.0447035
-0.0505493
-0.0548687
-0.0577017
-0.0591341
-0.0592256
-0.0580266
-0.0556159
-0.0521393
-0.0477327
-0.0423379
-0.0353116
-0.0271446
-0.0191368
-0.0135348
-0.0146004
-0.0178271
-0.0232689
-0.0303605
-0.0379654
-0.0449922
-0.0507967
-0.0551515
-0.0580442
-0.0595216
-0.059624
-0.0583925
-0.0559071
-0.052366
-0.0480177
-0.0431139
-0.0369858
-0.0299774
-0.0223713
-0.0148221
-0.0155494
-0.0183236
-0.0231654
-0.0296261
-0.0367855
-0.0436439
-0.0494925
-0.0539832
-0.0570108
-0.0585698
-0.0586771
-0.0573687
-0.0547471
-0.0510354
-0.0465441
-0.0418815
-0.0362383
-0.0301779
-0.0228544
-0.0154529
-0.0157053
-0.0177526
-0.0217074
-0.0273308
-0.0339487
-0.0406418
-0.0466062
-0.0513354
-0.0545931
-0.0562975
-0.0564389
-0.0550284
-0.0522005
-0.048221
-0.0434869
-0.0386644
-0.0330963
-0.0280639
-0.0202506
-0.0155606
-0.0152841
-0.016319
-0.0190581
-0.0236071
-0.0295672
-0.036081
-0.0422211
-0.0472909
-0.0508859
-0.0528177
-0.0530218
-0.0515405
-0.0484619
-0.044125
-0.0389827
-0.0337393
-0.0280497
-0.024215
-0.0143766
-0.0152648
-0.0145392
-0.0142484
-0.0154077
-0.0186549
-0.0238474
-0.030163
-0.0365238
-0.042026
-0.0460732
-0.0483528
-0.0487308
-0.0472288
-0.0439177
-0.0391738
-0.0334748
-0.0276254
-0.0216332
-0.0180665
-0.0038487
-0.0146526
-0.0136106
-0.0117014
-0.0110751
-0.0129409
-0.0173541
-0.0234891
-0.0301044
-0.0361071
-0.0407095
-0.043468
-0.0441515
-0.042751
-0.039298
-0.0341351
-0.0276711
-0.020693
-0.0133085
-0.00683011
0.016014
-0.0145777
-0.0126532
-0.00864975
-0.00624038
-0.00691341
-0.0107389
-0.0167944
-0.0236966
-0.0302356
-0.0354604
-0.0388157
-0.0399473
-0.0388
-0.0353896
-0.0298647
-0.022277
-0.0129057
-0.000745833
0.0166263
0.057007
-0.011793
-0.011831
-0.00573487
-0.0017909
-0.0017806
-0.00541206
-0.0115672
-0.0187877
-0.0258288
-0.0316245
-0.0355895
-0.0372876
-0.0366191
-0.0333072
-0.0272036
-0.0175535
-0.00319323
0.0204199
0.060627
0.129759
-0.0295135
-0.0106327
-0.00062204
0.00306031
0.00242744
-0.00157007
-0.00799774
-0.0155327
-0.0229359
-0.0291169
-0.0334645
-0.0355182
-0.0351387
-0.0319101
-0.0252068
-0.0128692
0.00938134
0.0511071
0.122809
0.22602
)
;

boundaryField
{
    movingWall
    {
        type            zeroGradient;
    }
    fixedWalls
    {
        type            zeroGradient;
    }
    frontAndBack
    {
        type            empty;
    }
}


// ************************************************************************* //
