/*--------------------------------*- C++ -*----------------------------------*\
| =========                 |                                                 |
| \\      /  F ield         | OpenFOAM: The Open Source CFD Toolbox           |
|  \\    /   O peration     | Version:  2212                                  |
|   \\  /    A nd           | Website:  www.openfoam.com                      |
|    \\/     M anipulation  |                                                 |
\*---------------------------------------------------------------------------*/
FoamFile
{
    version     2.0;
    format      ascii;
    arch        "LSB;label=32;scalar=64";
    class       surfaceScalarField;
    location    "6.1";
    object      phi;
}
// * * * * * * * * * * * * * * * * * * * * * * * * * * * * * * * * * * * * * //

dimensions      [0 3 -1 0 0 0 0];

oriented        oriented;

internalField   nonuniform List<scalar> 
760
(
1.55805e-07
-1.55842e-07
2.9302e-07
-1.37214e-07
3.09232e-07
-1.62128e-08
1.82931e-07
1.26301e-07
-1.20871e-07
3.03802e-07
-6.66008e-07
5.45136e-07
-1.48451e-06
8.18499e-07
-2.48912e-06
1.00461e-06
-3.47786e-06
9.88748e-07
-4.21765e-06
7.39789e-07
-4.54161e-06
3.23953e-07
-4.35224e-06
-1.89369e-07
-3.59365e-06
-7.58585e-07
-2.38026e-06
-1.2134e-06
-9.42394e-07
-1.43786e-06
3.44859e-07
-1.28725e-06
1.08754e-06
-7.42678e-07
1.03175e-06
5.57895e-08
4.60549e-07
5.71195e-07
4.60549e-07
1.24557e-07
-2.80398e-07
7.37116e-08
-8.63693e-08
-2.97866e-07
3.55364e-07
-1.07915e-06
9.07584e-07
-2.31498e-06
1.53963e-06
-3.92481e-06
2.15497e-06
-5.65812e-06
2.5518e-06
-7.20171e-06
2.54821e-06
-8.33109e-06
2.11813e-06
-8.9365e-06
1.34519e-06
-8.97099e-06
3.58447e-07
-8.41202e-06
-7.48341e-07
-7.29088e-06
-1.87972e-06
-5.64092e-06
-2.86335e-06
-3.60628e-06
-3.47251e-06
-1.49182e-06
-3.4017e-06
1.7655e-07
-2.41105e-06
8.57404e-07
-6.25064e-07
5.25107e-07
9.03494e-07
9.85655e-07
-1.27989e-07
-1.52409e-07
-6.34305e-07
4.19946e-07
-1.62459e-06
1.34564e-06
-3.13963e-06
2.42262e-06
-5.05366e-06
3.45366e-06
-7.0675e-06
4.16881e-06
-8.866e-06
4.35029e-06
-1.02691e-05
3.95133e-06
-1.12252e-05
3.07421e-06
-1.17265e-05
1.84651e-06
-1.17211e-05
3.52984e-07
-1.12629e-05
-1.20646e-06
-1.03315e-05
-2.81114e-06
-8.87257e-06
-4.32231e-06
-6.86627e-06
-5.47881e-06
-4.40187e-06
-5.8661e-06
-1.87893e-06
-4.934e-06
-8.72179e-08
-2.41677e-06
2.94375e-07
5.21901e-07
1.28003e-06
-5.00394e-07
3.47984e-07
-1.55916e-06
1.47871e-06
-3.11714e-06
2.90362e-06
-5.07689e-06
4.38238e-06
-7.17851e-06
5.55528e-06
-9.11451e-06
6.10482e-06
-1.06828e-05
5.91857e-06
-1.18408e-05
5.10933e-06
-1.26166e-05
3.84998e-06
-1.30448e-05
2.27476e-06
-1.31102e-05
4.18354e-07
-1.28714e-05
-1.44526e-06
-1.22898e-05
-3.39274e-06
-1.12636e-05
-5.34853e-06
-9.66187e-06
-7.08049e-06
-7.36004e-06
-8.16793e-06
-4.39659e-06
-7.89745e-06
-1.37802e-06
-5.43534e-06
1.204e-07
-9.76523e-07
1.40043e-06
-8.61199e-07
1.20918e-06
-2.35947e-06
2.97698e-06
-4.22846e-06
4.77261e-06
-6.27346e-06
6.42738e-06
-8.21367e-06
7.49549e-06
-9.82658e-06
7.71772e-06
-1.10355e-05
7.12744e-06
-1.18668e-05
5.94066e-06
-1.23824e-05
4.36562e-06
-1.26551e-05
2.54745e-06
-1.27757e-05
5.38898e-07
-1.27307e-05
-1.49022e-06
-1.25113e-05
-3.61214e-06
-1.20384e-05
-5.82143e-06
-1.11257e-05
-7.99324e-06
-9.4851e-06
-9.80848e-06
-6.81743e-06
-1.05651e-05
-3.22123e-06
-9.03154e-06
-2.61433e-07
-3.93632e-06
1.139e-06
-1.08576e-06
2.29494e-06
-2.78131e-06
4.67254e-06
-4.67281e-06
6.66412e-06
-6.5286e-06
8.28317e-06
-8.12459e-06
9.09148e-06
-9.32977e-06
8.92291e-06
-1.014e-05
7.93768e-06
-1.06204e-05
6.42104e-06
-1.08612e-05
4.60643e-06
-1.09623e-05
2.64856e-06
-1.10452e-05
6.21781e-07
-1.10964e-05
-1.439e-06
-1.1132e-05
-3.57657e-06
-1.11228e-05
-5.83063e-06
-1.09152e-05
-8.20081e-06
-1.01821e-05
-1.05416e-05
-8.42919e-06
-1.2318e-05
-5.24091e-06
-1.22198e-05
-1.1581e-06
-8.01913e-06
-1.91051e-08
-1.10952e-06
3.40446e-06
-2.75547e-06
6.31848e-06
-4.45125e-06
8.3599e-06
-5.98522e-06
9.81715e-06
-7.1974e-06
1.03037e-05
-8.02535e-06
9.75085e-06
-8.50666e-06
8.419e-06
-8.72831e-06
6.64268e-06
-8.7939e-06
4.67201e-06
-8.80044e-06
2.65511e-06
-8.83045e-06
6.51785e-07
-8.90234e-06
-1.36711e-06
-9.03601e-06
-3.44291e-06
-9.24292e-06
-5.62372e-06
-9.46659e-06
-7.97713e-06
-9.47574e-06
-1.05325e-05
-8.75142e-06
-1.30423e-05
-6.53572e-06
-1.44355e-05
-2.42281e-06
-1.2132e-05
-2.44192e-06
-9.34923e-07
4.33938e-06
-2.34522e-06
7.72877e-06
-3.73121e-06
9.74589e-06
-4.90944e-06
1.09954e-05
-5.77895e-06
1.11732e-05
-6.32279e-06
1.02947e-05
-6.59801e-06
8.69422e-06
-6.6956e-06
6.74028e-06
-6.71165e-06
4.68807e-06
-6.71922e-06
2.66268e-06
-6.75406e-06
6.86615e-07
-6.83313e-06
-1.28804e-06
-6.97745e-06
-3.29859e-06
-7.21759e-06
-5.38358e-06
-7.57077e-06
-7.62395e-06
-7.94627e-06
-1.0157e-05
-7.93436e-06
-1.30542e-05
-6.71718e-06
-1.56527e-05
-3.58628e-06
-1.52629e-05
-6.0282e-06
-6.24688e-07
4.96407e-06
-1.68665e-06
8.79073e-06
-2.71931e-06
1.07785e-05
-3.558e-06
1.18341e-05
-4.14718e-06
1.17623e-05
-4.49688e-06
1.06444e-05
-4.66593e-06
8.86327e-06
-4.73272e-06
6.80707e-06
-4.76959e-06
4.72494e-06
-4.82009e-06
2.71318e-06
-4.89424e-06
7.60771e-07
-4.99841e-06
-1.18387e-06
-5.14243e-06
-3.15456e-06
-5.35493e-06
-5.17108e-06
-5.69099e-06
-7.28789e-06
-6.16428e-06
-9.68366e-06
-6.55707e-06
-1.26614e-05
-6.1285e-06
-1.60813e-05
-3.92402e-06
-1.74674e-05
-9.95222e-06
-2.32511e-07
5.19658e-06
-8.93055e-07
9.45128e-06
-1.56449e-06
1.145e-05
-2.09396e-06
1.23635e-05
-2.45372e-06
1.21221e-05
-2.66799e-06
1.08587e-05
-2.78495e-06
8.98023e-06
-2.85786e-06
6.87998e-06
-2.93138e-06
4.79845e-06
-3.02748e-06
2.80928e-06
-3.14893e-06
8.82225e-07
-3.29534e-06
-1.03747e-06
-3.46682e-06
-2.98308e-06
-3.67557e-06
-4.96233e-06
-3.97221e-06
-6.99125e-06
-4.43898e-06
-9.21689e-06
-5.02362e-06
-1.20768e-05
-5.12443e-06
-1.59805e-05
-3.55884e-06
-1.9033e-05
-1.35111e-05
1.6371e-07
5.03287e-06
-6.99211e-08
9.68491e-06
-4.02793e-07
1.17829e-05
-6.53743e-07
1.26145e-05
-8.08642e-07
1.2277e-05
-8.98596e-07
1.09486e-05
-9.63009e-07
9.04464e-06
-1.03378e-06
6.95076e-06
-1.12751e-06
4.89218e-06
-1.25196e-06
2.93373e-06
-1.40965e-06
1.03992e-06
-1.60274e-06
-8.44376e-07
-1.82976e-06
-2.75607e-06
-2.0885e-06
-4.70358e-06
-2.40644e-06
-6.67332e-06
-2.87536e-06
-8.74797e-06
-3.56012e-06
-1.1392e-05
-4.02573e-06
-1.55148e-05
-3.02597e-06
-2.00328e-05
-1.6537e-05
5.01646e-07
4.53123e-06
6.99706e-07
9.48685e-06
7.4306e-07
1.17395e-05
7.78823e-07
1.25787e-05
8.23859e-07
1.2232e-05
8.52804e-07
1.09197e-05
8.45943e-07
9.0515e-06
7.95053e-07
7.00165e-06
7.011e-07
4.98613e-06
5.65855e-07
3.06897e-06
3.84212e-07
1.22156e-06
1.4998e-07
-6.10145e-07
-1.38492e-07
-2.46759e-06
-4.8787e-07
-4.35421e-06
-9.02062e-07
-6.25913e-06
-1.42501e-06
-8.22502e-06
-2.20413e-06
-1.06129e-05
-2.95426e-06
-1.47647e-05
-2.4611e-06
-2.05259e-05
-1.89981e-05
7.58176e-07
3.77305e-06
1.35701e-06
8.88802e-06
1.7508e-06
1.13457e-05
2.08125e-06
1.22483e-05
2.35527e-06
1.19579e-05
2.54263e-06
1.07323e-05
2.63512e-06
8.959e-06
2.64349e-06
6.99328e-06
2.58182e-06
5.0478e-06
2.45677e-06
3.19403e-06
2.26087e-06
1.41746e-06
1.98009e-06
-3.29367e-07
1.61491e-06
-2.10241e-06
1.16032e-06
-3.89961e-06
6.11891e-07
-5.7107e-06
-8.18513e-08
-7.53128e-06
-9.55654e-07
-9.73911e-06
-1.91879e-06
-1.38016e-05
-1.92507e-06
-2.05196e-05
-2.09232e-05
8.73455e-07
2.8996e-06
1.81519e-06
7.94628e-06
2.55891e-06
1.0602e-05
3.20178e-06
1.16054e-05
3.75124e-06
1.14085e-05
4.16398e-06
1.03196e-05
4.42412e-06
8.69887e-06
4.54562e-06
6.87179e-06
4.55147e-06
5.04194e-06
4.45694e-06
3.28857e-06
4.26003e-06
1.61436e-06
3.92834e-06
2.3203e-09
3.48229e-06
-1.65636e-06
2.89628e-06
-3.3136e-06
2.17137e-06
-4.98579e-06
1.32631e-06
-6.68621e-06
2.70382e-07
-8.68319e-06
-9.56333e-07
-1.25749e-05
-1.42638e-06
-2.00496e-05
-2.23496e-05
8.09334e-07
2.09026e-06
1.96045e-06
6.79516e-06
3.00613e-06
9.55632e-06
3.98241e-06
1.06291e-05
4.86229e-06
1.05286e-05
5.5797e-06
9.60217e-06
6.09547e-06
8.18309e-06
6.41259e-06
6.55467e-06
6.55196e-06
4.90257e-06
6.53166e-06
3.30887e-06
6.35008e-06
1.79594e-06
6.00464e-06
3.47768e-07
5.46227e-06
-1.114e-06
4.73037e-06
-2.58169e-06
3.80095e-06
-4.05638e-06
2.70287e-06
-5.58813e-06
1.39608e-06
-7.37639e-06
-1.51819e-07
-1.1027e-05
-9.11185e-07
-1.92902e-05
-2.32608e-05
5.79866e-07
1.5104e-06
1.76589e-06
5.60913e-06
3.1085e-06
8.21372e-06
4.46373e-06
9.27389e-06
5.7341e-06
9.25823e-06
6.82101e-06
8.51526e-06
7.65901e-06
7.34509e-06
8.23542e-06
5.97825e-06
8.56267e-06
4.57532e-06
8.65759e-06
3.21395e-06
8.52697e-06
1.92656e-06
8.16805e-06
7.06693e-07
7.53682e-06
-4.82768e-07
6.65056e-06
-1.69544e-06
5.49658e-06
-2.90239e-06
4.11583e-06
-4.20738e-06
2.5813e-06
-5.84186e-06
9.6387e-07
-9.40955e-06
-1.41297e-07
-1.81851e-05
-2.34021e-05
1.53436e-07
1.35696e-06
1.04522e-06
4.71734e-06
2.52724e-06
6.7317e-06
4.2544e-06
7.54673e-06
5.98152e-06
7.53111e-06
7.52091e-06
6.97587e-06
8.7699e-06
6.0961e-06
9.69872e-06
5.04944e-06
1.03025e-05
3.97157e-06
1.05927e-05
2.9237e-06
1.05755e-05
1.94381e-06
1.02564e-05
1.02581e-06
9.5897e-06
1.83895e-07
8.59703e-06
-7.02767e-07
7.26874e-06
-1.5741e-06
5.65666e-06
-2.5953e-06
3.92146e-06
-4.10666e-06
2.24628e-06
-7.73437e-06
6.55248e-07
-1.6594e-05
-2.27468e-05
-5.18427e-07
1.87539e-06
2.02604e-07
3.99631e-06
1.76373e-06
5.17058e-06
3.83378e-06
5.47667e-06
5.99592e-06
5.36897e-06
7.9634e-06
5.00839e-06
9.59965e-06
4.45986e-06
1.08632e-05
3.78592e-06
1.17365e-05
3.09825e-06
1.22359e-05
2.42428e-06
1.23651e-05
1.81466e-06
1.21438e-05
1.24707e-06
1.15959e-05
7.31798e-07
1.06923e-05
2.0081e-07
9.43764e-06
-3.19433e-07
7.90484e-06
-1.0625e-06
6.27973e-06
-2.48154e-06
4.46302e-06
-5.91766e-06
2.0582e-06
-1.41892e-05
-2.06886e-05
-4.18073e-06
6.05612e-06
-3.64342e-06
3.459e-06
-1.24496e-06
2.77212e-06
1.55869e-06
2.67303e-06
4.30408e-06
2.62358e-06
6.84446e-06
2.468e-06
9.06641e-06
2.23792e-06
1.09096e-05
1.94273e-06
1.23556e-05
1.65223e-06
1.34315e-05
1.34842e-06
1.41543e-05
1.09187e-06
1.45687e-05
8.32629e-07
1.46626e-05
6.37935e-07
1.44451e-05
4.18329e-07
1.39112e-05
2.14371e-07
1.30769e-05
-2.2814e-07
1.19303e-05
-1.33491e-06
1.01151e-05
-4.10251e-06
5.63895e-06
-9.71306e-06
-1.50497e-05
6.05611e-06
9.51511e-06
1.22872e-05
1.49603e-05
1.75838e-05
2.00518e-05
2.22898e-05
2.42325e-05
2.58847e-05
2.72331e-05
2.8325e-05
2.91576e-05
2.97956e-05
3.02139e-05
3.04283e-05
3.02001e-05
2.88652e-05
2.47627e-05
1.50497e-05
)
;

boundaryField
{
    movingWall
    {
        type            calculated;
        value           uniform 0;
    }
    fixedWalls
    {
        type            calculated;
        value           uniform 0;
    }
    frontAndBack
    {
        type            empty;
        value           nonuniform List<scalar> 0();
    }
}


// ************************************************************************* //
