/*--------------------------------*- C++ -*----------------------------------*\
| =========                 |                                                 |
| \\      /  F ield         | OpenFOAM: The Open Source CFD Toolbox           |
|  \\    /   O peration     | Version:  2212                                  |
|   \\  /    A nd           | Website:  www.openfoam.com                      |
|    \\/     M anipulation  |                                                 |
\*---------------------------------------------------------------------------*/
FoamFile
{
    version     2.0;
    format      ascii;
    arch        "LSB;label=32;scalar=64";
    class       volScalarField;
    location    "6.1";
    object      T;
}
// * * * * * * * * * * * * * * * * * * * * * * * * * * * * * * * * * * * * * //

dimensions      [0 0 0 1 0 0 0];

internalField   nonuniform List<scalar> 
400
(
0.706938
0.716097
0.734488
0.761298
0.791777
0.81846
0.836331
0.845605
0.849872
0.852438
0.854562
0.856544
0.858456
0.86016
0.861235
0.860938
0.858048
0.850991
0.840183
0.831273
0.719221
0.730147
0.751927
0.782641
0.814155
0.836211
0.846293
0.849849
0.851446
0.852609
0.854094
0.856318
0.859387
0.863023
0.866259
0.867549
0.864551
0.855347
0.842306
0.832582
0.738178
0.752443
0.778883
0.810342
0.834636
0.84534
0.847101
0.845865
0.843667
0.841947
0.84197
0.844608
0.849901
0.857615
0.866129
0.872923
0.873726
0.864082
0.846222
0.83495
0.756664
0.774413
0.803067
0.829112
0.84194
0.842118
0.836525
0.828702
0.820539
0.81445
0.812115
0.815033
0.822896
0.835908
0.85222
0.868949
0.880508
0.878979
0.858141
0.841333
0.771125
0.791172
0.818549
0.835862
0.837288
0.827973
0.814002
0.798035
0.783211
0.772362
0.767406
0.770025
0.779835
0.797338
0.821098
0.848593
0.874596
0.890114
0.880927
0.854034
0.781225
0.80189
0.825484
0.833296
0.824377
0.806042
0.783449
0.759873
0.739387
0.724705
0.717679
0.719521
0.730237
0.750207
0.778731
0.81401
0.852061
0.885352
0.899527
0.873171
0.787741
0.807522
0.826122
0.825116
0.807347
0.781018
0.751036
0.721719
0.697441
0.680559
0.672496
0.673742
0.684541
0.705153
0.73558
0.775012
0.820634
0.866312
0.90081
0.900125
0.791617
0.809635
0.823349
0.815129
0.790212
0.757311
0.721712
0.688608
0.662227
0.64446
0.636112
0.637099
0.647498
0.667484
0.697537
0.738114
0.788108
0.842348
0.890179
0.914848
0.793646
0.809538
0.819088
0.805501
0.775295
0.737633
0.698324
0.663016
0.635628
0.617617
0.609246
0.610138
0.620112
0.639092
0.66749
0.706628
0.757864
0.818329
0.876067
0.910315
0.794387
0.808247
0.81493
0.798249
0.76482
0.724122
0.68252
0.645899
0.617908
0.59966
0.591084
0.591743
0.601359
0.619608
0.64638
0.682887
0.732493
0.796331
0.863718
0.907168
0.794203
0.806327
0.811387
0.793561
0.758776
0.716759
0.67429
0.637186
0.608834
0.590173
0.581048
0.58112
0.590166
0.607761
0.63325
0.667001
0.713173
0.777311
0.852016
0.905085
0.793316
0.804106
0.808818
0.792024
0.758066
0.716493
0.674352
0.637305
0.60863
0.589334
0.579377
0.578521
0.586605
0.603214
0.627387
0.658469
0.70022
0.762409
0.842824
0.904017
0.791758
0.801622
0.80685
0.792669
0.761372
0.721901
0.681411
0.645359
0.616945
0.597316
0.58659
0.584611
0.5913
0.60626
0.628491
0.656731
0.693441
0.751384
0.83542
0.903928
0.789435
0.798789
0.805199
0.795176
0.768681
0.733327
0.696056
0.662076
0.634555
0.614868
0.603392
0.599985
0.604736
0.617214
0.636525
0.661153
0.692482
0.744931
0.830675
0.904692
0.786202
0.795481
0.802994
0.797335
0.776734
0.747099
0.714754
0.684494
0.659305
0.640631
0.629057
0.624436
0.626938
0.636184
0.651443
0.671639
0.697395
0.742781
0.828061
0.906286
0.782247
0.791654
0.800445
0.799437
0.785887
0.763664
0.737949
0.712904
0.691258
0.674446
0.663152
0.65741
0.657233
0.662487
0.672718
0.687376
0.707238
0.744372
0.827874
0.908796
0.77851
0.787578
0.796191
0.798011
0.790528
0.776022
0.758091
0.739887
0.723516
0.710207
0.700469
0.694543
0.692247
0.693729
0.699007
0.707938
0.722655
0.752843
0.832654
0.913026
0.775819
0.785006
0.794393
0.798268
0.795864
0.788411
0.778005
0.766583
0.755566
0.745939
0.738119
0.73247
0.729027
0.727938
0.729857
0.734456
0.745748
0.76953
0.84191
0.918394
0.746053
0.781699
0.785111
0.78773
0.786848
0.784139
0.780254
0.776381
0.77266
0.769975
0.76808
0.767456
0.767982
0.76954
0.773146
0.777564
0.788714
0.808022
0.863831
0.927579
0.820969
0.843195
0.85555
0.863463
0.868271
0.871656
0.873897
0.876014
0.877673
0.879672
0.881418
0.883656
0.885672
0.888216
0.890564
0.893709
0.897435
0.905106
0.919864
0.946564
)
;

boundaryField
{
    movingWall
    {
        type            fixedValue;
        value           uniform 1;
    }
    fixedWalls
    {
        type            zeroGradient;
    }
    frontAndBack
    {
        type            empty;
    }
}


// ************************************************************************* //
