/*--------------------------------*- C++ -*----------------------------------*\
| =========                 |                                                 |
| \\      /  F ield         | OpenFOAM: The Open Source CFD Toolbox           |
|  \\    /   O peration     | Version:  2212                                  |
|   \\  /    A nd           | Website:  www.openfoam.com                      |
|    \\/     M anipulation  |                                                 |
\*---------------------------------------------------------------------------*/
FoamFile
{
    version     2.0;
    format      ascii;
    arch        "LSB;label=32;scalar=64";
    class       volScalarField;
    location    "4.8";
    object      T;
}
// * * * * * * * * * * * * * * * * * * * * * * * * * * * * * * * * * * * * * //

dimensions      [0 0 0 1 0 0 0];

internalField   nonuniform List<scalar> 
400
(
0.562161
0.576964
0.60666
0.649871
0.698893
0.741655
0.770046
0.784483
0.79094
0.794768
0.79779
0.800363
0.802567
0.804148
0.8045
0.802505
0.79633
0.783384
0.764088
0.748172
0.582044
0.599714
0.634878
0.684335
0.734927
0.770219
0.786432
0.792569
0.795834
0.79829
0.800832
0.80395
0.80772
0.81168
0.814486
0.813925
0.806691
0.78996
0.767237
0.750149
0.612812
0.635874
0.678547
0.729241
0.768551
0.786589
0.791137
0.791516
0.790358
0.78939
0.790195
0.793851
0.800421
0.809528
0.819001
0.825295
0.822363
0.803727
0.773087
0.753697
0.642972
0.671686
0.718107
0.760663
0.78287
0.78615
0.781415
0.773559
0.76473
0.758089
0.755733
0.75959
0.76935
0.785283
0.805061
0.824776
0.836593
0.828866
0.792321
0.763924
0.666794
0.69941
0.744393
0.774217
0.780281
0.771105
0.755778
0.737416
0.72005
0.707333
0.701581
0.704883
0.716831
0.738177
0.767358
0.801321
0.83314
0.849909
0.830008
0.784837
0.683718
0.717728
0.75768
0.774091
0.766175
0.745533
0.719323
0.691454
0.667303
0.650116
0.641987
0.644256
0.65694
0.680689
0.71503
0.75821
0.805586
0.847218
0.862072
0.816689
0.694977
0.728136
0.7614
0.765723
0.746254
0.71566
0.680385
0.645835
0.617647
0.598337
0.589327
0.590946
0.603457
0.627368
0.663109
0.710297
0.766133
0.823409
0.867199
0.861219
0.702006
0.732898
0.759617
0.754303
0.725767
0.687174
0.645291
0.606713
0.576646
0.556824
0.547808
0.549181
0.560999
0.583676
0.618241
0.665901
0.726084
0.793112
0.85394
0.885985
0.706043
0.733988
0.755158
0.742875
0.707767
0.663478
0.617413
0.576724
0.546003
0.526339
0.517567
0.518901
0.530089
0.551238
0.583259
0.628387
0.689176
0.763086
0.835665
0.880002
0.707931
0.732856
0.750132
0.733946
0.694925
0.647059
0.598496
0.55662
0.52554
0.505888
0.497054
0.498186
0.508922
0.529083
0.558919
0.600407
0.658462
0.735769
0.820125
0.876011
0.708246
0.730393
0.745389
0.727931
0.687332
0.637898
0.588394
0.546076
0.51468
0.494646
0.48525
0.48576
0.495867
0.515272
0.543562
0.581605
0.635071
0.712073
0.805114
0.873315
0.707353
0.727109
0.741331
0.725378
0.685933
0.637007
0.587839
0.545484
0.513581
0.492727
0.482348
0.481841
0.490946
0.509354
0.536265
0.571253
0.619289
0.693532
0.793462
0.871945
0.705339
0.723185
0.737684
0.725286
0.689303
0.642829
0.595418
0.553921
0.521976
0.500465
0.489065
0.487287
0.494933
0.511674
0.536618
0.568547
0.610674
0.679536
0.783865
0.87181
0.702092
0.718529
0.733935
0.726947
0.697164
0.655663
0.611862
0.572407
0.541028
0.519037
0.506517
0.503065
0.508636
0.522809
0.544738
0.572834
0.608877
0.671111
0.777671
0.872777
0.697409
0.71322
0.729431
0.728035
0.705837
0.671333
0.633223
0.597767
0.568617
0.547337
0.534375
0.529407
0.532484
0.543187
0.560771
0.584071
0.613892
0.66775
0.774026
0.874802
0.69149
0.707037
0.724066
0.728377
0.715244
0.690043
0.659933
0.630467
0.60512
0.585611
0.572649
0.566187
0.566162
0.572383
0.584372
0.601499
0.624755
0.668949
0.773497
0.878018
0.685941
0.701053
0.717233
0.724617
0.718995
0.703417
0.682855
0.661576
0.642361
0.626772
0.61543
0.608582
0.606018
0.607847
0.61416
0.624743
0.642287
0.678511
0.779183
0.883461
0.681868
0.696474
0.713033
0.722436
0.722938
0.716138
0.704948
0.692013
0.67928
0.668044
0.658905
0.652296
0.648343
0.647155
0.649642
0.655312
0.669285
0.698516
0.790746
0.890429
0.6425
0.694735
0.701829
0.707984
0.709128
0.707527
0.704099
0.700413
0.696724
0.694191
0.692543
0.692408
0.693656
0.696132
0.701168
0.707162
0.721707
0.746586
0.818691
0.902391
0.747459
0.779217
0.797171
0.808988
0.816517
0.822025
0.825901
0.829512
0.832417
0.835705
0.838568
0.842046
0.845139
0.84893
0.852356
0.856869
0.861984
0.872343
0.891721
0.9274
)
;

boundaryField
{
    movingWall
    {
        type            fixedValue;
        value           uniform 1;
    }
    fixedWalls
    {
        type            zeroGradient;
    }
    frontAndBack
    {
        type            empty;
    }
}


// ************************************************************************* //
