/*--------------------------------*- C++ -*----------------------------------*\
| =========                 |                                                 |
| \\      /  F ield         | OpenFOAM: The Open Source CFD Toolbox           |
|  \\    /   O peration     | Version:  2212                                  |
|   \\  /    A nd           | Website:  www.openfoam.com                      |
|    \\/     M anipulation  |                                                 |
\*---------------------------------------------------------------------------*/
FoamFile
{
    version     2.0;
    format      ascii;
    arch        "LSB;label=32;scalar=64";
    class       volScalarField;
    location    "18.7";
    object      T;
}
// * * * * * * * * * * * * * * * * * * * * * * * * * * * * * * * * * * * * * //

dimensions      [0 0 0 1 0 0 0];

internalField   nonuniform List<scalar> 
400
(
0.981112
0.981507
0.982306
0.983489
0.984872
0.986138
0.98705
0.987585
0.987876
0.988075
0.988256
0.988444
0.988646
0.988855
0.989039
0.989146
0.989092
0.988788
0.988282
0.987869
0.981615
0.982098
0.983066
0.984453
0.985925
0.987015
0.987552
0.987741
0.987805
0.987853
0.987954
0.988147
0.988445
0.988832
0.989232
0.989524
0.989528
0.989108
0.988442
0.987963
0.982399
0.983049
0.984256
0.98571
0.986858
0.987345
0.987324
0.987083
0.986783
0.986556
0.986517
0.986745
0.987245
0.988
0.988875
0.98967
0.990054
0.989696
0.988735
0.988139
0.983167
0.98399
0.985307
0.986486
0.986986
0.986752
0.986091
0.985252
0.984423
0.983811
0.983571
0.983836
0.984573
0.985797
0.987341
0.988965
0.990228
0.990548
0.989485
0.988548
0.983757
0.984679
0.985891
0.986541
0.986269
0.985253
0.983833
0.98227
0.980842
0.979801
0.97933
0.979585
0.980523
0.982179
0.984401
0.98695
0.98938
0.991002
0.99083
0.989305
0.984144
0.985059
0.98599
0.98599
0.984916
0.98309
0.980879
0.978609
0.976629
0.975208
0.974533
0.974728
0.975789
0.977734
0.980464
0.983775
0.987273
0.990311
0.991827
0.990412
0.984356
0.985169
0.985716
0.985057
0.983232
0.980657
0.977739
0.974889
0.972496
0.970823
0.970025
0.970166
0.971266
0.973332
0.976327
0.980125
0.984405
0.988571
0.991667
0.992001
0.984441
0.985107
0.985271
0.984031
0.981559
0.978345
0.974861
0.97159
0.968937
0.967136
0.96629
0.96641
0.9675
0.969556
0.972588
0.976582
0.981365
0.986399
0.990693
0.992851
0.984441
0.984949
0.984775
0.983072
0.9801
0.976408
0.972528
0.968987
0.966185
0.964324
0.963458
0.963569
0.964636
0.966633
0.969568
0.973509
0.978502
0.98419
0.989444
0.992462
0.984388
0.984766
0.984363
0.98237
0.979074
0.975066
0.970926
0.967211
0.964312
0.962399
0.961499
0.961585
0.962625
0.964573
0.967387
0.971138
0.976063
0.982146
0.988314
0.992167
0.9843
0.984589
0.984058
0.981926
0.978476
0.974324
0.970075
0.966286
0.963329
0.961357
0.960392
0.960414
0.961401
0.963294
0.966001
0.969522
0.974186
0.980375
0.987264
0.991979
0.984188
0.984437
0.983902
0.981821
0.978414
0.974292
0.970064
0.966273
0.963279
0.961238
0.960181
0.960104
0.960989
0.96278
0.965357
0.96863
0.97291
0.978976
0.986422
0.991876
0.984049
0.984299
0.983844
0.981949
0.97875
0.974824
0.970764
0.967085
0.96413
0.962062
0.960928
0.96073
0.961462
0.963074
0.965444
0.968432
0.972241
0.977952
0.985759
0.991865
0.983874
0.984168
0.983878
0.982319
0.979518
0.975973
0.972238
0.968788
0.965951
0.963896
0.962693
0.962344
0.962865
0.964205
0.966258
0.968866
0.972145
0.977358
0.985331
0.991928
0.983646
0.984004
0.983877
0.982685
0.980381
0.977362
0.974118
0.971065
0.968496
0.966572
0.965374
0.964903
0.965181
0.966171
0.967791
0.969931
0.972644
0.977186
0.985108
0.992066
0.983376
0.983814
0.9839
0.983138
0.981437
0.979082
0.976467
0.973941
0.971751
0.970042
0.968893
0.968315
0.968316
0.968886
0.969978
0.971539
0.973639
0.977372
0.985102
0.992285
0.983107
0.983538
0.983694
0.983243
0.982099
0.980447
0.978563
0.976701
0.975042
0.973697
0.972717
0.97213
0.971917
0.972102
0.972681
0.973647
0.975194
0.978217
0.985554
0.992658
0.982917
0.983443
0.983761
0.983575
0.982928
0.98193
0.980742
0.97952
0.978376
0.977396
0.976609
0.976054
0.975724
0.975643
0.975861
0.976358
0.977494
0.979817
0.986399
0.993127
0.980336
0.982863
0.982851
0.982756
0.982406
0.981943
0.981415
0.980924
0.980474
0.980141
0.979897
0.979786
0.979792
0.979905
0.980213
0.980607
0.981619
0.983381
0.988371
0.993931
0.986189
0.987858
0.98875
0.989285
0.989569
0.989747
0.989839
0.989933
0.99
0.990104
0.990197
0.990338
0.990469
0.990647
0.99082
0.991059
0.991366
0.992012
0.993303
0.995575
)
;

boundaryField
{
    movingWall
    {
        type            fixedValue;
        value           uniform 1;
    }
    fixedWalls
    {
        type            zeroGradient;
    }
    frontAndBack
    {
        type            empty;
    }
}


// ************************************************************************* //
