/*--------------------------------*- C++ -*----------------------------------*\
| =========                 |                                                 |
| \\      /  F ield         | OpenFOAM: The Open Source CFD Toolbox           |
|  \\    /   O peration     | Version:  2212                                  |
|   \\  /    A nd           | Website:  www.openfoam.com                      |
|    \\/     M anipulation  |                                                 |
\*---------------------------------------------------------------------------*/
FoamFile
{
    version     2.0;
    format      ascii;
    arch        "LSB;label=32;scalar=64";
    class       volScalarField;
    location    "20.4";
    object      T;
}
// * * * * * * * * * * * * * * * * * * * * * * * * * * * * * * * * * * * * * //

dimensions      [0 0 0 1 0 0 0];

internalField   nonuniform List<scalar> 
400
(
0.986369
0.986654
0.987229
0.988081
0.989077
0.989989
0.990647
0.991033
0.991243
0.991387
0.991518
0.991654
0.991799
0.99195
0.992083
0.992161
0.992123
0.991903
0.991539
0.991241
0.986732
0.98708
0.987777
0.988776
0.989836
0.990622
0.991009
0.991146
0.991192
0.991227
0.991299
0.991438
0.991654
0.991934
0.992222
0.992434
0.992438
0.992134
0.991654
0.991309
0.987296
0.987764
0.988634
0.989682
0.990509
0.99086
0.990844
0.990669
0.990453
0.990289
0.99026
0.990425
0.990786
0.991332
0.991964
0.992539
0.992817
0.992559
0.991865
0.991435
0.987849
0.988442
0.989391
0.99024
0.9906
0.99043
0.989953
0.989346
0.988747
0.988305
0.988132
0.988323
0.988855
0.98974
0.990855
0.992029
0.992942
0.993174
0.992407
0.991731
0.988274
0.988938
0.989811
0.990279
0.990081
0.989347
0.988321
0.987192
0.98616
0.985407
0.985067
0.985251
0.985929
0.987125
0.988731
0.990573
0.992328
0.993501
0.993378
0.992277
0.988552
0.989211
0.989881
0.98988
0.989103
0.987784
0.986186
0.984546
0.983116
0.982089
0.981601
0.981742
0.982508
0.983914
0.985887
0.988279
0.990806
0.993001
0.994097
0.993076
0.988704
0.98929
0.989683
0.989206
0.987887
0.986026
0.983918
0.981858
0.980129
0.97892
0.978343
0.978445
0.97924
0.980733
0.982898
0.985642
0.988735
0.991744
0.993981
0.994223
0.988765
0.989244
0.989361
0.988464
0.986678
0.984356
0.981838
0.979475
0.977557
0.976256
0.975645
0.975731
0.976518
0.978004
0.980195
0.983082
0.986538
0.990175
0.993277
0.994836
0.988765
0.98913
0.989003
0.987771
0.985624
0.982956
0.980152
0.977593
0.975568
0.974223
0.973598
0.973678
0.974449
0.975892
0.978013
0.980861
0.984469
0.988579
0.992375
0.994555
0.988726
0.988998
0.988704
0.987264
0.984882
0.981986
0.978994
0.97631
0.974215
0.972832
0.972182
0.972243
0.972996
0.974403
0.976437
0.979147
0.982707
0.987102
0.991558
0.994342
0.988663
0.98887
0.988484
0.986943
0.98445
0.98145
0.978379
0.975641
0.973504
0.972079
0.971381
0.971398
0.972111
0.973479
0.975435
0.97798
0.98135
0.985823
0.990799
0.994206
0.988582
0.98876
0.988372
0.986868
0.984406
0.981427
0.978372
0.975632
0.973468
0.971993
0.971229
0.971173
0.971813
0.973107
0.97497
0.977336
0.980428
0.984811
0.990191
0.994132
0.988481
0.988661
0.98833
0.98696
0.984648
0.981811
0.978877
0.976218
0.974083
0.972589
0.971769
0.971626
0.972155
0.97332
0.975033
0.977192
0.979945
0.984072
0.989712
0.994124
0.988355
0.988566
0.988355
0.987228
0.985204
0.982642
0.979942
0.977449
0.975399
0.973914
0.973044
0.972793
0.973169
0.974137
0.975621
0.977506
0.979876
0.983642
0.989403
0.994169
0.98819
0.988448
0.988355
0.987493
0.985827
0.983646
0.981301
0.979095
0.977238
0.975848
0.974982
0.974642
0.974843
0.975558
0.976729
0.978275
0.980236
0.983519
0.989242
0.994269
0.987995
0.988311
0.988372
0.98782
0.98659
0.984888
0.982999
0.981173
0.979591
0.978356
0.977525
0.977107
0.977108
0.97752
0.978309
0.979438
0.980955
0.983653
0.989238
0.994427
0.987801
0.988112
0.988223
0.987897
0.987069
0.985875
0.984513
0.983168
0.981969
0.980997
0.980289
0.979864
0.979711
0.979844
0.980263
0.980961
0.982079
0.984264
0.989564
0.994696
0.987664
0.988044
0.988272
0.988137
0.987668
0.986947
0.986088
0.985205
0.984378
0.98367
0.983102
0.9827
0.982462
0.982403
0.982561
0.98292
0.983741
0.985419
0.990175
0.995035
0.985799
0.987624
0.987615
0.987545
0.987292
0.986957
0.986575
0.98622
0.985895
0.985654
0.985478
0.985398
0.985401
0.985483
0.985705
0.985991
0.986722
0.987995
0.9916
0.995616
0.990027
0.991231
0.991876
0.992261
0.992467
0.992595
0.992661
0.992729
0.992777
0.992852
0.992919
0.993021
0.993116
0.993244
0.993369
0.993542
0.993763
0.99423
0.995163
0.996804
)
;

boundaryField
{
    movingWall
    {
        type            fixedValue;
        value           uniform 1;
    }
    fixedWalls
    {
        type            zeroGradient;
    }
    frontAndBack
    {
        type            empty;
    }
}


// ************************************************************************* //
