/*--------------------------------*- C++ -*----------------------------------*\
| =========                 |                                                 |
| \\      /  F ield         | OpenFOAM: The Open Source CFD Toolbox           |
|  \\    /   O peration     | Version:  2212                                  |
|   \\  /    A nd           | Website:  www.openfoam.com                      |
|    \\/     M anipulation  |                                                 |
\*---------------------------------------------------------------------------*/
FoamFile
{
    version     2.0;
    format      ascii;
    arch        "LSB;label=32;scalar=64";
    class       volScalarField;
    location    "19.4";
    object      T;
}
// * * * * * * * * * * * * * * * * * * * * * * * * * * * * * * * * * * * * * //

dimensions      [0 0 0 1 0 0 0];

internalField   nonuniform List<scalar> 
400
(
0.983488
0.983832
0.98453
0.985564
0.986771
0.987877
0.988674
0.989142
0.989397
0.989571
0.989729
0.989893
0.99007
0.990252
0.990413
0.990508
0.990461
0.990195
0.989753
0.989392
0.983927
0.984349
0.985194
0.986406
0.987692
0.988644
0.989113
0.989278
0.989334
0.989376
0.989464
0.989633
0.989894
0.990233
0.990582
0.990838
0.990842
0.990474
0.989893
0.989474
0.984611
0.98518
0.986233
0.987504
0.988506
0.988932
0.988913
0.988702
0.98844
0.988241
0.988207
0.988407
0.988844
0.989504
0.990269
0.990965
0.991302
0.990989
0.990149
0.989628
0.985282
0.986001
0.987151
0.988181
0.988617
0.988412
0.987835
0.9871
0.986375
0.98584
0.98563
0.985862
0.986506
0.987577
0.988927
0.990348
0.991453
0.991734
0.990805
0.989985
0.985797
0.986603
0.987661
0.988229
0.98799
0.987101
0.985859
0.984492
0.983243
0.982332
0.98192
0.982143
0.982964
0.984412
0.986356
0.988586
0.990711
0.99213
0.991981
0.990648
0.986135
0.986934
0.987747
0.987747
0.986806
0.98521
0.983275
0.981289
0.979557
0.978314
0.977724
0.977894
0.978822
0.980524
0.982912
0.985808
0.988868
0.991526
0.992852
0.991615
0.98632
0.98703
0.987508
0.98693
0.985333
0.983081
0.980528
0.978035
0.975942
0.974478
0.97378
0.973903
0.974866
0.976673
0.979293
0.982615
0.98636
0.990004
0.992712
0.993005
0.986394
0.986975
0.987117
0.986032
0.98387
0.981059
0.97801
0.975149
0.972829
0.971253
0.970513
0.970618
0.971571
0.97337
0.976022
0.979516
0.983701
0.988104
0.99186
0.993747
0.986394
0.986837
0.986684
0.985194
0.982594
0.979364
0.975969
0.972872
0.970421
0.968792
0.968035
0.968132
0.969065
0.970813
0.97338
0.976828
0.981196
0.986171
0.990767
0.993407
0.986347
0.986677
0.986323
0.984579
0.981696
0.97819
0.974568
0.971318
0.968782
0.967109
0.966321
0.966396
0.967306
0.96901
0.971472
0.974753
0.979062
0.984383
0.989778
0.993149
0.98627
0.986522
0.986056
0.984191
0.981173
0.97754
0.973823
0.970509
0.967922
0.966197
0.965352
0.965372
0.966236
0.967891
0.970259
0.97334
0.97742
0.982835
0.98886
0.992985
0.986172
0.986389
0.985921
0.984099
0.981119
0.977513
0.973814
0.970498
0.967879
0.966092
0.965168
0.9651
0.965875
0.967441
0.969696
0.97256
0.976304
0.98161
0.988124
0.992895
0.986051
0.986269
0.98587
0.984211
0.981413
0.977978
0.974426
0.971208
0.968623
0.966814
0.965821
0.965648
0.966289
0.967699
0.969772
0.972386
0.975719
0.980715
0.987544
0.992885
0.985898
0.986154
0.9859
0.984535
0.982085
0.978983
0.975716
0.972698
0.970215
0.968418
0.967365
0.967061
0.967516
0.968688
0.970485
0.972766
0.975635
0.980195
0.987169
0.99294
0.985698
0.98601
0.985899
0.984856
0.982839
0.980199
0.97736
0.97469
0.972442
0.970759
0.969711
0.969299
0.969542
0.970408
0.971825
0.973698
0.976071
0.980045
0.986975
0.993061
0.985462
0.985845
0.98592
0.985252
0.983764
0.981703
0.979416
0.977206
0.97529
0.973795
0.972789
0.972284
0.972284
0.972784
0.973739
0.975105
0.976941
0.980208
0.986969
0.993252
0.985227
0.985604
0.985739
0.985344
0.984343
0.982897
0.981249
0.979621
0.978169
0.976993
0.976135
0.975621
0.975435
0.975597
0.976104
0.976949
0.978302
0.980947
0.987364
0.993578
0.98506
0.985521
0.985798
0.985635
0.985068
0.984195
0.983156
0.982086
0.981086
0.980228
0.97954
0.979054
0.978766
0.978694
0.978885
0.97932
0.980314
0.982346
0.988103
0.993988
0.982803
0.985013
0.985002
0.984918
0.984612
0.984207
0.983745
0.983315
0.982921
0.98263
0.982417
0.98232
0.982324
0.982423
0.982692
0.983038
0.983922
0.985464
0.989829
0.994692
0.987922
0.989381
0.990162
0.990629
0.990878
0.991033
0.991114
0.991196
0.991254
0.991345
0.991426
0.991549
0.991664
0.99182
0.991971
0.99218
0.992448
0.993014
0.994143
0.996129
)
;

boundaryField
{
    movingWall
    {
        type            fixedValue;
        value           uniform 1;
    }
    fixedWalls
    {
        type            zeroGradient;
    }
    frontAndBack
    {
        type            empty;
    }
}


// ************************************************************************* //
