/*--------------------------------*- C++ -*----------------------------------*\
| =========                 |                                                 |
| \\      /  F ield         | OpenFOAM: The Open Source CFD Toolbox           |
|  \\    /   O peration     | Version:  2212                                  |
|   \\  /    A nd           | Website:  www.openfoam.com                      |
|    \\/     M anipulation  |                                                 |
\*---------------------------------------------------------------------------*/
FoamFile
{
    version     2.0;
    format      ascii;
    arch        "LSB;label=32;scalar=64";
    class       volScalarField;
    location    "20.8";
    object      T;
}
// * * * * * * * * * * * * * * * * * * * * * * * * * * * * * * * * * * * * * //

dimensions      [0 0 0 1 0 0 0];

internalField   nonuniform List<scalar> 
400
(
0.987375
0.987638
0.988171
0.98896
0.989883
0.990727
0.991336
0.991694
0.991889
0.992022
0.992143
0.992269
0.992404
0.992543
0.992667
0.992739
0.992703
0.9925
0.992162
0.991886
0.98771
0.988033
0.988678
0.989604
0.990585
0.991313
0.991672
0.991798
0.991841
0.991873
0.99194
0.992069
0.992269
0.992528
0.992795
0.992992
0.992995
0.992714
0.992269
0.991949
0.988233
0.988667
0.989472
0.990442
0.991208
0.991533
0.991518
0.991357
0.991156
0.991004
0.990978
0.991131
0.991465
0.99197
0.992556
0.993089
0.993346
0.993107
0.992465
0.992067
0.988745
0.989294
0.990173
0.990959
0.991292
0.991135
0.990693
0.990131
0.989576
0.989166
0.989006
0.989183
0.989676
0.990495
0.991529
0.992616
0.993462
0.993677
0.992967
0.99234
0.989139
0.989753
0.990562
0.990995
0.990812
0.990132
0.989181
0.988135
0.987179
0.986482
0.986167
0.986338
0.986966
0.988074
0.989561
0.991267
0.992894
0.993979
0.993866
0.992847
0.989396
0.990006
0.990627
0.990626
0.989906
0.988684
0.987204
0.985684
0.984359
0.983408
0.982956
0.983086
0.983796
0.985098
0.986926
0.989142
0.991483
0.993517
0.994532
0.993587
0.989537
0.990079
0.990443
0.990001
0.988779
0.987055
0.985102
0.983194
0.981592
0.980472
0.979938
0.980032
0.980769
0.982152
0.984157
0.986699
0.989564
0.992352
0.994424
0.994649
0.989594
0.990037
0.990144
0.989314
0.987659
0.985508
0.983175
0.980986
0.97921
0.978004
0.977438
0.977518
0.978247
0.979624
0.981654
0.984327
0.98753
0.990899
0.993772
0.995216
0.989593
0.989931
0.989813
0.988672
0.986682
0.984211
0.981613
0.979243
0.977367
0.976121
0.975542
0.975616
0.97633
0.977667
0.979632
0.98227
0.985613
0.98942
0.992937
0.994956
0.989557
0.989809
0.989537
0.988202
0.985996
0.983313
0.980541
0.978054
0.976113
0.974833
0.97423
0.974287
0.974984
0.976288
0.978172
0.980683
0.98398
0.988052
0.99218
0.994759
0.989498
0.98969
0.989333
0.987905
0.985595
0.982816
0.979971
0.977435
0.975455
0.974135
0.973488
0.973504
0.974164
0.975431
0.977244
0.979601
0.982723
0.986867
0.991477
0.994633
0.989423
0.989588
0.989229
0.987835
0.985554
0.982794
0.979964
0.977426
0.975422
0.974055
0.973347
0.973296
0.973888
0.975087
0.976813
0.979005
0.98187
0.98593
0.990914
0.994564
0.98933
0.989497
0.98919
0.98792
0.985779
0.98315
0.980433
0.97797
0.975992
0.974607
0.973847
0.973715
0.974205
0.975284
0.976871
0.978871
0.981422
0.985245
0.99047
0.994557
0.989213
0.989409
0.989213
0.988168
0.986293
0.98392
0.981419
0.97911
0.97721
0.975835
0.975029
0.974796
0.975145
0.976041
0.977416
0.979162
0.981358
0.984847
0.990183
0.994598
0.989061
0.989299
0.989213
0.988414
0.986871
0.98485
0.982678
0.980634
0.978914
0.977626
0.976824
0.976509
0.976695
0.977358
0.978442
0.979875
0.981692
0.984732
0.990035
0.994691
0.98888
0.989173
0.989229
0.988718
0.987578
0.986001
0.984251
0.98256
0.981094
0.97995
0.97918
0.978793
0.978793
0.979175
0.979906
0.980952
0.982357
0.984857
0.99003
0.994838
0.9887
0.988988
0.989091
0.988788
0.988021
0.986915
0.985654
0.984408
0.983297
0.982396
0.98174
0.981347
0.981205
0.981329
0.981716
0.982363
0.983398
0.985423
0.990333
0.995087
0.988573
0.988925
0.989136
0.989011
0.988577
0.987908
0.987113
0.986295
0.985529
0.984872
0.984346
0.983974
0.983754
0.983699
0.983845
0.984178
0.984938
0.986493
0.990898
0.995401
0.986846
0.988536
0.988527
0.988463
0.988228
0.987918
0.987564
0.987235
0.986934
0.986711
0.986548
0.986473
0.986477
0.986552
0.986758
0.987022
0.9877
0.988879
0.992218
0.995939
0.990762
0.991878
0.992475
0.992832
0.993022
0.993141
0.993202
0.993265
0.993309
0.993379
0.993441
0.993535
0.993623
0.993742
0.993858
0.994018
0.994223
0.994655
0.995519
0.997039
)
;

boundaryField
{
    movingWall
    {
        type            fixedValue;
        value           uniform 1;
    }
    fixedWalls
    {
        type            zeroGradient;
    }
    frontAndBack
    {
        type            empty;
    }
}


// ************************************************************************* //
