/*--------------------------------*- C++ -*----------------------------------*\
| =========                 |                                                 |
| \\      /  F ield         | OpenFOAM: The Open Source CFD Toolbox           |
|  \\    /   O peration     | Version:  2212                                  |
|   \\  /    A nd           | Website:  www.openfoam.com                      |
|    \\/     M anipulation  |                                                 |
\*---------------------------------------------------------------------------*/
FoamFile
{
    version     2.0;
    format      ascii;
    arch        "LSB;label=32;scalar=64";
    class       surfaceScalarField;
    location    "1.1";
    object      phi;
}
// * * * * * * * * * * * * * * * * * * * * * * * * * * * * * * * * * * * * * //

dimensions      [0 3 -1 0 0 0 0];

oriented        oriented;

internalField   nonuniform List<scalar> 
760
(
-1.01739e-08
1.01762e-08
-8.31919e-08
7.30179e-08
-1.89164e-07
1.05972e-07
-3.17919e-07
1.28754e-07
-4.80286e-07
1.62367e-07
-6.92767e-07
2.12481e-07
-9.66643e-07
2.73876e-07
-1.29652e-06
3.29875e-07
-1.64789e-06
3.51371e-07
-1.95297e-06
3.05077e-07
-2.12529e-06
1.72325e-07
-2.08732e-06
-3.79758e-08
-1.7773e-06
-3.10013e-07
-1.2384e-06
-5.38901e-07
-5.8686e-07
-6.5154e-07
1.12443e-09
-5.87985e-07
3.66223e-07
-3.65099e-07
3.94974e-07
-2.87512e-08
1.89871e-07
2.05103e-07
1.89872e-07
-1.21354e-07
1.31531e-07
-3.81389e-07
3.33052e-07
-7.10851e-07
4.35433e-07
-1.09663e-06
5.14533e-07
-1.55231e-06
6.18047e-07
-2.09118e-06
7.51348e-07
-2.70674e-06
8.89435e-07
-3.35804e-06
9.81182e-07
-3.96421e-06
9.57539e-07
-4.41604e-06
7.56906e-07
-4.60776e-06
3.64047e-07
-4.45988e-06
-1.85859e-07
-3.92463e-06
-8.45257e-07
-3.03649e-06
-1.42704e-06
-1.91686e-06
-1.77117e-06
-7.81944e-07
-1.7229e-06
6.25611e-08
-1.2096e-06
4.04627e-07
-3.70818e-07
2.56716e-07
3.53014e-07
4.46588e-07
-2.36674e-07
3.68204e-07
-6.69823e-07
7.662e-07
-1.19322e-06
9.58829e-07
-1.78925e-06
1.11056e-06
-2.46822e-06
1.29702e-06
-3.23509e-06
1.51821e-06
-4.07373e-06
1.72808e-06
-4.93855e-06
1.84601e-06
-5.74896e-06
1.76794e-06
-6.38981e-06
1.39776e-06
-6.73243e-06
7.06675e-07
-6.68735e-06
-2.30941e-07
-6.19064e-06
-1.34197e-06
-5.2433e-06
-2.37438e-06
-3.90337e-06
-3.1111e-06
-2.33071e-06
-3.29556e-06
-8.51611e-07
-2.68871e-06
7.00958e-08
-1.29252e-06
2.14433e-07
2.08678e-07
6.6102e-07
-3.27514e-07
6.95718e-07
-8.95522e-07
1.33421e-06
-1.56536e-06
1.62866e-06
-2.31575e-06
1.86095e-06
-3.15912e-06
2.14039e-06
-4.10794e-06
2.46703e-06
-5.16184e-06
2.78197e-06
-6.28822e-06
2.97239e-06
-7.39379e-06
2.87351e-06
-8.32154e-06
2.32552e-06
-8.90032e-06
1.28545e-06
-9.02354e-06
-1.07724e-07
-8.68485e-06
-1.68066e-06
-7.84227e-06
-3.21695e-06
-6.46733e-06
-4.48604e-06
-4.59159e-06
-5.1713e-06
-2.44075e-06
-4.83954e-06
-5.98453e-07
-3.13482e-06
1.4899e-07
-5.38764e-07
8.1001e-07
-3.84206e-07
1.07992e-06
-1.03886e-06
1.98887e-06
-1.80529e-06
2.39509e-06
-2.6631e-06
2.71876e-06
-3.63565e-06
3.11295e-06
-4.75354e-06
3.58491e-06
-6.02865e-06
4.05709e-06
-7.4081e-06
4.35183e-06
-8.73821e-06
4.20362e-06
-9.81833e-06
3.40564e-06
-1.0518e-05
1.9851e-06
-1.0716e-05
9.02953e-08
-1.05628e-05
-1.8339e-06
-9.97139e-06
-3.80833e-06
-8.84959e-06
-5.60784e-06
-7.07143e-06
-6.94947e-06
-4.5908e-06
-7.32017e-06
-1.81578e-06
-5.90984e-06
-4.79431e-08
-2.3066e-06
7.62068e-07
-4.01714e-07
1.48164e-06
-1.09147e-06
2.67863e-06
-1.90419e-06
3.2078e-06
-2.82201e-06
3.63659e-06
-3.87812e-06
4.16906e-06
-5.10846e-06
4.81525e-06
-6.50215e-06
5.45078e-06
-7.94656e-06
5.79624e-06
-9.23836e-06
5.49542e-06
-1.02018e-05
4.36909e-06
-1.07879e-05
2.57119e-06
-1.10447e-05
3.47117e-07
-1.10127e-05
-1.8659e-06
-1.07264e-05
-4.0947e-06
-1.00769e-05
-6.25725e-06
-8.83654e-06
-8.18988e-06
-6.70491e-06
-9.4518e-06
-3.6048e-06
-9.00995e-06
-5.93061e-07
-5.31834e-06
1.69007e-07
-3.77948e-07
1.85958e-06
-1.04865e-06
3.34932e-06
-1.85114e-06
4.01029e-06
-2.76336e-06
4.54882e-06
-3.81257e-06
5.21827e-06
-5.01514e-06
6.01782e-06
-6.31849e-06
6.75414e-06
-7.5728e-06
7.05055e-06
-8.59523e-06
6.51786e-06
-9.28529e-06
5.05915e-06
-9.66632e-06
2.95221e-06
-9.86664e-06
5.47438e-07
-9.8999e-06
-1.83263e-06
-9.84014e-06
-4.15446e-06
-9.66824e-06
-6.42915e-06
-9.17535e-06
-8.68277e-06
-7.91215e-06
-1.0715e-05
-5.35576e-06
-1.15663e-05
-1.61951e-06
-9.05459e-06
-1.4505e-06
-3.14259e-07
2.17384e-06
-9.10523e-07
3.94559e-06
-1.63943e-06
4.7392e-06
-2.46401e-06
5.3734e-06
-3.39029e-06
6.14454e-06
-4.40877e-06
7.0363e-06
-5.44829e-06
7.79365e-06
-6.37761e-06
7.97987e-06
-7.07975e-06
7.22e-06
-7.5206e-06
5.5e-06
-7.74542e-06
3.17703e-06
-7.85435e-06
6.56373e-07
-7.88024e-06
-1.80674e-06
-7.90431e-06
-4.13039e-06
-8.0012e-06
-6.33226e-06
-8.09428e-06
-8.58969e-06
-7.74873e-06
-1.10606e-05
-6.17403e-06
-1.3141e-05
-2.79425e-06
-1.24344e-05
-4.24476e-06
-2.18005e-07
2.39185e-06
-6.8972e-07
4.4173e-06
-1.28543e-06
5.33491e-06
-1.947e-06
6.03497e-06
-2.65441e-06
6.85195e-06
-3.38432e-06
7.76621e-06
-4.08207e-06
8.4914e-06
-4.67401e-06
8.57181e-06
-5.11706e-06
7.66305e-06
-5.41715e-06
5.80009e-06
-5.6039e-06
3.36378e-06
-5.71221e-06
7.64685e-07
-5.76352e-06
-1.75543e-06
-5.81314e-06
-4.08076e-06
-5.97265e-06
-6.17276e-06
-6.31468e-06
-8.24766e-06
-6.5688e-06
-1.08064e-05
-5.92358e-06
-1.37862e-05
-3.54036e-06
-1.48176e-05
-7.78512e-06
-1.04499e-07
2.49635e-06
-4.14515e-07
4.72732e-06
-8.34031e-07
5.75443e-06
-1.28292e-06
6.48386e-06
-1.717e-06
7.28602e-06
-2.11153e-06
8.16075e-06
-2.45022e-06
8.83008e-06
-2.72851e-06
8.8501e-06
-2.96544e-06
7.89997e-06
-3.18402e-06
6.01867e-06
-3.38959e-06
3.56934e-06
-3.56889e-06
9.43994e-07
-3.70674e-06
-1.61759e-06
-3.82436e-06
-3.96314e-06
-4.0194e-06
-5.97773e-06
-4.44847e-06
-7.81859e-06
-5.04815e-06
-1.02067e-05
-5.08649e-06
-1.37479e-05
-3.44633e-06
-1.64578e-05
-1.12314e-05
1.36929e-08
2.48265e-06
-1.23728e-07
4.86474e-06
-3.48139e-07
5.97884e-06
-5.65596e-07
6.70132e-06
-7.12746e-07
7.43317e-06
-7.68794e-07
8.21679e-06
-7.57316e-07
8.81861e-06
-7.42414e-07
8.8352e-06
-7.75729e-07
7.93329e-06
-8.83946e-07
6.12689e-06
-1.07164e-06
3.75703e-06
-1.31297e-06
1.18533e-06
-1.56855e-06
-1.36201e-06
-1.82961e-06
-3.70208e-06
-2.14317e-06
-5.66417e-06
-2.666e-06
-7.29576e-06
-3.49242e-06
-9.38033e-06
-4.02841e-06
-1.32119e-05
-2.99146e-06
-1.74947e-05
-1.42229e-05
1.05191e-07
2.37746e-06
1.329e-07
4.83703e-06
1.03282e-07
6.00845e-06
1.10598e-07
6.694e-06
2.2623e-07
7.31754e-06
4.76485e-07
7.96654e-06
8.2715e-07
8.46794e-06
1.17568e-06
8.48667e-06
1.40479e-06
7.70418e-06
1.44693e-06
6.08475e-06
1.30927e-06
3.89468e-06
1.02897e-06
1.46564e-06
6.49459e-07
-9.82502e-07
2.12507e-07
-3.26513e-06
-3.37685e-07
-5.11397e-06
-1.06382e-06
-6.56962e-06
-2.08506e-06
-8.35909e-06
-2.99095e-06
-1.2306e-05
-2.49541e-06
-1.79902e-05
-1.67183e-05
1.62094e-07
2.21537e-06
3.16677e-07
4.68245e-06
4.46775e-07
5.87836e-06
6.36393e-07
6.50439e-06
9.67397e-07
6.98654e-06
1.47505e-06
7.45889e-06
2.11952e-06
7.82346e-06
2.77841e-06
7.82778e-06
3.28669e-06
7.1959e-06
3.53472e-06
5.83672e-06
3.50677e-06
3.92264e-06
3.23561e-06
1.73679e-06
2.72966e-06
-4.7655e-07
2.07294e-06
-2.60841e-06
1.28733e-06
-4.32836e-06
3.33319e-07
-5.61561e-06
-8.72402e-07
-7.15337e-06
-2.06105e-06
-1.11174e-05
-2.01333e-06
-1.8038e-05
-1.87316e-05
1.72001e-07
2.04337e-06
4.02153e-07
4.45229e-06
6.56807e-07
5.6237e-06
9.95957e-07
6.16524e-06
1.48764e-06
6.49486e-06
2.16714e-06
6.77939e-06
3.00464e-06
6.98596e-06
3.88574e-06
6.94669e-06
4.63419e-06
6.44745e-06
5.10008e-06
5.37083e-06
5.22244e-06
3.80027e-06
5.01374e-06
1.94549e-06
4.47701e-06
6.01848e-08
3.67138e-06
-1.80279e-06
2.6684e-06
-3.32539e-06
1.51946e-06
-4.46667e-06
1.36361e-07
-5.77027e-06
-1.26045e-06
-9.72056e-06
-1.58119e-06
-1.77172e-05
-2.03128e-05
1.24595e-07
1.91877e-06
3.58522e-07
4.21837e-06
6.83965e-07
5.29826e-06
1.13622e-06
5.71298e-06
1.7468e-06
5.88428e-06
2.53375e-06
5.99244e-06
3.47366e-06
6.04604e-06
4.47508e-06
5.94527e-06
5.37993e-06
5.5426e-06
6.02208e-06
4.72868e-06
6.29604e-06
3.52632e-06
6.17313e-06
2.0684e-06
5.69182e-06
5.41499e-07
4.82406e-06
-9.35029e-07
3.69545e-06
-2.19678e-06
2.40347e-06
-3.17469e-06
9.41449e-07
-4.30825e-06
-5.4235e-07
-8.23676e-06
-1.16562e-06
-1.7094e-05
-2.14785e-05
2.04114e-08
1.89836e-06
2.00381e-07
4.0384e-06
5.58132e-07
4.94051e-06
1.09143e-06
5.17968e-06
1.78261e-06
5.1931e-06
2.62879e-06
5.14626e-06
3.60428e-06
5.07055e-06
4.63851e-06
4.91105e-06
5.60585e-06
4.57525e-06
6.35349e-06
3.98105e-06
6.75498e-06
3.12483e-06
6.74828e-06
2.0751e-06
6.32675e-06
9.63026e-07
5.50394e-06
-1.12219e-07
4.36091e-06
-1.05375e-06
3.03828e-06
-1.85205e-06
1.61932e-06
-2.8893e-06
8.3409e-08
-6.70085e-06
-6.28523e-07
-1.6382e-05
-2.2107e-05
-2.29703e-07
2.12807e-06
-2.72871e-07
4.08157e-06
1.18389e-07
4.54925e-06
7.73127e-07
4.52494e-06
1.59068e-06
4.37554e-06
2.51897e-06
4.21797e-06
3.52578e-06
4.06374e-06
4.5615e-06
3.87533e-06
5.53257e-06
3.60418e-06
6.31985e-06
3.19377e-06
6.79951e-06
2.64517e-06
6.89753e-06
1.97708e-06
6.57543e-06
1.28513e-06
5.85561e-06
6.07601e-07
4.81467e-06
-1.28072e-08
3.60378e-06
-6.41157e-07
2.41343e-06
-1.69895e-06
1.25861e-06
-5.54603e-06
2.14891e-07
-1.53383e-05
-2.18921e-05
-3.62282e-07
2.49035e-06
-5.04418e-07
4.2237e-06
-1.97097e-07
4.24193e-06
4.44937e-07
3.88291e-06
1.28261e-06
3.53787e-06
2.22584e-06
3.27474e-06
3.22553e-06
3.06406e-06
4.2428e-06
2.85806e-06
5.19871e-06
2.64827e-06
6.0122e-06
2.38028e-06
6.57912e-06
2.07824e-06
6.84389e-06
1.71231e-06
6.76635e-06
1.36267e-06
6.3719e-06
1.00205e-06
5.68092e-06
6.78173e-07
4.92425e-06
1.15518e-07
4.22493e-06
-9.99628e-07
3.30669e-06
-4.62779e-06
1.58216e-06
-1.36138e-05
-2.03099e-05
-3.94265e-06
6.433e-06
-3.62425e-06
3.9053e-06
-2.11414e-06
2.73182e-06
-5.3601e-07
2.30478e-06
9.62601e-07
2.03926e-06
2.41863e-06
1.81871e-06
3.83652e-06
1.64617e-06
5.20894e-06
1.48564e-06
6.49512e-06
1.36208e-06
7.66029e-06
1.21512e-06
8.64447e-06
1.09406e-06
9.41956e-06
9.37226e-07
9.94774e-06
8.34488e-07
1.02574e-05
6.92356e-07
1.037e-05
5.65585e-07
1.02541e-05
2.31456e-07
9.9934e-06
-7.38952e-07
9.14444e-06
-3.77883e-06
5.24815e-06
-9.71748e-06
-1.50618e-05
6.433e-06
1.03383e-05
1.30701e-05
1.53749e-05
1.74142e-05
1.92329e-05
2.0879e-05
2.23647e-05
2.37268e-05
2.49419e-05
2.60359e-05
2.69732e-05
2.78076e-05
2.85e-05
2.90656e-05
2.9297e-05
2.85581e-05
2.47793e-05
1.50618e-05
)
;

boundaryField
{
    movingWall
    {
        type            calculated;
        value           uniform 0;
    }
    fixedWalls
    {
        type            calculated;
        value           uniform 0;
    }
    frontAndBack
    {
        type            empty;
        value           nonuniform List<scalar> 0();
    }
}


// ************************************************************************* //
