/*--------------------------------*- C++ -*----------------------------------*\
| =========                 |                                                 |
| \\      /  F ield         | OpenFOAM: The Open Source CFD Toolbox           |
|  \\    /   O peration     | Version:  2212                                  |
|   \\  /    A nd           | Website:  www.openfoam.com                      |
|    \\/     M anipulation  |                                                 |
\*---------------------------------------------------------------------------*/
FoamFile
{
    version     2.0;
    format      ascii;
    arch        "LSB;label=32;scalar=64";
    class       volScalarField;
    location    "1.1";
    object      T;
}
// * * * * * * * * * * * * * * * * * * * * * * * * * * * * * * * * * * * * * //

dimensions      [0 0 0 1 0 0 0];

internalField   nonuniform List<scalar> 
400
(
4.19901e-06
1.8785e-05
8.57254e-05
0.000337616
0.00113768
0.00329969
0.00830092
0.0182077
0.034879
0.0583301
0.0853724
0.110519
0.128751
0.136455
0.132563
0.116481
0.0897677
0.0580421
0.032005
0.01869
1.2716e-05
6.10333e-05
0.000289972
0.00115506
0.00383248
0.0106934
0.0253818
0.0517216
0.0910312
0.139141
0.186741
0.224964
0.249648
0.257968
0.249134
0.220537
0.171562
0.109994
0.0583011
0.0330344
3.84351e-05
0.000193421
0.000934403
0.00368181
0.0118041
0.0311968
0.0689497
0.128919
0.205682
0.282926
0.343223
0.381988
0.40409
0.410526
0.401214
0.369419
0.306611
0.21059
0.113762
0.0646095
9.66254e-05
0.000499088
0.00240877
0.00926015
0.0283997
0.0705381
0.143923
0.243642
0.345201
0.417704
0.45334
0.470609
0.482064
0.489491
0.493604
0.484055
0.444635
0.350073
0.208016
0.120113
0.000201677
0.0010517
0.00501923
0.0187151
0.0546684
0.126793
0.235989
0.355231
0.43907
0.466281
0.463766
0.462147
0.464854
0.476717
0.499101
0.523783
0.535551
0.494247
0.353301
0.208143
0.000354144
0.00184169
0.00864025
0.0311777
0.0866106
0.187019
0.316161
0.422396
0.459105
0.438642
0.41238
0.398299
0.392698
0.403989
0.432526
0.48038
0.540147
0.577463
0.521023
0.333069
0.000529782
0.00272431
0.0125379
0.0438706
0.116417
0.235664
0.365977
0.441899
0.433573
0.385421
0.352679
0.335207
0.324801
0.327882
0.345827
0.39159
0.47061
0.565468
0.618629
0.498035
0.000681824
0.00344825
0.0155929
0.0533053
0.136891
0.26477
0.387539
0.436657
0.401584
0.34659
0.321866
0.313165
0.305138
0.298715
0.296417
0.318498
0.386322
0.498069
0.616867
0.651165
0.000762823
0.00378297
0.0168834
0.0570578
0.144533
0.274206
0.390777
0.426459
0.382215
0.330735
0.317675
0.321947
0.321478
0.310871
0.290359
0.281995
0.323591
0.430783
0.569637
0.673026
0.000750988
0.0036435
0.0161157
0.0544807
0.138872
0.265737
0.381567
0.418738
0.377596
0.329369
0.320037
0.331728
0.339854
0.332898
0.304226
0.269818
0.279622
0.376202
0.531005
0.648261
0.000657838
0.00311899
0.0137129
0.0467696
0.121875
0.24104
0.3601
0.411666
0.384127
0.338316
0.323765
0.334368
0.348443
0.34923
0.322005
0.272231
0.25074
0.327715
0.497071
0.646449
0.000524662
0.00242222
0.0105194
0.0361416
0.0969291
0.201441
0.321655
0.396617
0.396778
0.361467
0.340384
0.342805
0.354786
0.35748
0.331783
0.275829
0.232839
0.289932
0.465937
0.638008
0.000380877
0.00170548
0.00735096
0.0254267
0.0699145
0.152661
0.262916
0.356898
0.39447
0.386022
0.36954
0.364116
0.366131
0.360365
0.329846
0.270982
0.215834
0.257662
0.442908
0.639112
0.000284912
0.00124091
0.00497986
0.0166541
0.0459703
0.103919
0.191157
0.284952
0.350222
0.375239
0.377004
0.372612
0.365832
0.348885
0.312161
0.254546
0.197269
0.229063
0.421477
0.638238
0.000128507
0.000526141
0.00280196
0.0100584
0.0279269
0.0640745
0.123015
0.197242
0.265776
0.310813
0.331782
0.336239
0.329003
0.308574
0.272522
0.223139
0.173993
0.204025
0.407151
0.643094
0.000358187
0.0014332
0.00280414
0.00653383
0.0161813
0.0361729
0.07038
0.118038
0.170331
0.214486
0.2433
0.256229
0.255227
0.241278
0.215576
0.182016
0.148613
0.181779
0.395585
0.647786
-0.00154739
-0.00315228
-0.00111112
0.00263525
0.00874306
0.0194701
0.037165
0.0627737
0.0938714
0.124498
0.148924
0.163906
0.169176
0.165522
0.154693
0.140434
0.127637
0.166353
0.393765
0.658459
0.0172908
0.0124834
0.00799553
0.00508934
0.00510584
0.00807185
0.0147242
0.0254751
0.0400621
0.0565085
0.0724017
0.0857845
0.0958373
0.103291
0.10858
0.115252
0.12704
0.179257
0.411298
0.674147
-0.156203
-0.0320237
-0.0215882
-0.00920956
0.00162587
0.0135287
0.0256845
0.0395317
0.0532435
0.0695113
0.0850722
0.103204
0.119706
0.138136
0.155811
0.176321
0.208192
0.271766
0.468996
0.702518
0.185943
0.268813
0.321917
0.3604
0.389084
0.413679
0.433485
0.452677
0.468171
0.484755
0.498022
0.513648
0.52577
0.540976
0.552087
0.567953
0.580937
0.61073
0.665244
0.771512
)
;

boundaryField
{
    movingWall
    {
        type            fixedValue;
        value           uniform 1;
    }
    fixedWalls
    {
        type            zeroGradient;
    }
    frontAndBack
    {
        type            empty;
    }
}


// ************************************************************************* //
