/*--------------------------------*- C++ -*----------------------------------*\
| =========                 |                                                 |
| \\      /  F ield         | OpenFOAM: The Open Source CFD Toolbox           |
|  \\    /   O peration     | Version:  2212                                  |
|   \\  /    A nd           | Website:  www.openfoam.com                      |
|    \\/     M anipulation  |                                                 |
\*---------------------------------------------------------------------------*/
FoamFile
{
    version     2.0;
    format      ascii;
    arch        "LSB;label=32;scalar=64";
    class       surfaceScalarField;
    location    "8.8";
    object      phi;
}
// * * * * * * * * * * * * * * * * * * * * * * * * * * * * * * * * * * * * * //

dimensions      [0 3 -1 0 0 0 0];

oriented        oriented;

internalField   nonuniform List<scalar> 
760
(
1.56056e-07
-1.56114e-07
2.93583e-07
-1.37526e-07
3.09937e-07
-1.63546e-08
1.83629e-07
1.26308e-07
-1.20347e-07
3.03976e-07
-6.65934e-07
5.45587e-07
-1.48522e-06
8.19285e-07
-2.49074e-06
1.00552e-06
-3.48017e-06
9.89432e-07
-4.22015e-06
7.39981e-07
-4.5438e-06
3.23651e-07
-4.35355e-06
-1.90254e-07
-3.59375e-06
-7.59797e-07
-2.37908e-06
-1.21467e-06
-9.40189e-07
-1.43889e-06
3.47544e-07
-1.28773e-06
1.08977e-06
-7.42224e-07
1.03299e-06
5.67818e-08
4.60964e-07
5.72023e-07
4.60965e-07
1.2501e-07
-2.81125e-07
7.45424e-08
-8.70584e-08
-2.97089e-07
3.55276e-07
-1.07893e-06
9.0815e-07
-2.31588e-06
1.54093e-06
-3.92724e-06
2.15695e-06
-5.66203e-06
2.55408e-06
-7.20668e-06
2.55017e-06
-8.33654e-06
2.1193e-06
-8.94189e-06
1.34533e-06
-8.97585e-06
3.57614e-07
-8.41592e-06
-7.50185e-07
-7.29345e-06
-1.88227e-06
-5.64196e-06
-2.86615e-06
-3.60585e-06
-3.475e-06
-1.49035e-06
-3.40324e-06
1.78573e-07
-2.41115e-06
8.58875e-07
-6.23523e-07
5.25665e-07
9.05231e-07
9.86631e-07
-1.2763e-07
-1.53495e-07
-6.33963e-07
4.19275e-07
-1.62492e-06
1.34623e-06
-3.14137e-06
2.4246e-06
-5.05729e-06
3.45685e-06
-7.07301e-06
4.17266e-06
-8.87299e-06
4.35405e-06
-1.02772e-05
3.95434e-06
-1.12339e-05
3.07602e-06
-1.17354e-05
1.84687e-06
-1.17295e-05
3.51691e-07
-1.12706e-05
-1.20905e-06
-1.0338e-05
-2.81489e-06
-8.8775e-06
-4.32669e-06
-6.86937e-06
-5.48313e-06
-4.40314e-06
-5.86947e-06
-1.87876e-06
-4.93552e-06
-8.64575e-08
-2.41582e-06
2.94668e-07
5.24104e-07
1.2813e-06
-5.00526e-07
3.47031e-07
-1.55995e-06
1.4787e-06
-3.11938e-06
2.90566e-06
-5.08115e-06
4.38637e-06
-7.18489e-06
5.56059e-06
-9.12276e-06
6.11053e-06
-1.06925e-05
5.9238e-06
-1.18516e-05
5.11347e-06
-1.26282e-05
3.85259e-06
-1.30568e-05
2.27548e-06
-1.31219e-05
4.1676e-07
-1.28824e-05
-1.44851e-06
-1.22997e-05
-3.39762e-06
-1.12719e-05
-5.35448e-06
-9.66832e-06
-7.08669e-06
-7.36435e-06
-8.17344e-06
-4.39863e-06
-7.90124e-06
-1.37807e-06
-5.43639e-06
1.20711e-07
-9.74674e-07
1.40201e-06
-8.61911e-07
1.20894e-06
-2.3616e-06
2.9784e-06
-4.23258e-06
4.77663e-06
-6.2798e-06
6.4336e-06
-8.22209e-06
7.50287e-06
-9.83672e-06
7.72516e-06
-1.1047e-05
7.13411e-06
-1.18796e-05
5.946e-06
-1.23961e-05
4.36913e-06
-1.26693e-05
2.54865e-06
-1.27899e-05
5.37343e-07
-1.27443e-05
-1.4941e-06
-1.25237e-05
-3.6182e-06
-1.20492e-05
-5.82895e-06
-1.11346e-05
-8.00126e-06
-9.49202e-06
-9.81605e-06
-6.82193e-06
-1.05713e-05
-3.2229e-06
-9.03542e-06
-2.61188e-07
-3.93638e-06
1.14082e-06
-1.08703e-06
2.29597e-06
-2.78447e-06
4.67583e-06
-4.67815e-06
6.67031e-06
-6.5361e-06
8.29155e-06
-8.13398e-06
9.10076e-06
-9.34079e-06
8.93197e-06
-1.01525e-05
7.94584e-06
-1.06343e-05
6.42777e-06
-1.08763e-05
4.61113e-06
-1.09782e-05
2.65057e-06
-1.10614e-05
6.20528e-07
-1.1112e-05
-1.44351e-06
-1.11462e-05
-3.58397e-06
-1.11352e-05
-5.83997e-06
-1.09256e-05
-8.21084e-06
-1.01905e-05
-1.05511e-05
-8.43562e-06
-1.23262e-05
-5.24478e-06
-1.22263e-05
-1.15863e-06
-8.02253e-06
-1.78117e-08
-1.11113e-06
3.4071e-06
-2.75912e-06
6.32383e-06
-4.45699e-06
8.36818e-06
-5.99293e-06
9.82749e-06
-7.20684e-06
1.03147e-05
-8.03641e-06
9.76153e-06
-8.51939e-06
8.42882e-06
-8.74278e-06
6.65115e-06
-8.81002e-06
4.67838e-06
-8.81785e-06
2.6584e-06
-8.84836e-06
6.51044e-07
-8.91975e-06
-1.37213e-06
-9.05196e-06
-3.45177e-06
-9.25665e-06
-5.63528e-06
-9.47781e-06
-7.98967e-06
-9.48467e-06
-1.05443e-05
-8.75851e-06
-1.30524e-05
-6.54088e-06
-1.44439e-05
-2.42482e-06
-1.21386e-05
-2.44263e-06
-9.36511e-07
4.34361e-06
-2.34874e-06
7.73605e-06
-3.73657e-06
9.75602e-06
-4.91651e-06
1.10074e-05
-5.78762e-06
1.11858e-05
-6.3331e-06
1.0307e-05
-6.61014e-06
8.70586e-06
-6.70973e-06
6.75075e-06
-6.72773e-06
4.69638e-06
-6.73684e-06
2.6675e-06
-6.77241e-06
6.86616e-07
-6.85124e-06
-1.2933e-06
-6.99425e-06
-3.30876e-06
-7.23208e-06
-5.39744e-06
-7.58232e-06
-7.63943e-06
-7.95495e-06
-1.01717e-05
-7.94089e-06
-1.30665e-05
-6.72218e-06
-1.56626e-05
-3.5896e-06
-1.52712e-05
-6.03223e-06
-6.25966e-07
4.96958e-06
-1.68953e-06
8.79962e-06
-2.72368e-06
1.07902e-05
-3.56378e-06
1.18475e-05
-4.15435e-06
1.17763e-05
-4.50556e-06
1.06582e-05
-4.67634e-06
8.87664e-06
-4.74502e-06
6.81943e-06
-4.78372e-06
4.73507e-06
-4.83564e-06
2.71943e-06
-4.91062e-06
7.61597e-07
-5.01483e-06
-1.18909e-06
-5.15801e-06
-3.16557e-06
-5.3687e-06
-5.18675e-06
-5.70207e-06
-7.30606e-06
-6.17228e-06
-9.70144e-06
-6.56259e-06
-1.26762e-05
-6.13261e-06
-1.60926e-05
-3.92688e-06
-1.74769e-05
-9.95911e-06
-2.33218e-07
5.2028e-06
-8.94888e-07
9.46129e-06
-1.56737e-06
1.14626e-05
-2.09784e-06
1.2378e-05
-2.45865e-06
1.21372e-05
-2.67411e-06
1.08737e-05
-2.7924e-06
8.99494e-06
-2.86674e-06
6.89377e-06
-2.94157e-06
4.80991e-06
-3.03873e-06
2.81659e-06
-3.16092e-06
8.8378e-07
-3.30761e-06
-1.0424e-06
-3.47884e-06
-2.99434e-06
-3.68667e-06
-4.97893e-06
-3.98143e-06
-7.0113e-06
-4.44557e-06
-9.2373e-06
-5.02773e-06
-1.2094e-05
-5.12715e-06
-1.59931e-05
-3.56062e-06
-1.90434e-05
-1.35197e-05
1.63761e-07
5.03903e-06
-7.04194e-08
9.69547e-06
-4.03852e-07
1.17961e-05
-6.55348e-07
1.26295e-05
-8.10839e-07
1.22926e-05
-9.01464e-07
1.09643e-05
-9.66582e-07
9.06006e-06
-1.03805e-06
6.96523e-06
-1.1324e-06
4.90426e-06
-1.2574e-06
2.94158e-06
-1.41561e-06
1.042e-06
-1.60917e-06
-8.48838e-07
-1.8365e-06
-2.76701e-06
-2.09523e-06
-4.7202e-06
-2.41253e-06
-6.694e-06
-2.8798e-06
-8.77003e-06
-3.56256e-06
-1.14112e-05
-4.02705e-06
-1.55287e-05
-3.02681e-06
-2.00437e-05
-1.65465e-05
5.02426e-07
4.53661e-06
7.00654e-07
9.49724e-06
7.44051e-07
1.17527e-05
7.79802e-07
1.25937e-05
8.24769e-07
1.22477e-05
8.53646e-07
1.09354e-05
8.46795e-07
9.06691e-06
7.9603e-07
7.016e-06
7.02157e-07
4.99813e-06
5.66871e-07
3.07687e-06
3.84944e-07
1.22392e-06
1.50185e-07
-6.14079e-07
-1.38951e-07
-2.47787e-06
-4.89103e-07
-4.37005e-06
-9.03807e-07
-6.2793e-06
-1.42645e-06
-8.24738e-06
-2.20453e-06
-1.06332e-05
-2.95404e-06
-1.47792e-05
-2.46098e-06
-2.05367e-05
-1.90075e-05
7.59678e-07
3.77693e-06
1.35941e-06
8.89752e-06
1.75385e-06
1.13582e-05
2.08488e-06
1.22627e-05
2.35939e-06
1.19732e-05
2.54726e-06
1.07476e-05
2.64041e-06
8.97375e-06
2.64955e-06
7.00686e-06
2.58864e-06
5.05904e-06
2.46402e-06
3.20149e-06
2.26803e-06
1.41991e-06
1.98659e-06
-3.3264e-07
1.62037e-06
-2.11165e-06
1.16448e-06
-3.91416e-06
6.14698e-07
-5.72951e-06
-8.00883e-08
-7.5526e-06
-9.53839e-07
-9.75941e-06
-1.91697e-06
-1.3816e-05
-1.92421e-06
-2.05295e-05
-2.09317e-05
8.75405e-07
2.90153e-06
1.81878e-06
7.95414e-06
2.56376e-06
1.06133e-05
3.20777e-06
1.16187e-05
3.75829e-06
1.14226e-05
4.17213e-06
1.03337e-05
4.43347e-06
8.71241e-06
4.55626e-06
6.88407e-06
4.56331e-06
5.052e-06
4.46957e-06
3.29523e-06
4.27284e-06
1.61665e-06
3.94043e-06
-2.39568e-10
3.49317e-06
-1.66438e-06
2.9054e-06
-3.3264e-06
2.17843e-06
-5.00254e-06
1.33142e-06
-6.70559e-06
2.74051e-07
-8.70204e-06
-9.53379e-07
-1.25886e-05
-1.42499e-06
-2.00579e-05
-2.23567e-05
8.11286e-07
2.09024e-06
1.96471e-06
6.80071e-06
3.01224e-06
9.56574e-06
3.99019e-06
1.06408e-05
4.87165e-06
1.05412e-05
5.59064e-06
9.61473e-06
6.10807e-06
8.19499e-06
6.42685e-06
6.56528e-06
6.56771e-06
4.91114e-06
6.54844e-06
3.31449e-06
6.36719e-06
1.79791e-06
6.02124e-06
3.45702e-07
5.47754e-06
-1.12068e-06
4.74361e-06
-2.59246e-06
3.81163e-06
-4.07055e-06
2.71066e-06
-5.60462e-06
1.40132e-06
-7.3927e-06
-1.4913e-07
-1.10381e-05
-9.09189e-07
-1.92978e-05
-2.32659e-05
5.81342e-07
1.5089e-06
1.76997e-06
5.61209e-06
3.11496e-06
8.22074e-06
4.47249e-06
9.28323e-06
5.74507e-06
9.2686e-06
6.83408e-06
8.52571e-06
7.67412e-06
7.35495e-06
8.25248e-06
5.98692e-06
8.58141e-06
4.58221e-06
8.67748e-06
3.21842e-06
8.5473e-06
1.92809e-06
8.18796e-06
7.05038e-07
7.55534e-06
-4.88052e-07
6.66687e-06
-1.704e-06
5.50996e-06
-2.91364e-06
4.12565e-06
-4.22031e-06
2.58798e-06
-5.85503e-06
9.68709e-07
-9.41886e-06
-1.39091e-07
-1.819e-05
-2.3405e-05
1.5427e-07
1.35463e-06
1.04844e-06
4.71791e-06
2.53308e-06
6.73611e-06
4.26298e-06
7.55333e-06
5.99278e-06
7.5388e-06
7.53473e-06
6.98376e-06
8.78612e-06
6.10356e-06
9.71712e-06
5.05592e-06
1.03227e-05
3.9766e-06
1.06143e-05
2.92688e-06
1.05976e-05
1.94472e-06
1.02783e-05
1.02436e-06
9.60996e-06
1.80305e-07
8.61517e-06
-7.09203e-07
7.28369e-06
-1.58217e-06
5.66775e-06
-2.60437e-06
3.92856e-06
-4.11584e-06
2.25039e-06
-7.74069e-06
6.56808e-07
-1.65965e-05
-2.27482e-05
-5.191e-07
1.87373e-06
2.03647e-07
3.99516e-06
1.76761e-06
5.17215e-06
3.84094e-06
5.48e-06
6.00644e-06
5.37331e-06
7.97706e-06
5.01315e-06
9.61618e-06
4.46444e-06
1.08822e-05
3.78991e-06
1.17575e-05
3.10125e-06
1.22583e-05
2.42612e-06
1.23879e-05
1.81513e-06
1.2166e-05
1.24623e-06
1.16169e-05
7.29405e-07
1.07108e-05
1.96867e-07
9.45256e-06
-3.23884e-07
7.91583e-06
-1.06763e-06
6.28654e-06
-2.48655e-06
4.46654e-06
-5.92069e-06
2.05965e-06
-1.41896e-05
-2.06885e-05
-4.18152e-06
6.05525e-06
-3.64411e-06
3.45775e-06
-1.24389e-06
2.77193e-06
1.56239e-06
2.67372e-06
4.31076e-06
2.62494e-06
6.85415e-06
2.46975e-06
9.07888e-06
2.23972e-06
1.09244e-05
1.94436e-06
1.23722e-05
1.65348e-06
1.34491e-05
1.34921e-06
1.41722e-05
1.09208e-06
1.45861e-05
8.32274e-07
1.46786e-05
6.36966e-07
1.44584e-05
4.16997e-07
1.39218e-05
2.12774e-07
1.30845e-05
-2.30323e-07
1.19344e-05
-1.33648e-06
1.01166e-05
-4.10289e-06
5.63955e-06
-9.71251e-06
-1.5049e-05
6.05525e-06
9.513e-06
1.22849e-05
1.49587e-05
1.75836e-05
2.00533e-05
2.22931e-05
2.42374e-05
2.58909e-05
2.72401e-05
2.83322e-05
2.91645e-05
2.98014e-05
3.02184e-05
3.04312e-05
3.02009e-05
2.88644e-05
2.47615e-05
1.5049e-05
)
;

boundaryField
{
    movingWall
    {
        type            calculated;
        value           uniform 0;
    }
    fixedWalls
    {
        type            calculated;
        value           uniform 0;
    }
    frontAndBack
    {
        type            empty;
        value           nonuniform List<scalar> 0();
    }
}


// ************************************************************************* //
