/*--------------------------------*- C++ -*----------------------------------*\
| =========                 |                                                 |
| \\      /  F ield         | OpenFOAM: The Open Source CFD Toolbox           |
|  \\    /   O peration     | Version:  2212                                  |
|   \\  /    A nd           | Website:  www.openfoam.com                      |
|    \\/     M anipulation  |                                                 |
\*---------------------------------------------------------------------------*/
FoamFile
{
    version     2.0;
    format      ascii;
    arch        "LSB;label=32;scalar=64";
    class       volScalarField;
    location    "8.8";
    object      T;
}
// * * * * * * * * * * * * * * * * * * * * * * * * * * * * * * * * * * * * * //

dimensions      [0 0 0 1 0 0 0];

internalField   nonuniform List<scalar> 
400
(
0.857346
0.860999
0.868384
0.87922
0.891673
0.90277
0.910435
0.914645
0.916764
0.918146
0.919369
0.920599
0.921881
0.92316
0.924214
0.924671
0.923918
0.921266
0.917023
0.913539
0.862143
0.866558
0.875382
0.887905
0.900922
0.910235
0.914612
0.916124
0.916705
0.917138
0.917871
0.919166
0.921103
0.923559
0.925999
0.9276
0.927101
0.923528
0.918141
0.914209
0.869586
0.875421
0.886237
0.899162
0.909194
0.913473
0.913683
0.91234
0.910553
0.909192
0.909016
0.910552
0.913822
0.918712
0.924304
0.929224
0.931171
0.927814
0.920198
0.915445
0.876846
0.884146
0.895869
0.906406
0.911183
0.91013
0.906053
0.900756
0.89545
0.89152
0.889993
0.89175
0.896579
0.904591
0.914681
0.925222
0.933167
0.934407
0.925792
0.918473
0.882463
0.890651
0.901614
0.907991
0.907028
0.900622
0.891533
0.881422
0.872144
0.865373
0.862307
0.863963
0.870076
0.880894
0.895462
0.912219
0.928155
0.938477
0.936075
0.924236
0.886265
0.894535
0.903456
0.905014
0.898419
0.886649
0.872346
0.857591
0.844743
0.835528
0.831147
0.832387
0.839232
0.851834
0.869612
0.89129
0.914336
0.934404
0.943996
0.932762
0.888548
0.896175
0.902372
0.89922
0.88754
0.87087
0.851967
0.833493
0.818053
0.807275
0.80214
0.803028
0.810072
0.823351
0.842695
0.86737
0.895401
0.922916
0.943472
0.944922
0.889729
0.896337
0.899835
0.89266
0.876698
0.85589
0.833351
0.812253
0.795231
0.783705
0.778299
0.779044
0.785968
0.799092
0.818539
0.844329
0.87547
0.908542
0.937041
0.951485
0.890153
0.895624
0.896782
0.886477
0.867245
0.843371
0.818328
0.795581
0.77769
0.765841
0.760341
0.76103
0.767776
0.780451
0.799151
0.824439
0.85677
0.893985
0.928715
0.94887
0.89008
0.89456
0.894118
0.881909
0.860602
0.834716
0.808056
0.784266
0.765814
0.753684
0.747986
0.748517
0.755082
0.767396
0.785252
0.80919
0.840915
0.88056
0.921253
0.946935
0.889664
0.893394
0.892057
0.879006
0.85674
0.829943
0.802621
0.7784
0.759614
0.747137
0.741036
0.74117
0.747385
0.759329
0.776464
0.798848
0.828746
0.868938
0.914281
0.945689
0.888999
0.892278
0.890855
0.878236
0.856323
0.829741
0.802575
0.778354
0.759334
0.746416
0.739744
0.739248
0.744818
0.756115
0.772416
0.793181
0.820509
0.859776
0.908728
0.945019
0.888083
0.891177
0.890208
0.878936
0.858474
0.833174
0.80708
0.783553
0.764761
0.751659
0.744485
0.743226
0.74784
0.758012
0.773008
0.79194
0.81619
0.85305
0.904322
0.94495
0.886856
0.890031
0.890032
0.881088
0.863346
0.840553
0.816539
0.794445
0.776352
0.7633
0.755673
0.753459
0.756742
0.765207
0.778212
0.794739
0.815573
0.849134
0.901482
0.945378
0.885213
0.88865
0.889595
0.883158
0.868793
0.849472
0.828614
0.809025
0.792592
0.780326
0.772705
0.7697
0.771454
0.777719
0.787984
0.801549
0.818763
0.847953
0.899981
0.946308
0.88324
0.887054
0.889194
0.885599
0.87532
0.860417
0.843677
0.827464
0.813425
0.802486
0.795135
0.791434
0.791418
0.795022
0.801937
0.811823
0.825133
0.849096
0.899915
0.947774
0.881314
0.885029
0.88744
0.885798
0.879208
0.868966
0.857017
0.845116
0.834483
0.825861
0.819571
0.815792
0.814405
0.81554
0.819184
0.82528
0.835102
0.854529
0.902868
0.950261
0.879943
0.884099
0.887379
0.887327
0.883964
0.878038
0.870683
0.862975
0.855699
0.84943
0.844385
0.8408
0.838661
0.838094
0.839458
0.842596
0.849898
0.864932
0.908444
0.953401
0.862642
0.880899
0.881528
0.881625
0.879894
0.877291
0.874166
0.87121
0.868464
0.866448
0.864984
0.864365
0.86449
0.865301
0.867384
0.870015
0.876716
0.88836
0.921528
0.958782
0.903398
0.91519
0.921591
0.925525
0.927737
0.929193
0.930042
0.930876
0.931494
0.93235
0.933104
0.934169
0.935147
0.93644
0.937669
0.939352
0.941448
0.945832
0.954473
0.969822
)
;

boundaryField
{
    movingWall
    {
        type            fixedValue;
        value           uniform 1;
    }
    fixedWalls
    {
        type            zeroGradient;
    }
    frontAndBack
    {
        type            empty;
    }
}


// ************************************************************************* //
