/*--------------------------------*- C++ -*----------------------------------*\
| =========                 |                                                 |
| \\      /  F ield         | OpenFOAM: The Open Source CFD Toolbox           |
|  \\    /   O peration     | Version:  2212                                  |
|   \\  /    A nd           | Website:  www.openfoam.com                      |
|    \\/     M anipulation  |                                                 |
\*---------------------------------------------------------------------------*/
FoamFile
{
    version     2.0;
    format      ascii;
    arch        "LSB;label=32;scalar=64";
    class       volScalarField;
    location    "17.6";
    object      T;
}
// * * * * * * * * * * * * * * * * * * * * * * * * * * * * * * * * * * * * * //

dimensions      [0 0 0 1 0 0 0];

internalField   nonuniform List<scalar> 
400
(
0.976661
0.977149
0.978139
0.979604
0.981316
0.982883
0.984012
0.984673
0.985033
0.985279
0.985503
0.985734
0.985983
0.986241
0.986467
0.9866
0.986533
0.986156
0.985531
0.985019
0.977283
0.977882
0.979081
0.980798
0.98262
0.983969
0.984634
0.984867
0.984946
0.985006
0.98513
0.985368
0.985736
0.986214
0.986706
0.987067
0.987071
0.986551
0.985728
0.985136
0.978255
0.97906
0.980554
0.982355
0.983775
0.984378
0.984352
0.984055
0.983686
0.983406
0.983358
0.98364
0.984256
0.985188
0.986267
0.987248
0.987721
0.987278
0.986089
0.985353
0.979206
0.980226
0.981856
0.983316
0.983935
0.983647
0.982832
0.981797
0.980775
0.980019
0.979723
0.980051
0.980959
0.98247
0.984375
0.986379
0.987937
0.98833
0.987016
0.985858
0.979938
0.981079
0.98258
0.983385
0.983051
0.981798
0.980046
0.978118
0.976356
0.975071
0.97449
0.974805
0.975962
0.978005
0.980747
0.983893
0.986891
0.988892
0.988679
0.986794
0.980417
0.98155
0.982704
0.982707
0.981382
0.97913
0.976401
0.9736
0.971157
0.969404
0.968572
0.968812
0.97012
0.97252
0.97589
0.979975
0.984291
0.98804
0.989911
0.988162
0.98068
0.981687
0.982368
0.981556
0.979304
0.976128
0.972527
0.96901
0.966058
0.963994
0.963009
0.963183
0.964541
0.96709
0.970785
0.97547
0.980753
0.985894
0.989715
0.990126
0.980786
0.981612
0.981818
0.98029
0.977241
0.973275
0.968976
0.964941
0.961668
0.959446
0.958402
0.95855
0.959894
0.962431
0.966171
0.971099
0.977001
0.983213
0.988512
0.991175
0.980787
0.981417
0.981207
0.979107
0.97544
0.970885
0.966097
0.961729
0.958272
0.955976
0.954908
0.955045
0.956361
0.958825
0.962445
0.967307
0.973468
0.980487
0.986971
0.990696
0.980722
0.981192
0.980698
0.97824
0.974174
0.96923
0.964121
0.959538
0.955962
0.953602
0.952491
0.952597
0.953881
0.956283
0.959754
0.964382
0.970459
0.977965
0.985576
0.990332
0.980614
0.980973
0.980322
0.977693
0.973436
0.968313
0.963071
0.958396
0.954749
0.952317
0.951125
0.951153
0.952371
0.954705
0.958044
0.962388
0.968142
0.97578
0.98428
0.9901
0.980475
0.980786
0.98013
0.977563
0.97336
0.968274
0.963058
0.958381
0.954688
0.952169
0.950866
0.95077
0.951862
0.954071
0.95725
0.961289
0.966568
0.974053
0.983241
0.989973
0.980304
0.980616
0.980058
0.97772
0.973774
0.96893
0.963921
0.959382
0.955738
0.953186
0.951786
0.951542
0.952446
0.954434
0.957358
0.961043
0.965743
0.972789
0.982423
0.989959
0.980088
0.980453
0.980099
0.978177
0.974722
0.970348
0.96574
0.961484
0.957983
0.955448
0.953964
0.953534
0.954177
0.955829
0.958362
0.961579
0.965625
0.972056
0.981894
0.990036
0.979806
0.98025
0.980097
0.978628
0.975786
0.972062
0.968059
0.964293
0.961123
0.95875
0.957272
0.95669
0.957034
0.958255
0.960253
0.962893
0.96624
0.971844
0.98162
0.990207
0.979473
0.980015
0.980124
0.979187
0.977088
0.974183
0.970958
0.967841
0.965139
0.963031
0.961613
0.960899
0.9609
0.961604
0.962951
0.964877
0.967467
0.972074
0.981612
0.990477
0.97914
0.979674
0.979869
0.979315
0.977905
0.975867
0.973543
0.971246
0.969199
0.96754
0.96633
0.965606
0.965344
0.965572
0.966286
0.967478
0.969386
0.973116
0.982169
0.990937
0.978906
0.979557
0.979951
0.979724
0.978926
0.977696
0.976231
0.974723
0.973312
0.972102
0.971132
0.970447
0.97004
0.96994
0.970209
0.970822
0.972223
0.97509
0.983212
0.991516
0.97572
0.978842
0.978828
0.978712
0.978281
0.97771
0.977059
0.976454
0.975899
0.975489
0.975188
0.975052
0.975058
0.975198
0.975578
0.976065
0.977313
0.979488
0.985646
0.992508
0.982947
0.985008
0.98611
0.98677
0.987122
0.987342
0.987456
0.987573
0.987655
0.987784
0.987899
0.988073
0.988235
0.988455
0.988668
0.988964
0.989342
0.99014
0.991733
0.994537
)
;

boundaryField
{
    movingWall
    {
        type            fixedValue;
        value           uniform 1;
    }
    fixedWalls
    {
        type            zeroGradient;
    }
    frontAndBack
    {
        type            empty;
    }
}


// ************************************************************************* //
