/*--------------------------------*- C++ -*----------------------------------*\
| =========                 |                                                 |
| \\      /  F ield         | OpenFOAM: The Open Source CFD Toolbox           |
|  \\    /   O peration     | Version:  2212                                  |
|   \\  /    A nd           | Website:  www.openfoam.com                      |
|    \\/     M anipulation  |                                                 |
\*---------------------------------------------------------------------------*/
FoamFile
{
    version     2.0;
    format      ascii;
    arch        "LSB;label=32;scalar=64";
    class       volScalarField;
    location    "12.3";
    object      p;
}
// * * * * * * * * * * * * * * * * * * * * * * * * * * * * * * * * * * * * * //

dimensions      [0 2 -2 0 0 0 0];

internalField   nonuniform List<scalar> 
400
(
3.75855e-07
-0.000150628
-0.000534711
-0.00107192
-0.00173264
-0.00249412
-0.00318525
-0.00359783
-0.00356562
-0.00293435
-0.00154877
0.000619198
0.00324942
0.00551393
0.0065336
0.00592271
0.00400189
0.00214946
0.00111046
0.00104141
0.000116257
-5.81592e-05
-0.000377106
-0.000764282
-0.0012442
-0.00188833
-0.00270645
-0.00354378
-0.00408029
-0.00393871
-0.0028467
-0.000825097
0.00168917
0.00396074
0.00512453
0.00474292
0.00310281
0.00137456
0.000592968
0.000684013
0.000536376
0.000264905
-7.73882e-05
-0.000559748
-0.00134746
-0.00258087
-0.00421944
-0.00598411
-0.00740293
-0.00794426
-0.00726457
-0.00546234
-0.00289195
-0.000194924
0.00179149
0.0024275
0.00170856
0.00050186
-0.000396331
-0.000393041
0.00115189
0.000741203
0.000191812
-0.000774927
-0.00245133
-0.00493815
-0.00799555
-0.0111209
-0.0137038
-0.0151774
-0.0152073
-0.0138403
-0.011294
-0.00802947
-0.00475264
-0.00221014
-0.000870817
-0.000706658
-0.00128927
-0.00191859
0.00158329
0.000973685
-2.2949e-05
-0.00192425
-0.00500693
-0.00918047
-0.0139142
-0.0184803
-0.0222167
-0.0246534
-0.0255291
-0.0247233
-0.0223638
-0.0187439
-0.014305
-0.00965612
-0.00559254
-0.00294934
-0.0021937
-0.00401842
0.00129335
0.000444997
-0.00119744
-0.0043046
-0.00900535
-0.014881
-0.0210733
-0.0267158
-0.0311918
-0.0341791
-0.0355459
-0.0351899
-0.0331972
-0.029719
-0.0248997
-0.0189613
-0.0125057
-0.00694877
-0.00440133
-0.00652463
-4.83306e-05
-0.00114759
-0.00349957
-0.00779709
-0.0139329
-0.0211148
-0.0282367
-0.0344083
-0.0391292
-0.0422326
-0.0437203
-0.0436109
-0.0419731
-0.0388791
-0.0343111
-0.0281574
-0.0205393
-0.0127032
-0.00785519
-0.00774839
-0.00245052
-0.00374224
-0.00669873
-0.0119137
-0.0190403
-0.0269823
-0.0345047
-0.0407797
-0.0454514
-0.0484776
-0.0499403
-0.0499315
-0.0485308
-0.0457888
-0.0416626
-0.035927
-0.0283259
-0.0193714
-0.0118226
-0.00798091
-0.00553769
-0.0069153
-0.0102638
-0.0160222
-0.0236586
-0.03189
-0.0394519
-0.0456135
-0.0501381
-0.0530582
-0.0544873
-0.0545274
-0.0532532
-0.0507262
-0.0469625
-0.0418123
-0.0348681
-0.025948
-0.0167095
-0.00999487
-0.00873382
-0.010086
-0.0135978
-0.0195425
-0.0272868
-0.0354876
-0.0429127
-0.0489104
-0.0533101
-0.0561681
-0.057592
-0.0576632
-0.0564448
-0.0540116
-0.0504516
-0.0457608
-0.0396344
-0.0315243
-0.0223215
-0.0143402
-0.0115042
-0.012758
-0.0162194
-0.0220545
-0.0296074
-0.037589
-0.0448269
-0.0506998
-0.0550433
-0.0578947
-0.0593371
-0.0594286
-0.0582193
-0.0557893
-0.0522872
-0.0478527
-0.0424314
-0.0353829
-0.0271982
-0.0191796
-0.0135494
-0.0146187
-0.017856
-0.0233156
-0.0304312
-0.0380631
-0.0451181
-0.0509501
-0.0553294
-0.0582409
-0.0597286
-0.059831
-0.0585889
-0.0560834
-0.0525159
-0.0481383
-0.0432071
-0.0370565
-0.0300321
-0.0224174
-0.0148374
-0.0155679
-0.0183519
-0.0232103
-0.0296935
-0.036879
-0.0437648
-0.0496404
-0.0541551
-0.0572013
-0.0587703
-0.0588774
-0.0575581
-0.0549161
-0.0511773
-0.046656
-0.0419656
-0.0363002
-0.0302262
-0.022896
-0.0154678
-0.0157221
-0.0177772
-0.0217463
-0.0273897
-0.0340316
-0.0407506
-0.0467406
-0.051493
-0.0547684
-0.0564823
-0.0566233
-0.0552017
-0.052353
-0.0483462
-0.0435818
-0.0387307
-0.0331414
-0.0280996
-0.0202793
-0.0155743
-0.0152981
-0.016338
-0.0190877
-0.023653
-0.0296341
-0.0361715
-0.0423358
-0.0474276
-0.0510395
-0.0529802
-0.0531835
-0.051691
-0.0485914
-0.0442267
-0.0390538
-0.0337818
-0.0280715
-0.0242315
-0.0143849
-0.0152767
-0.01455
-0.0142607
-0.0154259
-0.0186847
-0.0238945
-0.0302313
-0.0366147
-0.0421378
-0.0462012
-0.0484893
-0.0488664
-0.0473531
-0.0440208
-0.0392488
-0.0335188
-0.0276412
-0.0216293
-0.0180534
-0.00383285
-0.0146619
-0.0136181
-0.0117068
-0.011081
-0.0129535
-0.0173802
-0.023534
-0.0301703
-0.0361932
-0.0408115
-0.0435786
-0.0442616
-0.0428506
-0.0393763
-0.0341852
-0.0276896
-0.0206822
-0.0132761
-0.00678571
0.016053
-0.0145831
-0.0126571
-0.00864838
-0.00623454
-0.00690999
-0.0107457
-0.0168178
-0.0237399
-0.0302986
-0.0355392
-0.0389036
-0.040035
-0.0388775
-0.0354479
-0.0298958
-0.0222758
-0.0128725
-0.000688093
0.0166951
0.0570639
-0.0117945
-0.0118306
-0.00572602
-0.00177495
-0.00176493
-0.00540467
-0.0115751
-0.0188149
-0.0258755
-0.0316874
-0.0356622
-0.0373618
-0.0366852
-0.0333553
-0.0272241
-0.0175415
-0.00314817
0.0204903
0.0607044
0.129821
-0.0295167
-0.0106296
-0.000608792
0.00308088
0.00244831
-0.00155695
-0.00799939
-0.0155533
-0.0229761
-0.0291737
-0.0335318
-0.0355879
-0.0352011
-0.0319557
-0.0252275
-0.0128599
0.00942269
0.0511716
0.122878
0.226076
)
;

boundaryField
{
    movingWall
    {
        type            zeroGradient;
    }
    fixedWalls
    {
        type            zeroGradient;
    }
    frontAndBack
    {
        type            empty;
    }
}


// ************************************************************************* //
