/*--------------------------------*- C++ -*----------------------------------*\
| =========                 |                                                 |
| \\      /  F ield         | OpenFOAM: The Open Source CFD Toolbox           |
|  \\    /   O peration     | Version:  2212                                  |
|   \\  /    A nd           | Website:  www.openfoam.com                      |
|    \\/     M anipulation  |                                                 |
\*---------------------------------------------------------------------------*/
FoamFile
{
    version     2.0;
    format      ascii;
    arch        "LSB;label=32;scalar=64";
    class       surfaceScalarField;
    location    "12.3";
    object      phi;
}
// * * * * * * * * * * * * * * * * * * * * * * * * * * * * * * * * * * * * * //

dimensions      [0 3 -1 0 0 0 0];

oriented        oriented;

internalField   nonuniform List<scalar> 
760
(
1.5609e-07
-1.56124e-07
2.93636e-07
-1.37546e-07
3.1e-07
-1.63639e-08
1.8369e-07
1.2631e-07
-1.20301e-07
3.03991e-07
-6.65926e-07
5.45625e-07
-1.48528e-06
8.19352e-07
-2.49088e-06
1.0056e-06
-3.48037e-06
9.8949e-07
-4.22036e-06
7.39997e-07
-4.54399e-06
3.23624e-07
-4.35366e-06
-1.90332e-07
-3.59375e-06
-7.59904e-07
-2.37897e-06
-1.21478e-06
-9.3999e-07
-1.43898e-06
3.47783e-07
-1.28777e-06
1.08996e-06
-7.42182e-07
1.03309e-06
5.68701e-08
4.61001e-07
5.72094e-07
4.61001e-07
1.25055e-07
-2.81178e-07
7.46189e-08
-8.71101e-08
-2.97016e-07
3.55271e-07
-1.07891e-06
9.08199e-07
-2.31595e-06
1.54104e-06
-3.92744e-06
2.15711e-06
-5.66236e-06
2.55427e-06
-7.2071e-06
2.55034e-06
-8.33701e-06
2.1194e-06
-8.94235e-06
1.34534e-06
-8.97627e-06
3.57541e-07
-8.41625e-06
-7.50347e-07
-7.29366e-06
-1.8825e-06
-5.64205e-06
-2.8664e-06
-3.60581e-06
-3.47521e-06
-1.49021e-06
-3.40337e-06
1.78753e-07
-2.41115e-06
8.59006e-07
-6.23382e-07
5.25715e-07
9.05385e-07
9.86716e-07
-1.27595e-07
-1.53583e-07
-6.33927e-07
4.19222e-07
-1.62494e-06
1.34629e-06
-3.14151e-06
2.42477e-06
-5.0576e-06
3.45712e-06
-7.07348e-06
4.173e-06
-8.87359e-06
4.35438e-06
-1.02779e-05
3.95461e-06
-1.12346e-05
3.07618e-06
-1.17362e-05
1.8469e-06
-1.17302e-05
3.51579e-07
-1.12713e-05
-1.20927e-06
-1.03386e-05
-2.81522e-06
-8.87792e-06
-4.32707e-06
-6.86963e-06
-5.4835e-06
-4.40324e-06
-5.86976e-06
-1.87874e-06
-4.93565e-06
-8.63889e-08
-2.41573e-06
2.94695e-07
5.24301e-07
1.28141e-06
-5.00533e-07
3.4695e-07
-1.56002e-06
1.47871e-06
-3.11956e-06
2.90583e-06
-5.0815e-06
4.38671e-06
-7.18544e-06
5.56105e-06
-9.12347e-06
6.11103e-06
-1.06934e-05
5.92426e-06
-1.18526e-05
5.11384e-06
-1.26292e-05
3.85282e-06
-1.30579e-05
2.27555e-06
-1.31229e-05
4.16621e-07
-1.28834e-05
-1.44879e-06
-1.23006e-05
-3.39805e-06
-1.12726e-05
-5.35501e-06
-9.66889e-06
-7.08724e-06
-7.36472e-06
-8.17393e-06
-4.39881e-06
-7.90157e-06
-1.37807e-06
-5.43647e-06
1.20739e-07
-9.74506e-07
1.40215e-06
-8.61969e-07
1.20892e-06
-2.36178e-06
2.97852e-06
-4.23293e-06
4.77697e-06
-6.28035e-06
6.43414e-06
-8.22282e-06
7.50352e-06
-9.83761e-06
7.72582e-06
-1.10481e-05
7.1347e-06
-1.18807e-05
5.94648e-06
-1.23973e-05
4.36945e-06
-1.26705e-05
2.54876e-06
-1.27911e-05
5.37209e-07
-1.27455e-05
-1.49445e-06
-1.25248e-05
-3.61874e-06
-1.20502e-05
-5.82962e-06
-1.11354e-05
-8.00197e-06
-9.49263e-06
-9.81672e-06
-6.82233e-06
-1.05719e-05
-3.22304e-06
-9.03576e-06
-2.61165e-07
-3.93638e-06
1.14098e-06
-1.08714e-06
2.29606e-06
-2.78474e-06
4.67612e-06
-4.67861e-06
6.67085e-06
-6.53676e-06
8.29228e-06
-8.13481e-06
9.10158e-06
-9.34177e-06
8.93278e-06
-1.01536e-05
7.94657e-06
-1.06355e-05
6.42838e-06
-1.08776e-05
4.61156e-06
-1.09796e-05
2.65075e-06
-1.10629e-05
6.20421e-07
-1.11134e-05
-1.44391e-06
-1.11475e-05
-3.58463e-06
-1.11363e-05
-5.8408e-06
-1.09265e-05
-8.21173e-06
-1.01913e-05
-1.0552e-05
-8.43618e-06
-1.2327e-05
-5.24512e-06
-1.22268e-05
-1.15868e-06
-8.02282e-06
-1.76952e-08
-1.11127e-06
3.40733e-06
-2.75944e-06
6.32429e-06
-4.4575e-06
8.36891e-06
-5.99361e-06
9.8284e-06
-7.20768e-06
1.03156e-05
-8.03739e-06
9.76249e-06
-8.52053e-06
8.42971e-06
-8.74408e-06
6.65192e-06
-8.81147e-06
4.67896e-06
-8.81941e-06
2.6587e-06
-8.84997e-06
6.50981e-07
-8.92131e-06
-1.37258e-06
-9.05339e-06
-3.45256e-06
-9.25788e-06
-5.63631e-06
-9.47882e-06
-7.99079e-06
-9.48547e-06
-1.05453e-05
-8.75914e-06
-1.30533e-05
-6.54134e-06
-1.44446e-05
-2.425e-06
-1.21392e-05
-2.44269e-06
-9.3665e-07
4.34398e-06
-2.34905e-06
7.73669e-06
-3.73704e-06
9.7569e-06
-4.91714e-06
1.10085e-05
-5.78839e-06
1.11869e-05
-6.33402e-06
1.03081e-05
-6.61123e-06
8.70692e-06
-6.71101e-06
6.7517e-06
-6.72918e-06
4.69713e-06
-6.73842e-06
2.66794e-06
-6.77406e-06
6.8662e-07
-6.85287e-06
-1.29377e-06
-6.99576e-06
-3.30967e-06
-7.23338e-06
-5.39869e-06
-7.58336e-06
-7.64081e-06
-7.95573e-06
-1.0173e-05
-7.94147e-06
-1.30676e-05
-6.72263e-06
-1.56635e-05
-3.5899e-06
-1.52719e-05
-6.03259e-06
-6.26079e-07
4.97006e-06
-1.68979e-06
8.8004e-06
-2.72407e-06
1.07912e-05
-3.5643e-06
1.18487e-05
-4.15499e-06
1.17776e-05
-4.50634e-06
1.06595e-05
-4.67728e-06
8.87785e-06
-4.74613e-06
6.82055e-06
-4.78499e-06
4.73599e-06
-4.83704e-06
2.71999e-06
-4.91209e-06
7.61673e-07
-5.0163e-06
-1.18956e-06
-5.15941e-06
-3.16656e-06
-5.36994e-06
-5.18816e-06
-5.70306e-06
-7.30769e-06
-6.173e-06
-9.70303e-06
-6.56308e-06
-1.26775e-05
-6.13298e-06
-1.60936e-05
-3.92714e-06
-1.74777e-05
-9.95972e-06
-2.33281e-07
5.20334e-06
-8.95051e-07
9.46217e-06
-1.56763e-06
1.14638e-05
-2.09819e-06
1.23793e-05
-2.4591e-06
1.21385e-05
-2.67466e-06
1.0875e-05
-2.79307e-06
8.99627e-06
-2.86754e-06
6.89502e-06
-2.94249e-06
4.81095e-06
-3.03975e-06
2.81725e-06
-3.162e-06
8.83922e-07
-3.30871e-06
-1.04284e-06
-3.47992e-06
-2.99535e-06
-3.68766e-06
-4.98042e-06
-3.98225e-06
-7.0131e-06
-4.44616e-06
-9.23912e-06
-5.02809e-06
-1.20955e-05
-5.12739e-06
-1.59943e-05
-3.56077e-06
-1.90444e-05
-1.35205e-05
1.63764e-07
5.03957e-06
-7.04655e-08
9.6964e-06
-4.03949e-07
1.17972e-05
-6.55494e-07
1.26308e-05
-8.11038e-07
1.2294e-05
-9.01723e-07
1.09657e-05
-9.66905e-07
9.06145e-06
-1.03843e-06
6.96655e-06
-1.13284e-06
4.90535e-06
-1.25789e-06
2.94229e-06
-1.41615e-06
1.04218e-06
-1.60975e-06
-8.4924e-07
-1.83711e-06
-2.76799e-06
-2.09583e-06
-4.7217e-06
-2.41307e-06
-6.69586e-06
-2.88019e-06
-8.772e-06
-3.56278e-06
-1.14129e-05
-4.02717e-06
-1.55299e-05
-3.02688e-06
-2.00446e-05
-1.65474e-05
5.02493e-07
4.53708e-06
7.00735e-07
9.49815e-06
7.44136e-07
1.17538e-05
7.79886e-07
1.25951e-05
8.24847e-07
1.22491e-05
8.5372e-07
1.09368e-05
8.46871e-07
9.0683e-06
7.96118e-07
7.0173e-06
7.02253e-07
4.99922e-06
5.66963e-07
3.07758e-06
3.85011e-07
1.22414e-06
1.50205e-07
-6.14433e-07
-1.3899e-07
-2.4788e-06
-4.89211e-07
-4.37148e-06
-9.03961e-07
-6.28111e-06
-1.42658e-06
-8.24938e-06
-2.20456e-06
-1.0635e-05
-2.95402e-06
-1.47804e-05
-2.46097e-06
-2.05377e-05
-1.90083e-05
7.59809e-07
3.77727e-06
1.35962e-06
8.89835e-06
1.75412e-06
1.13593e-05
2.0852e-06
1.2264e-05
2.35976e-06
1.19745e-05
2.54767e-06
1.07489e-05
2.64089e-06
8.97508e-06
2.6501e-06
7.00809e-06
2.58926e-06
5.06006e-06
2.46467e-06
3.20217e-06
2.26868e-06
1.42013e-06
1.98718e-06
-3.32934e-07
1.62087e-06
-2.11248e-06
1.16486e-06
-3.91547e-06
6.14952e-07
-5.7312e-06
-7.99291e-08
-7.5545e-06
-9.53676e-07
-9.76121e-06
-1.91681e-06
-1.38173e-05
-1.92414e-06
-2.05304e-05
-2.09325e-05
8.75576e-07
2.9017e-06
1.8191e-06
7.95482e-06
2.56419e-06
1.06142e-05
3.2083e-06
1.16199e-05
3.75892e-06
1.14239e-05
4.17286e-06
1.0335e-05
4.43431e-06
8.71363e-06
4.55722e-06
6.88518e-06
4.56438e-06
5.05291e-06
4.47071e-06
3.29583e-06
4.27399e-06
1.61686e-06
3.94152e-06
-4.68989e-10
3.49414e-06
-1.6651e-06
2.90622e-06
-3.32755e-06
2.17906e-06
-5.00404e-06
1.33188e-06
-6.70732e-06
2.7438e-07
-8.70372e-06
-9.53115e-07
-1.25898e-05
-1.42487e-06
-2.00586e-05
-2.23573e-05
8.11457e-07
2.09024e-06
1.96508e-06
6.8012e-06
3.01277e-06
9.56656e-06
3.99087e-06
1.06418e-05
4.87248e-06
1.05423e-05
5.59162e-06
9.61585e-06
6.10919e-06
8.19606e-06
6.42813e-06
6.56624e-06
6.56912e-06
4.91192e-06
6.54995e-06
3.315e-06
6.36873e-06
1.79808e-06
6.02274e-06
3.45517e-07
5.47892e-06
-1.12128e-06
4.7448e-06
-2.59343e-06
3.81259e-06
-4.07182e-06
2.71136e-06
-5.60609e-06
1.40179e-06
-7.39415e-06
-1.4889e-07
-1.10391e-05
-9.09011e-07
-1.92985e-05
-2.32664e-05
5.81471e-07
1.50877e-06
1.77032e-06
5.61234e-06
3.11553e-06
8.22135e-06
4.47327e-06
9.28406e-06
5.74604e-06
9.26952e-06
6.83525e-06
8.52664e-06
7.67547e-06
7.35584e-06
8.25401e-06
5.9877e-06
8.58309e-06
4.58284e-06
8.67926e-06
3.21882e-06
8.54912e-06
1.92822e-06
8.18975e-06
7.0489e-07
7.557e-06
-4.88525e-07
6.66833e-06
-1.70477e-06
5.51116e-06
-2.91465e-06
4.12653e-06
-4.22146e-06
2.58858e-06
-5.8562e-06
9.69139e-07
-9.41968e-06
-1.38894e-07
-1.81905e-05
-2.34053e-05
1.54342e-07
1.35443e-06
1.04873e-06
4.71796e-06
2.53359e-06
6.73649e-06
4.26373e-06
7.55391e-06
5.99378e-06
7.53948e-06
7.53596e-06
6.98447e-06
8.78756e-06
6.10423e-06
9.71876e-06
5.05651e-06
1.03245e-05
3.97705e-06
1.06162e-05
2.92717e-06
1.05996e-05
1.94481e-06
1.02803e-05
1.02423e-06
9.61177e-06
1.79984e-07
8.61678e-06
-7.09779e-07
7.28502e-06
-1.58289e-06
5.66874e-06
-2.60518e-06
3.92919e-06
-4.11665e-06
2.25075e-06
-7.74125e-06
6.56947e-07
-1.65967e-05
-2.27483e-05
-5.19159e-07
1.87358e-06
2.03738e-07
3.99506e-06
1.76794e-06
5.17228e-06
3.84157e-06
5.48029e-06
6.00736e-06
5.37369e-06
7.97826e-06
5.01357e-06
9.61764e-06
4.46485e-06
1.08839e-05
3.79027e-06
1.17594e-05
3.10152e-06
1.22603e-05
2.42629e-06
1.23899e-05
1.81517e-06
1.2168e-05
1.24615e-06
1.16188e-05
7.29191e-07
1.07125e-05
1.96514e-07
9.45389e-06
-3.24281e-07
7.9168e-06
-1.06809e-06
6.28714e-06
-2.48699e-06
4.46686e-06
-5.92096e-06
2.05978e-06
-1.41896e-05
-2.06885e-05
-4.18159e-06
6.05517e-06
-3.64417e-06
3.45765e-06
-1.2438e-06
2.77191e-06
1.56271e-06
2.67378e-06
4.31134e-06
2.62506e-06
6.855e-06
2.4699e-06
9.07998e-06
2.23988e-06
1.09257e-05
1.94451e-06
1.23737e-05
1.65359e-06
1.34507e-05
1.34928e-06
1.41738e-05
1.0921e-06
1.45877e-05
8.32242e-07
1.468e-05
6.36879e-07
1.44596e-05
4.16878e-07
1.39227e-05
2.12632e-07
1.30851e-05
-2.30515e-07
1.19348e-05
-1.33661e-06
1.01167e-05
-4.10292e-06
5.6396e-06
-9.71246e-06
-1.50489e-05
6.05517e-06
9.51282e-06
1.22847e-05
1.49585e-05
1.75836e-05
2.00535e-05
2.22933e-05
2.42378e-05
2.58914e-05
2.72407e-05
2.83328e-05
2.91651e-05
2.98019e-05
3.02188e-05
3.04314e-05
3.02009e-05
2.88643e-05
2.47614e-05
1.50489e-05
)
;

boundaryField
{
    movingWall
    {
        type            calculated;
        value           uniform 0;
    }
    fixedWalls
    {
        type            calculated;
        value           uniform 0;
    }
    frontAndBack
    {
        type            empty;
        value           nonuniform List<scalar> 0();
    }
}


// ************************************************************************* //
