/*--------------------------------*- C++ -*----------------------------------*\
| =========                 |                                                 |
| \\      /  F ield         | OpenFOAM: The Open Source CFD Toolbox           |
|  \\    /   O peration     | Version:  2212                                  |
|   \\  /    A nd           | Website:  www.openfoam.com                      |
|    \\/     M anipulation  |                                                 |
\*---------------------------------------------------------------------------*/
FoamFile
{
    version     2.0;
    format      ascii;
    arch        "LSB;label=32;scalar=64";
    class       volScalarField;
    location    "17.1";
    object      T;
}
// * * * * * * * * * * * * * * * * * * * * * * * * * * * * * * * * * * * * * //

dimensions      [0 0 0 1 0 0 0];

internalField   nonuniform List<scalar> 
400
(
0.974298
0.974837
0.975928
0.977544
0.979432
0.98116
0.982404
0.983132
0.983529
0.983799
0.984045
0.9843
0.984573
0.984857
0.985106
0.985252
0.985177
0.984762
0.984073
0.98351
0.974985
0.975645
0.976967
0.978861
0.98087
0.982356
0.983089
0.983346
0.983433
0.983499
0.983636
0.983897
0.984302
0.984828
0.98537
0.985766
0.98577
0.985197
0.98429
0.983638
0.976056
0.976944
0.978591
0.980577
0.982143
0.982808
0.98278
0.982453
0.982047
0.981739
0.981686
0.981997
0.982675
0.9837
0.984887
0.985966
0.986486
0.985997
0.984688
0.983877
0.977106
0.97823
0.980028
0.981637
0.98232
0.982004
0.981108
0.979968
0.978844
0.978013
0.977688
0.978048
0.979048
0.980709
0.982805
0.98501
0.986724
0.987156
0.985708
0.984433
0.977913
0.979171
0.980826
0.981715
0.981348
0.979969
0.978043
0.975922
0.973983
0.972569
0.97193
0.972276
0.97355
0.975797
0.978814
0.982276
0.985574
0.987776
0.987539
0.985464
0.978442
0.979691
0.980964
0.98097
0.979512
0.977034
0.974032
0.970951
0.968263
0.966334
0.965418
0.965683
0.967123
0.969763
0.97347
0.977964
0.982713
0.986839
0.988896
0.98697
0.978732
0.979843
0.980595
0.979704
0.977226
0.973731
0.96977
0.965901
0.962653
0.960382
0.959299
0.959491
0.960984
0.963788
0.967854
0.973009
0.97882
0.984477
0.988681
0.989132
0.97885
0.979761
0.979991
0.978311
0.974956
0.970593
0.965863
0.961424
0.957823
0.955379
0.954231
0.954394
0.955872
0.958663
0.962778
0.968199
0.974693
0.981528
0.987358
0.990289
0.978851
0.979547
0.979319
0.977009
0.972975
0.967964
0.962696
0.95789
0.954088
0.951562
0.950387
0.950538
0.951986
0.954696
0.958679
0.964028
0.970805
0.978528
0.985662
0.989761
0.97878
0.9793
0.978759
0.976055
0.971582
0.966142
0.960522
0.95548
0.951546
0.94895
0.947729
0.947845
0.949258
0.9519
0.955719
0.960809
0.967495
0.975753
0.984127
0.989361
0.978661
0.979059
0.978345
0.975454
0.97077
0.965134
0.959367
0.954224
0.950212
0.947537
0.946226
0.946257
0.947597
0.950164
0.953838
0.958616
0.964946
0.973349
0.982701
0.989105
0.978509
0.978852
0.978133
0.975311
0.970687
0.965091
0.959353
0.954208
0.950145
0.947374
0.94594
0.945836
0.947037
0.949467
0.952964
0.957407
0.963215
0.971449
0.981559
0.988965
0.978321
0.978665
0.978054
0.975483
0.971142
0.965812
0.960302
0.955309
0.9513
0.948493
0.946953
0.946685
0.947679
0.949866
0.953083
0.957137
0.962307
0.970059
0.980658
0.98895
0.978083
0.978486
0.978098
0.975985
0.972185
0.967372
0.962303
0.957621
0.95377
0.950981
0.949349
0.948876
0.949583
0.9514
0.954187
0.957726
0.962177
0.969251
0.980076
0.989035
0.977773
0.978262
0.978096
0.976482
0.973355
0.969258
0.964854
0.960711
0.957224
0.954613
0.952988
0.952348
0.952726
0.954069
0.956267
0.959171
0.962854
0.969019
0.979775
0.989224
0.977406
0.978004
0.978125
0.977095
0.974788
0.971592
0.968043
0.964615
0.961642
0.959323
0.957763
0.956978
0.956979
0.957754
0.959235
0.961354
0.964203
0.969271
0.979766
0.989521
0.977039
0.977628
0.977843
0.977236
0.975685
0.973444
0.970887
0.968361
0.966108
0.964283
0.962953
0.962156
0.961868
0.962118
0.962904
0.964215
0.966314
0.970418
0.980379
0.990026
0.976781
0.977498
0.977933
0.977685
0.976809
0.975455
0.973844
0.972186
0.970633
0.969303
0.968235
0.967481
0.967034
0.966923
0.967219
0.967894
0.969436
0.972589
0.981526
0.990663
0.973276
0.976713
0.976698
0.976571
0.976098
0.975471
0.974755
0.974089
0.973478
0.973027
0.972697
0.972546
0.972554
0.972708
0.973126
0.973662
0.975036
0.977429
0.984205
0.991755
0.981231
0.983499
0.984712
0.985439
0.985826
0.986068
0.986194
0.986323
0.986414
0.986556
0.986683
0.986874
0.987053
0.987295
0.98753
0.987855
0.988271
0.98915
0.990902
0.993988
)
;

boundaryField
{
    movingWall
    {
        type            fixedValue;
        value           uniform 1;
    }
    fixedWalls
    {
        type            zeroGradient;
    }
    frontAndBack
    {
        type            empty;
    }
}


// ************************************************************************* //
