/*--------------------------------*- C++ -*----------------------------------*\
| =========                 |                                                 |
| \\      /  F ield         | OpenFOAM: The Open Source CFD Toolbox           |
|  \\    /   O peration     | Version:  2212                                  |
|   \\  /    A nd           | Website:  www.openfoam.com                      |
|    \\/     M anipulation  |                                                 |
\*---------------------------------------------------------------------------*/
FoamFile
{
    version     2.0;
    format      ascii;
    arch        "LSB;label=32;scalar=64";
    class       volScalarField;
    location    "19.5";
    object      T;
}
// * * * * * * * * * * * * * * * * * * * * * * * * * * * * * * * * * * * * * //

dimensions      [0 0 0 1 0 0 0];

internalField   nonuniform List<scalar> 
400
(
0.983801
0.98414
0.984824
0.985838
0.987022
0.988107
0.988889
0.989348
0.989598
0.989768
0.989924
0.990085
0.990258
0.990437
0.990595
0.990688
0.990642
0.990381
0.989947
0.989593
0.984232
0.984646
0.985476
0.986664
0.987925
0.988859
0.98932
0.989482
0.989536
0.989578
0.989664
0.989829
0.990085
0.990418
0.990761
0.991012
0.991016
0.990655
0.990084
0.989674
0.984904
0.985461
0.986495
0.987741
0.988724
0.989142
0.989123
0.988916
0.988659
0.988464
0.98843
0.988627
0.989055
0.989703
0.990454
0.991137
0.991467
0.99116
0.990336
0.989825
0.985562
0.986267
0.987395
0.988405
0.988833
0.988632
0.988065
0.987345
0.986634
0.986108
0.985902
0.98613
0.986762
0.987812
0.989137
0.990531
0.991615
0.99189
0.990979
0.990175
0.986067
0.986857
0.987895
0.988452
0.988218
0.987346
0.986127
0.984786
0.98356
0.982666
0.982263
0.982481
0.983286
0.984707
0.986614
0.988802
0.990887
0.992279
0.992133
0.990825
0.986398
0.987182
0.987979
0.987979
0.987056
0.98549
0.983592
0.981644
0.979944
0.978725
0.978146
0.978313
0.979223
0.980892
0.983236
0.986077
0.989079
0.991686
0.992987
0.991774
0.986579
0.987276
0.987744
0.987178
0.985611
0.983402
0.980897
0.978451
0.976397
0.974961
0.974276
0.974398
0.975342
0.977115
0.979686
0.982944
0.986618
0.990193
0.99285
0.993137
0.986652
0.987222
0.987361
0.986297
0.984176
0.981418
0.978427
0.97562
0.973343
0.971797
0.971071
0.971174
0.972109
0.973874
0.976476
0.979904
0.984009
0.988329
0.992014
0.993866
0.986652
0.987086
0.986936
0.985474
0.982923
0.979755
0.976425
0.973386
0.970981
0.969383
0.96864
0.968736
0.969651
0.971366
0.973884
0.977267
0.981552
0.986433
0.990942
0.993532
0.986606
0.98693
0.986582
0.984871
0.982043
0.978603
0.97505
0.971862
0.969373
0.967731
0.966959
0.967032
0.967926
0.969597
0.972012
0.975232
0.979459
0.984679
0.989972
0.993279
0.986531
0.986778
0.986321
0.984491
0.98153
0.977966
0.974319
0.971067
0.968529
0.966837
0.966008
0.966028
0.966875
0.968499
0.970822
0.973845
0.977847
0.98316
0.989071
0.993118
0.986434
0.986647
0.986187
0.984401
0.981477
0.977939
0.97431
0.971057
0.968487
0.966734
0.965827
0.965761
0.966521
0.968058
0.97027
0.97308
0.976753
0.981959
0.988349
0.993029
0.986315
0.986529
0.986138
0.98451
0.981765
0.978395
0.974911
0.971753
0.969217
0.967442
0.966468
0.966298
0.966927
0.96831
0.970345
0.972909
0.976179
0.98108
0.98778
0.99302
0.986165
0.986416
0.986167
0.984828
0.982424
0.979381
0.976176
0.973215
0.970779
0.969016
0.967983
0.967684
0.968131
0.969281
0.971044
0.973282
0.976097
0.98057
0.987412
0.993073
0.98597
0.986276
0.986166
0.985143
0.983164
0.980574
0.977789
0.975169
0.972964
0.971313
0.970285
0.96988
0.970119
0.970969
0.972359
0.974196
0.976525
0.980423
0.987221
0.993193
0.985738
0.986114
0.986187
0.985532
0.984071
0.98205
0.979806
0.977638
0.975758
0.974291
0.973305
0.972809
0.972809
0.973299
0.974236
0.975576
0.977378
0.980583
0.987216
0.99338
0.985507
0.985877
0.986009
0.985622
0.98464
0.983221
0.981605
0.980007
0.978582
0.977428
0.976587
0.976083
0.975901
0.976059
0.976556
0.977385
0.978713
0.981308
0.987604
0.9937
0.985344
0.985795
0.986067
0.985907
0.985351
0.984494
0.983475
0.982426
0.981444
0.980602
0.979928
0.979451
0.979168
0.979098
0.979285
0.979712
0.980687
0.982681
0.988329
0.994102
0.983129
0.985297
0.985286
0.985204
0.984904
0.984506
0.984053
0.983631
0.983245
0.982959
0.98275
0.982655
0.982659
0.982756
0.98302
0.983359
0.984227
0.98574
0.990022
0.994792
0.988151
0.989583
0.990348
0.990807
0.991051
0.991203
0.991282
0.991363
0.99142
0.991509
0.991589
0.991709
0.991822
0.991975
0.992123
0.992328
0.992591
0.993146
0.994254
0.996203
)
;

boundaryField
{
    movingWall
    {
        type            fixedValue;
        value           uniform 1;
    }
    fixedWalls
    {
        type            zeroGradient;
    }
    frontAndBack
    {
        type            empty;
    }
}


// ************************************************************************* //
