/*--------------------------------*- C++ -*----------------------------------*\
| =========                 |                                                 |
| \\      /  F ield         | OpenFOAM: The Open Source CFD Toolbox           |
|  \\    /   O peration     | Version:  2212                                  |
|   \\  /    A nd           | Website:  www.openfoam.com                      |
|    \\/     M anipulation  |                                                 |
\*---------------------------------------------------------------------------*/
FoamFile
{
    version     2.0;
    format      ascii;
    arch        "LSB;label=32;scalar=64";
    class       surfaceScalarField;
    location    "4.3";
    object      phi;
}
// * * * * * * * * * * * * * * * * * * * * * * * * * * * * * * * * * * * * * //

dimensions      [0 3 -1 0 0 0 0];

oriented        oriented;

internalField   nonuniform List<scalar> 
760
(
1.5421e-07
-1.5421e-07
2.89582e-07
-1.35372e-07
3.05004e-07
-1.54219e-08
1.78832e-07
1.26173e-07
-1.23835e-07
3.02666e-07
-6.66204e-07
5.42369e-07
-1.48002e-06
8.13819e-07
-2.47926e-06
9.99235e-07
-3.4639e-06
9.84644e-07
-4.20227e-06
7.38368e-07
-4.5275e-06
3.25231e-07
-4.3425e-06
-1.85e-07
-3.59017e-06
-7.52335e-07
-2.38364e-06
-1.20653e-06
-9.51718e-07
-1.43192e-06
3.32169e-07
-1.28389e-06
1.07621e-06
-7.44036e-07
1.02504e-06
5.11653e-08
4.58206e-07
5.66834e-07
4.58207e-07
1.21821e-07
-2.76031e-07
6.88441e-08
-8.2395e-08
-3.02148e-07
3.5557e-07
-1.07978e-06
9.03807e-07
-2.30877e-06
1.53165e-06
-3.90969e-06
2.14329e-06
-5.63466e-06
2.53879e-06
-7.17266e-06
2.53724e-06
-8.2996e-06
2.11158e-06
-8.90538e-06
1.34415e-06
-8.94271e-06
3.62558e-07
-8.38867e-06
-7.39038e-07
-7.27437e-06
-1.86663e-06
-5.63234e-06
-2.84856e-06
-3.60558e-06
-3.45868e-06
-1.49733e-06
-3.39214e-06
1.67308e-07
-2.40868e-06
8.50104e-07
-6.31631e-07
5.22189e-07
8.94749e-07
9.80396e-07
-1.29932e-07
-1.461e-07
-6.35783e-07
4.23456e-07
-1.62164e-06
1.34143e-06
-3.12821e-06
2.41037e-06
-5.03157e-06
3.43501e-06
-7.03556e-06
4.14728e-06
-8.82687e-06
4.3301e-06
-1.02254e-05
3.93576e-06
-1.11789e-05
3.06511e-06
-1.16797e-05
1.84491e-06
-1.16768e-05
3.59683e-07
-1.12224e-05
-1.19343e-06
-1.02968e-05
-2.79228e-06
-8.84547e-06
-4.29986e-06
-6.84816e-06
-5.45599e-06
-4.39316e-06
-5.84714e-06
-1.8781e-06
-4.92373e-06
-9.03663e-08
-2.41936e-06
2.92988e-07
5.11394e-07
1.27338e-06
-4.99248e-07
3.53148e-07
-1.55366e-06
1.47787e-06
-3.10309e-06
2.89086e-06
-5.05174e-06
4.35902e-06
-7.14249e-06
5.52576e-06
-9.06989e-06
6.07468e-06
-1.06321e-05
5.89232e-06
-1.17858e-05
5.08948e-06
-1.25588e-05
3.83812e-06
-1.2986e-05
2.27211e-06
-1.30531e-05
4.26775e-07
-1.28174e-05
-1.4292e-06
-1.22409e-05
-3.36875e-06
-1.12217e-05
-5.31902e-06
-9.62866e-06
-7.04905e-06
-7.33694e-06
-8.13887e-06
-4.38465e-06
-7.87602e-06
-1.37667e-06
-5.42734e-06
1.19055e-07
-9.84333e-07
1.39244e-06
-8.56722e-07
1.20987e-06
-2.34663e-06
2.96778e-06
-4.20471e-06
4.74894e-06
-6.23842e-06
6.39273e-06
-8.16919e-06
7.45652e-06
-9.77512e-06
7.68062e-06
-1.09787e-05
7.09592e-06
-1.18059e-05
5.91664e-06
-1.23185e-05
4.35073e-06
-1.25897e-05
2.54332e-06
-1.27102e-05
5.47267e-07
-1.2668e-05
-1.47137e-06
-1.24536e-05
-3.58318e-06
-1.19873e-05
-5.78533e-06
-1.10823e-05
-7.95403e-06
-9.4507e-06
-9.77047e-06
-6.79414e-06
-1.05326e-05
-3.21174e-06
-9.00973e-06
-2.62213e-07
-3.93386e-06
1.13023e-06
-1.07837e-06
2.28824e-06
-2.76347e-06
4.65288e-06
-4.64372e-06
6.62919e-06
-6.48939e-06
8.2384e-06
-8.07752e-06
9.04465e-06
-9.27671e-06
8.8798e-06
-1.00817e-05
7.90096e-06
-1.05572e-05
6.39213e-06
-1.07937e-05
4.5872e-06
-1.08918e-05
2.64138e-06
-1.09733e-05
6.28814e-07
-1.1027e-05
-1.41764e-06
-1.1068e-05
-3.54223e-06
-1.10662e-05
-5.7871e-06
-1.08669e-05
-8.15339e-06
-1.01419e-05
-1.04955e-05
-8.39778e-06
-1.22767e-05
-5.22121e-06
-1.21863e-05
-1.15492e-06
-8.00015e-06
-2.46914e-08
-1.10074e-06
3.38898e-06
-2.73585e-06
6.288e-06
-4.42141e-06
8.31475e-06
-5.9467e-06
9.76369e-06
-7.15208e-06
1.025e-05
-7.97421e-06
9.70193e-06
-8.44956e-06
8.37631e-06
-8.66473e-06
6.6073e-06
-8.72379e-06
4.64625e-06
-8.72503e-06
2.64262e-06
-8.75264e-06
6.56419e-07
-8.82632e-06
-1.34395e-06
-8.96577e-06
-3.40278e-06
-9.18175e-06
-5.57112e-06
-9.41588e-06
-7.91926e-06
-9.43462e-06
-1.04767e-05
-8.71796e-06
-1.29933e-05
-6.51074e-06
-1.43935e-05
-2.41269e-06
-1.20982e-05
-2.43739e-06
-9.26618e-07
4.3156e-06
-2.32708e-06
7.68846e-06
-3.7044e-06
9.69207e-06
-4.87532e-06
1.09346e-05
-5.73868e-06
1.11134e-05
-6.27653e-06
1.02398e-05
-6.54494e-06
8.64473e-06
-6.63472e-06
6.69708e-06
-6.64286e-06
4.6544e-06
-6.6439e-06
2.64366e-06
-6.67529e-06
6.87805e-07
-6.7549e-06
-1.26434e-06
-6.90423e-06
-3.25345e-06
-7.1537e-06
-5.32164e-06
-7.51918e-06
-7.55379e-06
-7.90691e-06
-1.0089e-05
-7.90421e-06
-1.2996e-05
-6.69355e-06
-1.56042e-05
-3.57009e-06
-1.52217e-05
-6.00748e-06
-6.1828e-07
4.93388e-06
-1.67231e-06
8.74249e-06
-2.69814e-06
1.07179e-05
-3.53093e-06
1.17674e-05
-4.1147e-06
1.16972e-05
-4.4587e-06
1.05838e-05
-4.6211e-06
8.80712e-06
-4.6804e-06
6.75638e-06
-4.7098e-06
4.6838e-06
-4.75421e-06
2.68807e-06
-4.8246e-06
7.58198e-07
-4.92808e-06
-1.16086e-06
-5.07507e-06
-3.10646e-06
-5.2947e-06
-5.10201e-06
-5.64192e-06
-7.20657e-06
-6.12838e-06
-9.60252e-06
-6.53192e-06
-1.25925e-05
-6.10936e-06
-1.60267e-05
-3.91049e-06
-1.74205e-05
-9.91796e-06
-2.29206e-07
5.16308e-06
-8.84331e-07
9.39761e-06
-1.55102e-06
1.13846e-05
-2.07626e-06
1.22926e-05
-2.43182e-06
1.20527e-05
-2.64148e-06
1.07935e-05
-2.75322e-06
8.91886e-06
-2.82045e-06
6.82361e-06
-2.88854e-06
4.75189e-06
-2.98018e-06
2.7797e-06
-3.09835e-06
8.76372e-07
-3.24311e-06
-1.01611e-06
-3.41509e-06
-2.93448e-06
-3.62723e-06
-4.88988e-06
-3.93149e-06
-6.90231e-06
-4.40948e-06
-9.12453e-06
-5.00503e-06
-1.19969e-05
-5.11196e-06
-1.59198e-05
-3.55056e-06
-1.89819e-05
-1.34685e-05
1.63144e-07
4.99994e-06
-6.78635e-08
9.62862e-06
-3.98141e-07
1.17149e-05
-6.46728e-07
1.25412e-05
-7.99163e-07
1.22051e-05
-8.86373e-07
1.08807e-05
-9.47915e-07
8.9804e-06
-1.01588e-06
6.89158e-06
-1.1071e-06
4.8431e-06
-1.22927e-06
2.90188e-06
-1.38466e-06
1.03176e-06
-1.57547e-06
-8.25291e-07
-1.80077e-06
-2.70919e-06
-2.05917e-06
-4.63147e-06
-2.37948e-06
-6.582e-06
-2.85545e-06
-8.64857e-06
-3.54904e-06
-1.13033e-05
-4.0197e-06
-1.54492e-05
-3.02209e-06
-1.99795e-05
-1.64906e-05
4.97347e-07
4.50259e-06
6.94409e-07
9.43156e-06
7.37651e-07
1.16716e-05
7.73681e-07
1.25052e-05
8.19323e-07
1.21595e-05
8.48862e-07
1.08511e-05
8.42172e-07
8.98709e-06
7.90866e-07
6.94288e-06
6.96603e-07
4.93737e-06
5.61527e-07
3.03695e-06
3.8116e-07
1.21213e-06
1.49297e-07
-5.93428e-07
-1.36232e-07
-2.42366e-06
-4.82197e-07
-4.2855e-06
-8.94028e-07
-6.17017e-06
-1.41832e-06
-8.12428e-06
-2.20224e-06
-1.05194e-05
-2.95524e-06
-1.46962e-05
-2.46169e-06
-2.04731e-05
-1.89523e-05
7.50219e-07
3.75237e-06
1.34445e-06
8.83733e-06
1.73532e-06
1.12807e-05
2.06365e-06
1.21769e-05
2.33622e-06
1.18869e-05
2.52207e-06
1.06653e-05
2.61236e-06
8.8968e-06
2.61779e-06
6.93745e-06
2.55306e-06
5.0021e-06
2.42617e-06
3.16385e-06
2.23068e-06
1.40761e-06
1.95277e-06
-3.15516e-07
1.59176e-06
-2.06265e-06
1.14257e-06
-3.83632e-06
5.99928e-07
-5.62752e-06
-8.94458e-08
-7.4349e-06
-9.63768e-07
-9.64511e-06
-1.92718e-06
-1.37327e-05
-1.92901e-06
-2.04713e-05
-2.08813e-05
8.63235e-07
2.88914e-06
1.79663e-06
7.90393e-06
2.53447e-06
1.05429e-05
3.1727e-06
1.15386e-05
3.71831e-06
1.13413e-05
4.12736e-06
1.02562e-05
4.38325e-06
8.64091e-06
4.49992e-06
6.82078e-06
4.50114e-06
5.00087e-06
4.40312e-06
3.26186e-06
4.20468e-06
1.60605e-06
3.87728e-06
1.1889e-08
3.43556e-06
-1.62093e-06
2.85672e-06
-3.25748e-06
2.14049e-06
-4.91129e-06
1.30365e-06
-6.59806e-06
2.53692e-07
-8.59515e-06
-9.70072e-07
-1.2509e-05
-1.43284e-06
-2.00085e-05
-2.23142e-05
7.99097e-07
2.09004e-06
1.93844e-06
6.76458e-06
2.97525e-06
9.5061e-06
3.9443e-06
1.05696e-05
4.8179e-06
1.04677e-05
5.52948e-06
9.54465e-06
6.03928e-06
8.13111e-06
6.35018e-06
6.50988e-06
6.48382e-06
4.86723e-06
6.45955e-06
3.28614e-06
6.27724e-06
1.78836e-06
5.93195e-06
3.57183e-07
5.39557e-06
-1.08455e-06
4.67206e-06
-2.53397e-06
3.75341e-06
-3.99264e-06
2.6677e-06
-5.51236e-06
1.37193e-06
-7.29938e-06
-1.64531e-07
-1.09725e-05
-9.20615e-07
-1.92524e-05
-2.32348e-05
5.72047e-07
1.518e-06
1.74459e-06
5.59204e-06
3.0753e-06
8.17539e-06
4.4198e-06
9.22509e-06
5.68073e-06
9.20679e-06
6.75921e-06
8.46617e-06
7.58939e-06
7.30093e-06
8.15844e-06
5.94083e-06
8.47928e-06
4.54639e-06
8.56976e-06
3.19566e-06
8.43724e-06
1.92088e-06
8.07989e-06
7.1453e-07
7.45445e-06
-4.59102e-07
6.57744e-06
-1.65696e-06
5.43585e-06
-2.85106e-06
4.07057e-06
-4.14708e-06
2.5499e-06
-5.77871e-06
9.40824e-07
-9.36343e-06
-1.5191e-07
-1.81597e-05
-2.33867e-05
1.48951e-07
1.36904e-06
1.02804e-06
4.71295e-06
2.49662e-06
6.70681e-06
4.21036e-06
7.51135e-06
5.9251e-06
7.49206e-06
7.45353e-06
6.93774e-06
8.69271e-06
6.06175e-06
9.61283e-06
5.02071e-06
1.02092e-05
3.95001e-06
1.04943e-05
2.91052e-06
1.04746e-05
1.94059e-06
1.01563e-05
1.03281e-06
9.49687e-06
2.00379e-07
8.51324e-06
-6.73336e-07
7.19883e-06
-1.53665e-06
5.604e-06
-2.55224e-06
3.88718e-06
-4.06189e-06
2.22619e-06
-7.70244e-06
6.47553e-07
-1.6581e-05
-2.27391e-05
-5.14998e-07
1.88404e-06
1.96399e-07
4.00155e-06
1.74218e-06
5.16103e-06
3.79525e-06
5.45829e-06
5.94097e-06
5.34633e-06
7.894e-06
4.98471e-06
9.51764e-06
4.43811e-06
1.07707e-05
3.76768e-06
1.16356e-05
3.08505e-06
1.21296e-05
2.41651e-06
1.22572e-05
1.81305e-06
1.20387e-05
1.25127e-06
1.14961e-05
7.42994e-07
1.06037e-05
2.19103e-07
9.36546e-06
-2.98438e-07
7.85093e-06
-1.03772e-06
6.24575e-06
-2.45671e-06
4.44516e-06
-5.90185e-06
2.05082e-06
-1.41867e-05
-2.06883e-05
-4.17685e-06
6.06089e-06
-3.6408e-06
3.4655e-06
-1.25231e-06
2.77255e-06
1.53719e-06
2.66879e-06
4.26737e-06
2.61615e-06
6.7931e-06
2.45899e-06
9.00215e-06
2.22906e-06
1.08349e-05
1.93498e-06
1.22734e-05
1.64653e-06
1.3345e-05
1.3449e-06
1.4067e-05
1.09105e-06
1.44839e-05
8.34344e-07
1.45844e-05
6.42485e-07
1.43789e-05
4.24577e-07
1.38585e-05
2.22e-07
1.30382e-05
-2.17421e-07
1.19085e-05
-1.32696e-06
1.01068e-05
-4.1002e-06
5.6356e-06
-9.71549e-06
-1.50527e-05
6.06089e-06
9.52639e-06
1.22989e-05
1.49677e-05
1.75839e-05
2.00429e-05
2.22719e-05
2.42069e-05
2.58534e-05
2.71983e-05
2.82894e-05
2.91237e-05
2.97662e-05
3.01908e-05
3.04128e-05
3.01954e-05
2.88684e-05
2.47682e-05
1.50527e-05
)
;

boundaryField
{
    movingWall
    {
        type            calculated;
        value           uniform 0;
    }
    fixedWalls
    {
        type            calculated;
        value           uniform 0;
    }
    frontAndBack
    {
        type            empty;
        value           nonuniform List<scalar> 0();
    }
}


// ************************************************************************* //
