/*--------------------------------*- C++ -*----------------------------------*\
| =========                 |                                                 |
| \\      /  F ield         | OpenFOAM: The Open Source CFD Toolbox           |
|  \\    /   O peration     | Version:  2212                                  |
|   \\  /    A nd           | Website:  www.openfoam.com                      |
|    \\/     M anipulation  |                                                 |
\*---------------------------------------------------------------------------*/
FoamFile
{
    version     2.0;
    format      ascii;
    arch        "LSB;label=32;scalar=64";
    class       volScalarField;
    location    "4.3";
    object      T;
}
// * * * * * * * * * * * * * * * * * * * * * * * * * * * * * * * * * * * * * //

dimensions      [0 0 0 1 0 0 0];

internalField   nonuniform List<scalar> 
400
(
0.485501
0.503207
0.538686
0.590267
0.648864
0.700245
0.734735
0.75254
0.760434
0.764791
0.768021
0.770648
0.772768
0.774064
0.773817
0.770669
0.762381
0.745657
0.720902
0.700501
0.50909
0.530292
0.572429
0.631664
0.692469
0.73534
0.755447
0.763145
0.767075
0.769884
0.772666
0.775975
0.779881
0.783823
0.786237
0.784515
0.774744
0.753447
0.724666
0.702916
0.54572
0.57351
0.624896
0.686058
0.733951
0.756546
0.762738
0.76366
0.762625
0.761645
0.7625
0.7664
0.773427
0.783129
0.79303
0.798982
0.793897
0.770017
0.731665
0.707229
0.581845
0.616639
0.672962
0.724983
0.75292
0.758136
0.753545
0.745174
0.735529
0.728162
0.72542
0.729458
0.740002
0.757356
0.778948
0.800284
0.812249
0.800997
0.755278
0.71986
0.61064
0.650439
0.705614
0.742994
0.75209
0.742888
0.726358
0.706281
0.687155
0.673032
0.666444
0.669706
0.682467
0.705635
0.73762
0.775082
0.810141
0.827656
0.801689
0.745794
0.63133
0.673187
0.722961
0.744906
0.737884
0.715765
0.687269
0.656874
0.630488
0.611584
0.602368
0.604303
0.617513
0.642854
0.680037
0.727364
0.779825
0.82611
0.841406
0.785275
0.645307
0.686556
0.728982
0.737135
0.717055
0.684052
0.645911
0.608624
0.578234
0.557257
0.547112
0.548162
0.560803
0.585775
0.623822
0.674861
0.73612
0.799737
0.848662
0.839866
0.654204
0.693102
0.72832
0.725654
0.695599
0.654141
0.609285
0.56818
0.53621
0.514923
0.504789
0.505388
0.516907
0.539993
0.576068
0.626873
0.692238
0.766155
0.834042
0.869997
0.659467
0.695128
0.724288
0.714005
0.676952
0.629706
0.580875
0.538078
0.505859
0.484995
0.475182
0.475622
0.486167
0.507109
0.53972
0.586906
0.65212
0.733089
0.813721
0.863322
0.662067
0.694281
0.719214
0.704875
0.663887
0.61322
0.562245
0.518725
0.486556
0.465978
0.456211
0.456393
0.466257
0.48577
0.515441
0.557858
0.619162
0.703176
0.796635
0.85912
0.662674
0.69161
0.714107
0.698753
0.656457
0.604505
0.552963
0.50941
0.47728
0.456577
0.446374
0.445921
0.455007
0.473463
0.501039
0.539043
0.594461
0.67736
0.780038
0.856211
0.661713
0.687701
0.709322
0.696033
0.655438
0.604382
0.553507
0.510213
0.477831
0.456522
0.445473
0.444046
0.452069
0.469358
0.495221
0.529461
0.578221
0.65735
0.767302
0.854843
0.659273
0.682804
0.704626
0.695655
0.659289
0.61114
0.562278
0.519996
0.487703
0.465879
0.453943
0.451335
0.457918
0.473477
0.497198
0.527927
0.569745
0.642306
0.756762
0.854791
0.655211
0.676815
0.699336
0.696582
0.667417
0.624875
0.579903
0.53973
0.508009
0.485747
0.472786
0.46862
0.47322
0.486242
0.506889
0.533548
0.568543
0.633378
0.75005
0.855992
0.649359
0.669954
0.692998
0.696513
0.675988
0.641215
0.602297
0.566189
0.536643
0.51506
0.501696
0.496119
0.498351
0.507983
0.52429
0.546049
0.574381
0.629855
0.746089
0.858337
0.642056
0.661965
0.685325
0.694933
0.684518
0.660042
0.629732
0.599843
0.574106
0.554235
0.540848
0.533809
0.533011
0.538222
0.548959
0.564537
0.58619
0.631265
0.745621
0.86202
0.635343
0.654543
0.676401
0.688884
0.686497
0.672452
0.652384
0.631112
0.611702
0.59581
0.584059
0.576648
0.573357
0.574223
0.579374
0.588546
0.604766
0.64163
0.751943
0.868162
0.630435
0.648526
0.670159
0.684162
0.687966
0.683179
0.673063
0.660577
0.647923
0.636505
0.627019
0.619889
0.615317
0.613338
0.615015
0.619756
0.633251
0.663463
0.76486
0.876029
0.585995
0.64789
0.657784
0.666807
0.670041
0.669979
0.667638
0.66473
0.661586
0.659467
0.658132
0.658246
0.65973
0.662363
0.667692
0.673881
0.689391
0.716215
0.79591
0.889449
0.70712
0.744184
0.765345
0.7795
0.788771
0.795697
0.800726
0.805372
0.809156
0.813289
0.81688
0.821097
0.824819
0.829281
0.833266
0.838448
0.8442
0.855808
0.877387
0.917538
)
;

boundaryField
{
    movingWall
    {
        type            fixedValue;
        value           uniform 1;
    }
    fixedWalls
    {
        type            zeroGradient;
    }
    frontAndBack
    {
        type            empty;
    }
}


// ************************************************************************* //
