/*--------------------------------*- C++ -*----------------------------------*\
| =========                 |                                                 |
| \\      /  F ield         | OpenFOAM: The Open Source CFD Toolbox           |
|  \\    /   O peration     | Version:  2212                                  |
|   \\  /    A nd           | Website:  www.openfoam.com                      |
|    \\/     M anipulation  |                                                 |
\*---------------------------------------------------------------------------*/
FoamFile
{
    version     2.0;
    format      ascii;
    arch        "LSB;label=32;scalar=64";
    class       volScalarField;
    location    "9.5";
    object      T;
}
// * * * * * * * * * * * * * * * * * * * * * * * * * * * * * * * * * * * * * //

dimensions      [0 0 0 1 0 0 0];

internalField   nonuniform List<scalar> 
400
(
0.878991
0.881961
0.887973
0.896812
0.906999
0.916121
0.922472
0.926007
0.927821
0.92902
0.930089
0.931171
0.932307
0.933451
0.934412
0.934871
0.934305
0.932133
0.928634
0.925764
0.88287
0.886472
0.893674
0.903914
0.914597
0.922288
0.925938
0.927206
0.927685
0.928042
0.928672
0.929802
0.931507
0.933681
0.935863
0.937341
0.937025
0.934082
0.929599
0.926341
0.888898
0.893675
0.902529
0.913126
0.921375
0.924888
0.924999
0.923774
0.922171
0.920951
0.92078
0.922119
0.924988
0.929291
0.934228
0.938612
0.940453
0.937745
0.931373
0.927405
0.894782
0.90077
0.910377
0.919003
0.922863
0.921836
0.918211
0.913524
0.908844
0.905378
0.904029
0.905564
0.909798
0.916827
0.925684
0.934955
0.942002
0.943292
0.936122
0.92998
0.899327
0.906039
0.914992
0.920121
0.919097
0.913429
0.905415
0.89652
0.888364
0.882411
0.879716
0.881169
0.886537
0.896032
0.908809
0.923497
0.937475
0.946604
0.944799
0.934847
0.902385
0.909139
0.916343
0.917368
0.911489
0.90113
0.888545
0.875576
0.864277
0.856169
0.852314
0.853407
0.859432
0.870518
0.886139
0.905159
0.925349
0.942921
0.95142
0.942027
0.90419
0.910373
0.915234
0.912212
0.90191
0.88725
0.870621
0.854368
0.840767
0.831267
0.826736
0.827519
0.833732
0.845438
0.862472
0.884168
0.908766
0.932857
0.950835
0.952286
0.905089
0.910387
0.91292
0.906418
0.89237
0.874066
0.854228
0.835641
0.820622
0.810443
0.805663
0.806319
0.812437
0.824029
0.841187
0.863904
0.891275
0.920273
0.945198
0.95781
0.905366
0.909689
0.910196
0.900968
0.884048
0.863036
0.840978
0.820914
0.805105
0.794624
0.78975
0.790354
0.796322
0.807535
0.824065
0.846383
0.874845
0.907514
0.937921
0.955525
0.90524
0.908724
0.907846
0.896947
0.878196
0.855403
0.831902
0.810898
0.794576
0.783831
0.778775
0.779237
0.785048
0.795952
0.811757
0.832918
0.860894
0.895736
0.931382
0.953824
0.904839
0.9077
0.906048
0.894394
0.874785
0.851182
0.827087
0.805687
0.789059
0.777998
0.772581
0.772691
0.778193
0.788775
0.803953
0.823767
0.850171
0.885535
0.925282
0.952732
0.90424
0.906746
0.90503
0.89373
0.874413
0.850992
0.827027
0.805621
0.788782
0.777328
0.771402
0.770952
0.775884
0.785894
0.800339
0.818733
0.8429
0.877486
0.920414
0.952141
0.903438
0.905824
0.904519
0.894368
0.876302
0.854004
0.830983
0.810193
0.79356
0.781944
0.775575
0.77445
0.778533
0.787546
0.800834
0.817612
0.839082
0.871579
0.916557
0.952078
0.902382
0.904882
0.904451
0.896313
0.880605
0.860502
0.839317
0.8198
0.803792
0.792229
0.785463
0.783493
0.786396
0.793894
0.805417
0.820065
0.838526
0.86814
0.914069
0.952448
0.900977
0.90374
0.904163
0.8982
0.885423
0.868361
0.849958
0.832662
0.818134
0.807278
0.800524
0.797856
0.799405
0.804952
0.814046
0.826071
0.841334
0.86711
0.912758
0.953259
0.899295
0.902422
0.903938
0.900459
0.891236
0.878032
0.863245
0.848929
0.836526
0.826854
0.820349
0.817071
0.817056
0.820249
0.826377
0.835146
0.846953
0.868125
0.912704
0.954537
0.897643
0.900697
0.90249
0.900745
0.894748
0.88562
0.875036
0.864516
0.85512
0.8475
0.84194
0.838601
0.837378
0.838391
0.841628
0.847042
0.855753
0.872915
0.915295
0.956708
0.89647
0.899953
0.902554
0.902237
0.899078
0.89373
0.887171
0.880331
0.873887
0.868344
0.863886
0.860722
0.858838
0.858348
0.859564
0.862353
0.868807
0.882062
0.920179
0.959449
0.881373
0.897008
0.897394
0.89731
0.895659
0.893271
0.890448
0.88779
0.885329
0.88352
0.882203
0.881633
0.881722
0.882418
0.884233
0.886536
0.892407
0.902614
0.931629
0.964146
0.916602
0.926756
0.932247
0.935601
0.937462
0.938672
0.93936
0.940042
0.940541
0.941253
0.94188
0.942782
0.943613
0.94472
0.945776
0.947227
0.949047
0.952863
0.960408
0.973777
)
;

boundaryField
{
    movingWall
    {
        type            fixedValue;
        value           uniform 1;
    }
    fixedWalls
    {
        type            zeroGradient;
    }
    frontAndBack
    {
        type            empty;
    }
}


// ************************************************************************* //
