/*--------------------------------*- C++ -*----------------------------------*\
| =========                 |                                                 |
| \\      /  F ield         | OpenFOAM: The Open Source CFD Toolbox           |
|  \\    /   O peration     | Version:  2212                                  |
|   \\  /    A nd           | Website:  www.openfoam.com                      |
|    \\/     M anipulation  |                                                 |
\*---------------------------------------------------------------------------*/
FoamFile
{
    version     2.0;
    format      ascii;
    arch        "LSB;label=32;scalar=64";
    class       volVectorField;
    location    "9.5";
    object      U;
}
// * * * * * * * * * * * * * * * * * * * * * * * * * * * * * * * * * * * * * //

dimensions      [0 1 -1 0 0 0 0];

internalField   nonuniform List<vector> 
400
(
(0.00168171 -0.00168371 0)
(0.00483844 -0.00189217 0)
(0.00659076 -0.00120068 0)
(0.00567438 -0.000575097 0)
(0.00157181 0.000184011 0)
(-0.00682942 0.00173938 0)
(-0.0206082 0.00478627 0)
(-0.0395409 0.00873588 0)
(-0.0608107 0.0112925 0)
(-0.0791372 0.0105124 0)
(-0.0898125 0.00677453 0)
(-0.0904633 0.00166907 0)
(-0.0802264 -0.00361634 0)
(-0.0599946 -0.0082748 0)
(-0.0335219 -0.010847 0)
(-0.0052938 -0.00979525 0)
(0.0167228 -0.00477322 0)
(0.0244699 0.00277669 0)
(0.0161784 0.0064721 0)
(0.0043165 0.00471707 0)
(0.00172037 -0.00506494 0)
(0.00316231 -0.00403218 0)
(-0.00041756 0.000587894 0)
(-0.0113303 0.0064417 0)
(-0.0314262 0.01405 0)
(-0.0611497 0.0237737 0)
(-0.0968463 0.0330614 0)
(-0.131459 0.0370925 0)
(-0.158972 0.0335173 0)
(-0.176104 0.0234014 0)
(-0.181451 0.00910948 0)
(-0.17508 -0.00698979 0)
(-0.157562 -0.023174 0)
(-0.129652 -0.036914 0)
(-0.0936153 -0.0445657 0)
(-0.0521951 -0.041839 0)
(-0.0114008 -0.0263346 0)
(0.016889 -0.00127949 0)
(0.0178719 0.0162235 0)
(0.00554217 0.0148198 0)
(-0.000239712 -0.00578001 0)
(-0.00538144 0.000802136 0)
(-0.0196098 0.0142995 0)
(-0.0445045 0.0312361 0)
(-0.0803417 0.0494457 0)
(-0.122205 0.0643208 0)
(-0.162351 0.0705469 0)
(-0.195274 0.066029 0)
(-0.218867 0.0521913 0)
(-0.232535 0.0315341 0)
(-0.236291 0.00641659 0)
(-0.230806 -0.0211133 0)
(-0.216392 -0.0488732 0)
(-0.192546 -0.0732274 0)
(-0.159008 -0.0890275 0)
(-0.115743 -0.0892306 0)
(-0.0645638 -0.0670298 0)
(-0.0138217 -0.0226653 0)
(0.00948126 0.017918 0)
(0.00415545 0.0235799 0)
(-0.00347203 0.000453755 0)
(-0.0175152 0.017241 0)
(-0.0435171 0.0415015 0)
(-0.0796841 0.0681959 0)
(-0.122962 0.0911624 0)
(-0.165856 0.10385 0)
(-0.201929 0.102905 0)
(-0.229253 0.0896727 0)
(-0.248093 0.0673269 0)
(-0.259047 0.03858 0)
(-0.262955 0.0053176 0)
(-0.260622 -0.0311172 0)
(-0.251989 -0.0684557 0)
(-0.23601 -0.103745 0)
(-0.210698 -0.131493 0)
(-0.17335 -0.142893 0)
(-0.121405 -0.125767 0)
(-0.0568454 -0.0708542 0)
(-0.000987192 0.00356571 0)
(0.00474229 0.0282405 0)
(-0.00666293 0.0147836 0)
(-0.0287308 0.0441125 0)
(-0.0632924 0.0770976 0)
(-0.104466 0.108925 0)
(-0.147288 0.131215 0)
(-0.184589 0.138202 0)
(-0.212929 0.129509 0)
(-0.232713 0.10875 0)
(-0.245231 0.0797996 0)
(-0.252208 0.0454485 0)
(-0.255327 0.00724065 0)
(-0.255509 -0.033998 0)
(-0.252529 -0.0770844 0)
(-0.245847 -0.120689 0)
(-0.232651 -0.160826 0)
(-0.208328 -0.189037 0)
(-0.166825 -0.189986 0)
(-0.103452 -0.142883 0)
(-0.0221829 -0.0388545 0)
(0.00738193 0.0271011 0)
(-0.00851128 0.0348751 0)
(-0.0351793 0.0766431 0)
(-0.0730973 0.11496 0)
(-0.113272 0.147712 0)
(-0.150538 0.166045 0)
(-0.179402 0.165982 0)
(-0.198929 0.149771 0)
(-0.210676 0.122511 0)
(-0.216626 0.0885487 0)
(-0.219258 0.0508719 0)
(-0.220527 0.0109558 0)
(-0.221428 -0.0307579 0)
(-0.22216 -0.0747218 0)
(-0.222833 -0.121294 0)
(-0.22126 -0.16924 0)
(-0.212357 -0.213073 0)
(-0.188037 -0.238602 0)
(-0.139695 -0.218552 0)
(-0.0628521 -0.118947 0)
(0.0058491 0.0142033 0)
(-0.00829357 0.0570091 0)
(-0.0353451 0.110019 0)
(-0.0718435 0.150508 0)
(-0.107087 0.181202 0)
(-0.136725 0.193897 0)
(-0.157133 0.186501 0)
(-0.169046 0.163337 0)
(-0.174585 0.130552 0)
(-0.176159 0.0929053 0)
(-0.176258 0.0534114 0)
(-0.176371 0.0133149 0)
(-0.177172 -0.0273105 0)
(-0.179204 -0.0695783 0)
(-0.183013 -0.114731 0)
(-0.187961 -0.163865 0)
(-0.190431 -0.215835 0)
(-0.182543 -0.261686 0)
(-0.154292 -0.275204 0)
(-0.0994094 -0.205926 0)
(-0.00890846 -0.0146256 0)
(-0.00613647 0.0776072 0)
(-0.0297967 0.140574 0)
(-0.0614357 0.181248 0)
(-0.0899098 0.208366 0)
(-0.111922 0.214956 0)
(-0.125461 0.200629 0)
(-0.132152 0.171396 0)
(-0.134305 0.134232 0)
(-0.134368 0.0941165 0)
(-0.134269 0.053752 0)
(-0.134675 0.0138638 0)
(-0.135768 -0.0258889 0)
(-0.138001 -0.0664848 0)
(-0.142064 -0.109103 0)
(-0.148577 -0.155692 0)
(-0.156242 -0.208608 0)
(-0.159097 -0.265934 0)
(-0.146768 -0.308169 0)
(-0.112267 -0.27724 0)
(-0.0309689 -0.0753443 0)
(-0.00273066 0.0936288 0)
(-0.0204227 0.165668 0)
(-0.0451618 0.205643 0)
(-0.0663606 0.228637 0)
(-0.081632 0.2296 0)
(-0.0901245 0.209613 0)
(-0.0937581 0.17586 0)
(-0.0946711 0.135822 0)
(-0.0949492 0.094475 0)
(-0.0957451 0.0540327 0)
(-0.0970951 0.0145942 0)
(-0.098905 -0.0245851 0)
(-0.101341 -0.0642353 0)
(-0.104908 -0.105007 0)
(-0.110754 -0.148489 0)
(-0.119615 -0.19861 0)
(-0.128368 -0.259839 0)
(-0.12654 -0.323502 0)
(-0.107492 -0.334806 0)
(-0.037354 -0.16346 0)
(0.00121937 0.102777 0)
(-0.00894568 0.183513 0)
(-0.0256512 0.2232 0)
(-0.0396528 0.242824 0)
(-0.0491342 0.23959 0)
(-0.0540084 0.215616 0)
(-0.0559789 0.178859 0)
(-0.0566923 0.137161 0)
(-0.0576536 0.095406 0)
(-0.0593958 0.055272 0)
(-0.0616889 0.0163101 0)
(-0.0643892 -0.0224916 0)
(-0.067488 -0.0617396 0)
(-0.0711634 -0.101633 0)
(-0.0763475 -0.14284 0)
(-0.0846101 -0.188984 0)
(-0.0960778 -0.248406 0)
(-0.100661 -0.324369 0)
(-0.095181 -0.372274 0)
(-0.0309258 -0.242614 0)
(0.00511896 0.103944 0)
(0.00295749 0.193115 0)
(-0.00539123 0.233697 0)
(-0.0125093 0.250858 0)
(-0.016901 0.244774 0)
(-0.0187885 0.218556 0)
(-0.0194771 0.180494 0)
(-0.0200057 0.138418 0)
(-0.021304 0.0969605 0)
(-0.02354 0.0574223 0)
(-0.0264289 0.0190818 0)
(-0.0299124 -0.0191667 0)
(-0.0340068 -0.057978 0)
(-0.0386505 -0.0974034 0)
(-0.0443892 -0.13736 0)
(-0.0524495 -0.180231 0)
(-0.0657666 -0.235706 0)
(-0.0742257 -0.318148 0)
(-0.0812027 -0.396779 0)
(-0.0229433 -0.307175 0)
(0.00845859 0.0974692 0)
(0.0142224 0.194108 0)
(0.0141054 0.23722 0)
(0.013711 0.253639 0)
(0.014334 0.24656 0)
(0.0155311 0.219852 0)
(0.0163909 0.181803 0)
(0.0164448 0.140088 0)
(0.0153071 0.0991481 0)
(0.01303 0.0602221 0)
(0.00986215 0.0226257 0)
(0.00575393 -0.014751 0)
(0.000562259 -0.0526931 0)
(-0.00556333 -0.0912968 0)
(-0.0130312 -0.130191 0)
(-0.0219783 -0.170372 0)
(-0.0377191 -0.220751 0)
(-0.0487302 -0.304509 0)
(-0.0679048 -0.408523 0)
(-0.0144593 -0.360057 0)
(0.0103303 0.0844892 0)
(0.0234214 0.186512 0)
(0.031086 0.233344 0)
(0.0370165 0.250185 0)
(0.042679 0.243346 0)
(0.0476346 0.217561 0)
(0.0510724 0.180798 0)
(0.0527487 0.140391 0)
(0.0526175 0.100629 0)
(0.0508885 0.0628198 0)
(0.0477789 0.0264561 0)
(0.0431709 -0.00951936 0)
(0.0368972 -0.0459979 0)
(0.0290816 -0.0831346 0)
(0.0189261 -0.120561 0)
(0.00760001 -0.158504 0)
(-0.0118153 -0.204463 0)
(-0.0242379 -0.286511 0)
(-0.0558435 -0.411029 0)
(-0.00613738 -0.401905 0)
(0.00987894 0.0672369 0)
(0.0290331 0.170701 0)
(0.0443609 0.222252 0)
(0.056905 0.24135 0)
(0.0682004 0.236423 0)
(0.0778892 0.213061 0)
(0.0851121 0.178768 0)
(0.0895683 0.140426 0)
(0.0913342 0.102265 0)
(0.0907098 0.0658282 0)
(0.0880247 0.0309785 0)
(0.0829755 -0.00330113 0)
(0.0754606 -0.0375448 0)
(0.0657678 -0.0723278 0)
(0.0525151 -0.107454 0)
(0.0375805 -0.142804 0)
(0.013137 -0.184291 0)
(8.3776e-05 -0.263272 0)
(-0.0447959 -0.406729 0)
(0.00276613 -0.436281 0)
(0.0069304 0.0493976 0)
(0.0293681 0.148976 0)
(0.0511196 0.20366 0)
(0.070001 0.224581 0)
(0.0874799 0.221725 0)
(0.103177 0.201566 0)
(0.11585 0.170971 0)
(0.124817 0.13608 0)
(0.129991 0.100881 0)
(0.131613 0.0670517 0)
(0.129949 0.0348427 0)
(0.125025 0.00342972 0)
(0.116394 -0.027468 0)
(0.10466 -0.0587082 0)
(0.0875645 -0.0903332 0)
(0.0683724 -0.122953 0)
(0.038305 -0.160873 0)
(0.0238647 -0.237172 0)
(-0.0344375 -0.398975 0)
(0.0134758 -0.464438 0)
(0.00238731 0.0346264 0)
(0.0236439 0.123906 0)
(0.0509652 0.179963 0)
(0.0767014 0.202965 0)
(0.101371 0.202655 0)
(0.124258 0.186254 0)
(0.143716 0.160197 0)
(0.158527 0.129765 0)
(0.168275 0.0985708 0)
(0.173167 0.0683035 0)
(0.173143 0.03956 0)
(0.168915 0.0119348 0)
(0.159077 -0.0149143 0)
(0.145342 -0.0417211 0)
(0.124036 -0.0687653 0)
(0.100492 -0.0975684 0)
(0.064633 -0.132724 0)
(0.0470124 -0.207467 0)
(-0.0227018 -0.38709 0)
(0.0285342 -0.485563 0)
(-0.00342626 0.0286129 0)
(0.0100739 0.101503 0)
(0.0371174 0.148705 0)
(0.0689871 0.169474 0)
(0.101886 0.170696 0)
(0.133611 0.158405 0)
(0.161614 0.137969 0)
(0.184163 0.113565 0)
(0.200215 0.0882756 0)
(0.210142 0.0636321 0)
(0.213068 0.0403795 0)
(0.210815 0.0184003 0)
(0.200549 -0.0026802 0)
(0.185915 -0.0233188 0)
(0.161096 -0.0439863 0)
(0.134474 -0.0677491 0)
(0.092937 -0.101701 0)
(0.0698807 -0.18002 0)
(-0.00436511 -0.370056 0)
(0.0521625 -0.491643 0)
(-0.0140121 0.0185167 0)
(-0.00751603 0.088176 0)
(0.019222 0.124198 0)
(0.0564598 0.137326 0)
(0.0976189 0.136919 0)
(0.138007 0.127737 0)
(0.174265 0.113079 0)
(0.204115 0.0952996 0)
(0.226014 0.0768255 0)
(0.24111 0.0586751 0)
(0.247146 0.0418009 0)
(0.248062 0.0261053 0)
(0.238722 0.0117403 0)
(0.226903 -0.00205196 0)
(0.201901 -0.016093 0)
(0.177912 -0.0350297 0)
(0.13356 -0.067808 0)
(0.107843 -0.146004 0)
(0.0374737 -0.326119 0)
(0.0923681 -0.455871 0)
(-0.10602 0.0824176 0)
(-0.0777601 0.0689906 0)
(-0.0485678 0.0733707 0)
(0.00378266 0.0778914 0)
(0.0573009 0.0782259 0)
(0.110036 0.073962 0)
(0.157208 0.0666266 0)
(0.199574 0.0572216 0)
(0.231688 0.047545 0)
(0.259842 0.0378878 0)
(0.275571 0.0292198 0)
(0.290726 0.0212329 0)
(0.291077 0.0144748 0)
(0.295187 0.00809107 0)
(0.278882 0.00112262 0)
(0.271664 -0.0100149 0)
(0.232351 -0.0355696 0)
(0.218144 -0.0954198 0)
(0.150208 -0.229723 0)
(0.170672 -0.341455 0)
(0.129969 0.103745 0)
(0.15832 0.0752277 0)
(0.212165 0.0532275 0)
(0.270673 0.0416227 0)
(0.323249 0.0359131 0)
(0.375692 0.0319487 0)
(0.420288 0.0289166 0)
(0.465609 0.025581 0)
(0.498705 0.022903 0)
(0.533956 0.0197105 0)
(0.553395 0.0175476 0)
(0.579205 0.0146096 0)
(0.585342 0.0131647 0)
(0.603681 0.0103458 0)
(0.5951 0.00938337 0)
(0.603601 0.00499967 0)
(0.567792 8.9104e-05 0)
(0.547613 -0.018316 0)
(0.43569 -0.0504144 0)
(0.336754 -0.101386 0)
)
;

boundaryField
{
    movingWall
    {
        type            fixedValue;
        value           uniform (1 0 0);
    }
    fixedWalls
    {
        type            noSlip;
    }
    frontAndBack
    {
        type            empty;
    }
}


// ************************************************************************* //
