/*--------------------------------*- C++ -*----------------------------------*\
| =========                 |                                                 |
| \\      /  F ield         | OpenFOAM: The Open Source CFD Toolbox           |
|  \\    /   O peration     | Version:  2212                                  |
|   \\  /    A nd           | Website:  www.openfoam.com                      |
|    \\/     M anipulation  |                                                 |
\*---------------------------------------------------------------------------*/
FoamFile
{
    version     2.0;
    format      ascii;
    arch        "LSB;label=32;scalar=64";
    class       volScalarField;
    location    "19.9";
    object      T;
}
// * * * * * * * * * * * * * * * * * * * * * * * * * * * * * * * * * * * * * //

dimensions      [0 0 0 1 0 0 0];

internalField   nonuniform List<scalar> 
400
(
0.984998
0.985311
0.985945
0.986883
0.98798
0.988984
0.989708
0.990133
0.990364
0.990522
0.990667
0.990816
0.990976
0.991142
0.991288
0.991374
0.991332
0.99109
0.990689
0.99036
0.985397
0.98578
0.986548
0.987648
0.988815
0.98968
0.990107
0.990257
0.990307
0.990346
0.990426
0.990579
0.990816
0.991124
0.991442
0.991674
0.991678
0.991344
0.990815
0.990435
0.986018
0.986534
0.987491
0.988645
0.989555
0.989942
0.989925
0.989733
0.989494
0.989314
0.989283
0.989464
0.989861
0.990462
0.991157
0.99179
0.992096
0.991812
0.991048
0.990575
0.986627
0.98728
0.988325
0.98926
0.989656
0.98947
0.988944
0.988277
0.987618
0.987131
0.986941
0.987151
0.987737
0.98871
0.989937
0.991229
0.992233
0.992488
0.991644
0.9909
0.987095
0.987826
0.988787
0.989303
0.989086
0.988278
0.987149
0.985907
0.984771
0.983943
0.983569
0.983771
0.984517
0.985833
0.9876
0.989627
0.991558
0.992848
0.992713
0.991502
0.987402
0.988127
0.988865
0.988865
0.98801
0.986559
0.9848
0.982995
0.981421
0.980292
0.979755
0.97991
0.980753
0.9823
0.984471
0.987103
0.989883
0.992299
0.993504
0.992381
0.987569
0.988214
0.988647
0.988122
0.986671
0.984624
0.982304
0.980038
0.978135
0.976805
0.97617
0.976283
0.977157
0.9788
0.981182
0.984201
0.987604
0.990916
0.993377
0.993643
0.987637
0.988164
0.988293
0.987306
0.985341
0.982786
0.980016
0.977415
0.975306
0.973874
0.973201
0.973297
0.974163
0.975798
0.978208
0.981384
0.985187
0.989189
0.992602
0.994318
0.987636
0.988038
0.987899
0.986544
0.984181
0.981246
0.978161
0.975345
0.973117
0.971637
0.970949
0.971037
0.971886
0.973474
0.975807
0.978941
0.982911
0.987433
0.99161
0.994009
0.987594
0.987893
0.987571
0.985985
0.983366
0.980179
0.976887
0.973933
0.971628
0.970107
0.969391
0.969459
0.970287
0.971835
0.974073
0.977055
0.980972
0.985808
0.990711
0.993774
0.987524
0.987752
0.987328
0.985633
0.98289
0.979588
0.97621
0.973197
0.970846
0.969278
0.96851
0.968529
0.969314
0.970818
0.972971
0.975771
0.979479
0.9844
0.989876
0.993625
0.987435
0.987631
0.987205
0.98555
0.982841
0.979563
0.976202
0.973188
0.970807
0.969183
0.968343
0.968282
0.968986
0.970409
0.972459
0.975062
0.978465
0.983288
0.989207
0.993543
0.987324
0.987522
0.987159
0.985651
0.983108
0.979986
0.976758
0.973833
0.971484
0.969839
0.968937
0.968779
0.969362
0.970643
0.972528
0.974904
0.977933
0.982473
0.98868
0.993534
0.987185
0.987418
0.987186
0.985946
0.983719
0.9809
0.97793
0.975187
0.972931
0.971297
0.97034
0.970063
0.970478
0.971542
0.973176
0.975249
0.977857
0.982001
0.988339
0.993584
0.987004
0.987288
0.987186
0.986237
0.984404
0.982004
0.979425
0.976997
0.974955
0.973425
0.972473
0.972098
0.972319
0.973106
0.974394
0.976096
0.978253
0.981865
0.988163
0.993694
0.98679
0.987137
0.987205
0.986598
0.985244
0.983372
0.981293
0.979284
0.977543
0.976184
0.97527
0.974811
0.974811
0.975265
0.976133
0.977375
0.979044
0.982013
0.988158
0.993868
0.986576
0.986918
0.98704
0.986682
0.985771
0.984457
0.982959
0.981479
0.98016
0.97909
0.978311
0.977844
0.977675
0.977822
0.978282
0.979051
0.98028
0.982684
0.988517
0.994164
0.986425
0.986843
0.987094
0.986946
0.986431
0.985637
0.984692
0.98372
0.982811
0.982031
0.981406
0.980964
0.980702
0.980637
0.980811
0.981206
0.982109
0.983956
0.989189
0.994537
0.984373
0.986381
0.986371
0.986294
0.986016
0.985648
0.985228
0.984837
0.984479
0.984215
0.984021
0.983932
0.983936
0.984026
0.984271
0.984585
0.985389
0.98679
0.990757
0.995176
0.989025
0.990351
0.99106
0.991484
0.99171
0.991851
0.991925
0.991999
0.992052
0.992135
0.992209
0.99232
0.992425
0.992566
0.992703
0.992894
0.993137
0.993651
0.994677
0.996483
)
;

boundaryField
{
    movingWall
    {
        type            fixedValue;
        value           uniform 1;
    }
    fixedWalls
    {
        type            zeroGradient;
    }
    frontAndBack
    {
        type            empty;
    }
}


// ************************************************************************* //
