/*--------------------------------*- C++ -*----------------------------------*\
| =========                 |                                                 |
| \\      /  F ield         | OpenFOAM: The Open Source CFD Toolbox           |
|  \\    /   O peration     | Version:  2212                                  |
|   \\  /    A nd           | Website:  www.openfoam.com                      |
|    \\/     M anipulation  |                                                 |
\*---------------------------------------------------------------------------*/
FoamFile
{
    version     2.0;
    format      ascii;
    arch        "LSB;label=32;scalar=64";
    class       volScalarField;
    location    "18.8";
    object      T;
}
// * * * * * * * * * * * * * * * * * * * * * * * * * * * * * * * * * * * * * //

dimensions      [0 0 0 1 0 0 0];

internalField   nonuniform List<scalar> 
400
(
0.981472
0.981859
0.982642
0.983803
0.985159
0.986401
0.987296
0.98782
0.988106
0.988301
0.988479
0.988663
0.988861
0.989066
0.989246
0.989352
0.989299
0.989
0.988505
0.988099
0.981965
0.982439
0.983388
0.984749
0.986192
0.987261
0.987788
0.987974
0.988036
0.988084
0.988182
0.988371
0.988664
0.989044
0.989436
0.989723
0.989727
0.989314
0.988661
0.988192
0.982734
0.983372
0.984555
0.985982
0.987107
0.987585
0.987564
0.987328
0.987033
0.986811
0.986772
0.986997
0.987487
0.988227
0.989086
0.989866
0.990243
0.989892
0.988949
0.988364
0.983487
0.984294
0.985586
0.986742
0.987232
0.987003
0.986355
0.985531
0.984718
0.984117
0.983883
0.984143
0.984865
0.986066
0.987581
0.989174
0.990413
0.990727
0.989684
0.988765
0.984066
0.98497
0.986159
0.986796
0.986529
0.985532
0.98414
0.982606
0.981205
0.980183
0.979722
0.979972
0.980892
0.982516
0.984696
0.987198
0.989581
0.991172
0.991004
0.989508
0.984445
0.985343
0.986255
0.986256
0.985201
0.983411
0.981241
0.979014
0.977072
0.975678
0.975016
0.975207
0.976247
0.978155
0.980834
0.984082
0.987514
0.990495
0.991982
0.990594
0.984653
0.98545
0.985987
0.98534
0.98355
0.981024
0.978161
0.975364
0.973017
0.971375
0.970592
0.970731
0.97181
0.973837
0.976776
0.980501
0.984701
0.988788
0.991825
0.992153
0.984736
0.985389
0.98555
0.984333
0.981909
0.978756
0.975337
0.972128
0.969526
0.967759
0.966929
0.967046
0.968115
0.970133
0.973107
0.977026
0.981719
0.986657
0.990869
0.992986
0.984736
0.985234
0.985064
0.983393
0.980477
0.976855
0.973048
0.969574
0.966826
0.964999
0.96415
0.964259
0.965305
0.967265
0.970144
0.974011
0.978909
0.98449
0.989644
0.992605
0.984684
0.985055
0.984659
0.982704
0.979471
0.975539
0.971477
0.967832
0.964988
0.963111
0.962228
0.962312
0.963333
0.965244
0.968004
0.971684
0.976517
0.982484
0.988535
0.992316
0.984598
0.984881
0.98436
0.982269
0.978884
0.97481
0.970641
0.966924
0.964023
0.962089
0.961141
0.961164
0.962132
0.963989
0.966644
0.970099
0.974674
0.980747
0.987505
0.992131
0.984488
0.984732
0.984208
0.982166
0.978823
0.974779
0.970631
0.966912
0.963975
0.961972
0.960935
0.960859
0.961728
0.963484
0.966013
0.969225
0.973423
0.979374
0.986679
0.99203
0.984352
0.984597
0.984151
0.982291
0.979153
0.9753
0.971317
0.967708
0.96481
0.962781
0.961667
0.961473
0.962192
0.963773
0.966099
0.969029
0.972767
0.97837
0.986029
0.992019
0.98418
0.984468
0.984184
0.982654
0.979906
0.976428
0.972764
0.969379
0.966595
0.96458
0.963399
0.963057
0.963568
0.964882
0.966897
0.969456
0.972673
0.977786
0.985608
0.992081
0.983956
0.984307
0.984183
0.983014
0.980752
0.977791
0.974608
0.971613
0.969092
0.967205
0.96603
0.965567
0.965841
0.966812
0.968401
0.9705
0.973162
0.977619
0.98539
0.992217
0.983692
0.984121
0.984206
0.983458
0.981789
0.979478
0.976913
0.974435
0.972286
0.97061
0.969482
0.968915
0.968916
0.969475
0.970546
0.972078
0.974138
0.977801
0.985384
0.992432
0.983427
0.983851
0.984003
0.983561
0.982438
0.980817
0.978969
0.977143
0.975515
0.974195
0.973234
0.972658
0.972449
0.972631
0.973198
0.974146
0.975664
0.97863
0.985827
0.992797
0.983241
0.983757
0.984069
0.983887
0.983251
0.982272
0.981107
0.979908
0.978785
0.977824
0.977052
0.976507
0.976184
0.976104
0.976318
0.976806
0.97792
0.980199
0.986656
0.993257
0.980709
0.983188
0.983176
0.983083
0.98274
0.982285
0.981767
0.981286
0.980844
0.980518
0.980278
0.980169
0.980174
0.980285
0.980587
0.980975
0.981967
0.983696
0.988591
0.994046
0.986451
0.988088
0.988964
0.989488
0.989767
0.989941
0.990032
0.990124
0.990189
0.990292
0.990383
0.990521
0.99065
0.990825
0.990994
0.991229
0.991529
0.992164
0.99343
0.995659
)
;

boundaryField
{
    movingWall
    {
        type            fixedValue;
        value           uniform 1;
    }
    fixedWalls
    {
        type            zeroGradient;
    }
    frontAndBack
    {
        type            empty;
    }
}


// ************************************************************************* //
