/*--------------------------------*- C++ -*----------------------------------*\
| =========                 |                                                 |
| \\      /  F ield         | OpenFOAM: The Open Source CFD Toolbox           |
|  \\    /   O peration     | Version:  2212                                  |
|   \\  /    A nd           | Website:  www.openfoam.com                      |
|    \\/     M anipulation  |                                                 |
\*---------------------------------------------------------------------------*/
FoamFile
{
    version     2.0;
    format      ascii;
    arch        "LSB;label=32;scalar=64";
    class       volScalarField;
    location    "15.6";
    object      p;
}
// * * * * * * * * * * * * * * * * * * * * * * * * * * * * * * * * * * * * * //

dimensions      [0 2 -2 0 0 0 0];

internalField   nonuniform List<scalar> 
400
(
9.80628e-08
-0.000150932
-0.000535016
-0.00107222
-0.00173295
-0.00249443
-0.00318557
-0.00359814
-0.00356592
-0.00293465
-0.00154909
0.000618881
0.00324911
0.00551361
0.00653328
0.00592236
0.00400153
0.00214909
0.00111008
0.00104103
0.000115952
-5.84661e-05
-0.000377411
-0.000764586
-0.00124451
-0.00188864
-0.00270677
-0.0035441
-0.0040806
-0.00393902
-0.00284701
-0.000825412
0.00168886
0.00396043
0.0051242
0.00474257
0.00310244
0.00137419
0.000592591
0.000683637
0.000536067
0.000264597
-7.76945e-05
-0.000560053
-0.00134777
-0.00258118
-0.00421976
-0.00598445
-0.00740328
-0.0079446
-0.00726491
-0.00546267
-0.00289229
-0.000195258
0.00179115
0.00242714
0.00170819
0.000501485
-0.000396708
-0.000393415
0.00115158
0.000740894
0.000191504
-0.000775238
-0.00245165
-0.00493847
-0.00799588
-0.0111213
-0.0137042
-0.0151778
-0.0152077
-0.0138407
-0.0112944
-0.00802984
-0.00475301
-0.00221051
-0.00087119
-0.000707031
-0.00128964
-0.00191897
0.00158298
0.000973376
-2.32578e-05
-0.00192457
-0.00500727
-0.00918082
-0.0139146
-0.0184807
-0.0222171
-0.0246539
-0.0255295
-0.0247238
-0.0223643
-0.0187443
-0.0143054
-0.00965652
-0.00559293
-0.00294972
-0.00219407
-0.0040188
0.00129304
0.000444688
-0.00119775
-0.00430492
-0.00900572
-0.0148814
-0.0210737
-0.0267163
-0.0311923
-0.0341797
-0.0355465
-0.0351905
-0.0331978
-0.0297195
-0.0249002
-0.0189618
-0.0125061
-0.00694917
-0.00440171
-0.00652502
-4.8636e-05
-0.00114791
-0.0034999
-0.00779744
-0.0139333
-0.0211153
-0.0282372
-0.0344089
-0.0391299
-0.0422333
-0.043721
-0.0436116
-0.0419738
-0.0388797
-0.0343117
-0.028158
-0.0205398
-0.0127036
-0.00785559
-0.00774878
-0.00245083
-0.00374256
-0.00669908
-0.011914
-0.0190407
-0.0269829
-0.0345053
-0.0407804
-0.0454521
-0.0484784
-0.0499411
-0.0499324
-0.0485316
-0.0457895
-0.0416633
-0.0359276
-0.0283264
-0.0193718
-0.011823
-0.00798129
-0.00553802
-0.00691563
-0.0102642
-0.0160226
-0.0236591
-0.0318906
-0.0394526
-0.0456143
-0.0501389
-0.0530591
-0.0544883
-0.0545284
-0.0532541
-0.050727
-0.0469632
-0.041813
-0.0348687
-0.0259485
-0.0167099
-0.00999527
-0.00873417
-0.0100863
-0.0135982
-0.0195429
-0.0272873
-0.0354882
-0.0429134
-0.0489112
-0.0533111
-0.0561691
-0.0575931
-0.0576643
-0.0564458
-0.0540126
-0.0504524
-0.0457615
-0.039635
-0.0315249
-0.022322
-0.0143406
-0.0115045
-0.0127584
-0.0162198
-0.022055
-0.029608
-0.0375897
-0.0448277
-0.0507007
-0.0550443
-0.0578958
-0.0593382
-0.0594297
-0.0582204
-0.0557903
-0.0522881
-0.0478534
-0.0424321
-0.0353835
-0.0271988
-0.0191801
-0.0135498
-0.0146191
-0.0178564
-0.0233161
-0.0304317
-0.0380637
-0.0451189
-0.050951
-0.0553304
-0.058242
-0.0597297
-0.0598321
-0.05859
-0.0560844
-0.0525168
-0.0481391
-0.0432077
-0.0370571
-0.0300326
-0.0224179
-0.0148378
-0.0155683
-0.0183523
-0.0232108
-0.029694
-0.0368796
-0.0437656
-0.0496413
-0.0541561
-0.0572023
-0.0587714
-0.0588785
-0.0575591
-0.0549171
-0.0511782
-0.0466567
-0.0419662
-0.0363008
-0.0302267
-0.0228965
-0.0154681
-0.0157224
-0.0177776
-0.0217467
-0.0273902
-0.0340322
-0.0407513
-0.0467414
-0.0514939
-0.0547694
-0.0564833
-0.0566243
-0.0552026
-0.0523539
-0.048347
-0.0435825
-0.0387312
-0.0331419
-0.0281001
-0.0202797
-0.0155747
-0.0152985
-0.0163383
-0.0190881
-0.0236535
-0.0296346
-0.0361722
-0.0423365
-0.0474285
-0.0510404
-0.0529811
-0.0531844
-0.0516919
-0.0485922
-0.0442274
-0.0390544
-0.0337822
-0.0280719
-0.0242318
-0.0143853
-0.0152771
-0.0145504
-0.014261
-0.0154262
-0.0186852
-0.023895
-0.0302319
-0.0366153
-0.0421385
-0.046202
-0.0484902
-0.0488672
-0.0473539
-0.0440216
-0.0392494
-0.0335193
-0.0276415
-0.0216295
-0.0180537
-0.00383307
-0.0146623
-0.0136184
-0.0117071
-0.0110813
-0.0129539
-0.0173806
-0.0235344
-0.0301709
-0.0361938
-0.0408121
-0.0435793
-0.0442624
-0.0428513
-0.0393769
-0.0341857
-0.02769
-0.0206824
-0.0132763
-0.00678584
0.0160529
-0.0145835
-0.0126574
-0.00864868
-0.00623482
-0.00691028
-0.0107461
-0.0168182
-0.0237403
-0.0302991
-0.0355398
-0.0389042
-0.0400356
-0.0388781
-0.0354485
-0.0298962
-0.022276
-0.0128727
-0.000688197
0.016695
0.0570639
-0.0117948
-0.0118309
-0.0057263
-0.0017752
-0.00176517
-0.00540494
-0.0115755
-0.0188153
-0.0258759
-0.0316879
-0.0356628
-0.0373624
-0.0366858
-0.0333557
-0.0272245
-0.0175417
-0.0031483
0.0204903
0.0607044
0.129821
-0.0295171
-0.0106299
-0.000609054
0.00308065
0.00244808
-0.0015572
-0.0079997
-0.0155537
-0.0229765
-0.0291742
-0.0335324
-0.0355885
-0.0352016
-0.0319562
-0.0252279
-0.0128602
0.00942254
0.0511715
0.122878
0.226076
)
;

boundaryField
{
    movingWall
    {
        type            zeroGradient;
    }
    fixedWalls
    {
        type            zeroGradient;
    }
    frontAndBack
    {
        type            empty;
    }
}


// ************************************************************************* //
