/*--------------------------------*- C++ -*----------------------------------*\
| =========                 |                                                 |
| \\      /  F ield         | OpenFOAM: The Open Source CFD Toolbox           |
|  \\    /   O peration     | Version:  2212                                  |
|   \\  /    A nd           | Website:  www.openfoam.com                      |
|    \\/     M anipulation  |                                                 |
\*---------------------------------------------------------------------------*/
FoamFile
{
    version     2.0;
    format      ascii;
    arch        "LSB;label=32;scalar=64";
    class       volScalarField;
    location    "15.6";
    object      T;
}
// * * * * * * * * * * * * * * * * * * * * * * * * * * * * * * * * * * * * * //

dimensions      [0 0 0 1 0 0 0];

internalField   nonuniform List<scalar> 
400
(
0.965629
0.966353
0.967823
0.969999
0.97254
0.974863
0.976532
0.977507
0.978037
0.978397
0.978725
0.979065
0.979429
0.979806
0.980137
0.980329
0.980227
0.979669
0.978746
0.97799
0.966554
0.967442
0.969222
0.971771
0.974473
0.976469
0.977451
0.977795
0.977913
0.978001
0.978184
0.978533
0.979072
0.979772
0.980492
0.981017
0.981019
0.98025
0.979035
0.978162
0.967998
0.969193
0.971409
0.97408
0.976185
0.977078
0.977043
0.97661
0.97607
0.975662
0.975592
0.976006
0.976909
0.978273
0.979853
0.981288
0.981977
0.981319
0.979566
0.97848
0.969413
0.970925
0.973343
0.975508
0.976429
0.976011
0.97482
0.973304
0.971808
0.970702
0.970269
0.970749
0.97208
0.974293
0.977084
0.98002
0.9823
0.98287
0.98093
0.979223
0.970502
0.972194
0.974421
0.975621
0.975139
0.973304
0.97074
0.967917
0.965336
0.963453
0.962603
0.963063
0.964759
0.967752
0.97177
0.976379
0.980772
0.983702
0.983378
0.980601
0.971216
0.972898
0.974614
0.974633
0.972695
0.969397
0.965401
0.961298
0.95772
0.955152
0.953932
0.954284
0.956201
0.959716
0.964652
0.970637
0.976962
0.982458
0.985195
0.982616
0.971609
0.973107
0.974128
0.972949
0.969652
0.965
0.959726
0.954575
0.950252
0.947229
0.945787
0.946042
0.948029
0.951762
0.957174
0.964037
0.971777
0.979311
0.984912
0.985508
0.971771
0.973001
0.973326
0.971095
0.966629
0.960821
0.954525
0.948616
0.943823
0.94057
0.939042
0.939259
0.941225
0.94494
0.950417
0.957634
0.96628
0.975383
0.98315
0.987055
0.971776
0.97272
0.972433
0.969363
0.963992
0.957321
0.950309
0.943912
0.938852
0.935491
0.933928
0.934128
0.936054
0.939661
0.94496
0.95208
0.961103
0.971387
0.98089
0.986351
0.971683
0.972391
0.971687
0.968093
0.962138
0.954896
0.947415
0.940705
0.935469
0.932016
0.93039
0.930545
0.932424
0.93594
0.941021
0.947796
0.956696
0.967691
0.978846
0.985818
0.971526
0.97207
0.971135
0.967291
0.961057
0.953554
0.945877
0.939033
0.933694
0.930134
0.928391
0.928432
0.930214
0.93363
0.938518
0.944877
0.953302
0.964489
0.976946
0.985478
0.971324
0.971794
0.970852
0.967101
0.960945
0.953496
0.945858
0.939011
0.933605
0.929918
0.928011
0.927871
0.929469
0.932702
0.937355
0.943267
0.950997
0.961959
0.975424
0.985292
0.971073
0.971543
0.970744
0.967329
0.961551
0.954457
0.947122
0.940476
0.935141
0.931407
0.929358
0.929001
0.930324
0.933233
0.937513
0.942908
0.949788
0.960108
0.974224
0.985271
0.970756
0.971302
0.9708
0.967996
0.962938
0.956533
0.949785
0.943553
0.938428
0.934718
0.932545
0.931916
0.932857
0.935275
0.938983
0.943692
0.949615
0.959032
0.973449
0.985385
0.970342
0.971001
0.970793
0.968654
0.964495
0.959043
0.953181
0.947666
0.943025
0.93955
0.937387
0.936536
0.937039
0.938826
0.941751
0.945615
0.950516
0.958722
0.973047
0.985636
0.969852
0.970655
0.970829
0.969467
0.966401
0.962148
0.957425
0.952861
0.948905
0.945818
0.943742
0.942698
0.942699
0.943729
0.945701
0.94852
0.952312
0.959057
0.973035
0.986032
0.969363
0.970154
0.970451
0.969652
0.967593
0.964612
0.96121
0.957847
0.954849
0.95242
0.950649
0.949588
0.949204
0.949538
0.950583
0.952328
0.955121
0.960584
0.973852
0.986706
0.969018
0.969978
0.970566
0.970244
0.969084
0.967286
0.965143
0.962937
0.960871
0.9591
0.957679
0.956675
0.95608
0.955932
0.956326
0.957224
0.959277
0.963475
0.975379
0.987555
0.964347
0.968936
0.968923
0.968759
0.968133
0.9673
0.966349
0.965465
0.964653
0.964054
0.963614
0.963415
0.963425
0.963631
0.964188
0.964902
0.966732
0.96992
0.978948
0.989009
0.974958
0.977985
0.979605
0.980576
0.981095
0.98142
0.981589
0.981762
0.981884
0.982075
0.982245
0.982501
0.982739
0.983064
0.983377
0.983811
0.984366
0.985537
0.987872
0.991985
)
;

boundaryField
{
    movingWall
    {
        type            fixedValue;
        value           uniform 1;
    }
    fixedWalls
    {
        type            zeroGradient;
    }
    frontAndBack
    {
        type            empty;
    }
}


// ************************************************************************* //
