/*--------------------------------*- C++ -*----------------------------------*\
| =========                 |                                                 |
| \\      /  F ield         | OpenFOAM: The Open Source CFD Toolbox           |
|  \\    /   O peration     | Version:  2212                                  |
|   \\  /    A nd           | Website:  www.openfoam.com                      |
|    \\/     M anipulation  |                                                 |
\*---------------------------------------------------------------------------*/
FoamFile
{
    version     2.0;
    format      ascii;
    arch        "LSB;label=32;scalar=64";
    class       volScalarField;
    location    "15.2";
    object      T;
}
// * * * * * * * * * * * * * * * * * * * * * * * * * * * * * * * * * * * * * //

dimensions      [0 0 0 1 0 0 0];

internalField   nonuniform List<scalar> 
400
(
0.962842
0.963626
0.96522
0.967579
0.970332
0.972848
0.974656
0.975711
0.976283
0.976672
0.977026
0.977393
0.977785
0.978192
0.978549
0.978755
0.978645
0.978041
0.977042
0.976224
0.963844
0.964807
0.966736
0.969499
0.972426
0.974588
0.97565
0.976022
0.97615
0.976246
0.976443
0.976819
0.977401
0.978156
0.978933
0.9795
0.9795
0.978667
0.977354
0.976409
0.96541
0.966705
0.969107
0.972001
0.974281
0.975249
0.975212
0.974745
0.974162
0.973722
0.973647
0.974093
0.975068
0.976541
0.978246
0.979794
0.980536
0.979823
0.977927
0.976752
0.966945
0.968583
0.971203
0.973549
0.974548
0.974098
0.972813
0.971178
0.969563
0.968369
0.967902
0.96842
0.969857
0.972246
0.975258
0.978427
0.980887
0.981499
0.979401
0.977555
0.968125
0.969959
0.972373
0.973675
0.973157
0.971177
0.968411
0.965363
0.962577
0.960545
0.959627
0.960124
0.961955
0.965185
0.969522
0.974498
0.97924
0.982401
0.982048
0.979045
0.968901
0.970723
0.972585
0.972611
0.97052
0.966961
0.962648
0.958219
0.954358
0.951586
0.95027
0.95065
0.952718
0.956512
0.961839
0.9683
0.975127
0.981059
0.984013
0.981224
0.969328
0.970952
0.972063
0.970794
0.967236
0.962214
0.956523
0.950964
0.946298
0.943036
0.94148
0.941755
0.9439
0.947928
0.953769
0.961176
0.96953
0.977663
0.983709
0.98435
0.969505
0.97084
0.971198
0.968793
0.963974
0.957705
0.95091
0.944532
0.939361
0.93585
0.934202
0.934436
0.936558
0.940566
0.946477
0.954265
0.963597
0.973422
0.981806
0.986022
0.969512
0.970537
0.970235
0.966924
0.961127
0.953927
0.94636
0.939457
0.933997
0.93037
0.928684
0.9289
0.930978
0.934871
0.940589
0.948272
0.95801
0.969109
0.979367
0.985263
0.969412
0.970182
0.96943
0.965553
0.959126
0.951311
0.943238
0.935997
0.930347
0.926621
0.924867
0.925034
0.927062
0.930856
0.936338
0.943649
0.953253
0.96512
0.97716
0.984687
0.969244
0.969837
0.968834
0.964688
0.957959
0.949862
0.941578
0.934193
0.928432
0.924592
0.92271
0.922755
0.924678
0.928364
0.933638
0.940499
0.94959
0.961664
0.97511
0.98432
0.969026
0.969538
0.968528
0.964482
0.957839
0.9498
0.941558
0.93417
0.928336
0.924359
0.922301
0.922151
0.923875
0.927363
0.932384
0.938762
0.947103
0.958934
0.973467
0.984119
0.968755
0.969267
0.96841
0.964728
0.958493
0.950837
0.942922
0.935751
0.929994
0.925965
0.923755
0.92337
0.924797
0.927936
0.932554
0.938375
0.945798
0.956935
0.972172
0.984097
0.968412
0.969005
0.96847
0.965447
0.95999
0.953078
0.945795
0.939071
0.933541
0.929538
0.927194
0.926515
0.92753
0.930139
0.934141
0.939222
0.945612
0.955774
0.971335
0.98422
0.967965
0.96868
0.968461
0.966157
0.96167
0.955786
0.94946
0.943509
0.938501
0.934752
0.932419
0.9315
0.932043
0.933971
0.937127
0.941297
0.946584
0.955439
0.970901
0.984491
0.967435
0.968305
0.968498
0.967033
0.963726
0.959137
0.954041
0.949116
0.944847
0.941516
0.939275
0.938149
0.93815
0.939262
0.941389
0.944432
0.948522
0.955801
0.970888
0.984918
0.966906
0.967763
0.968088
0.96723
0.965011
0.961796
0.958125
0.954496
0.951261
0.94864
0.946729
0.945584
0.94517
0.94553
0.946658
0.94854
0.951554
0.957448
0.971769
0.985646
0.966534
0.967572
0.968212
0.967868
0.966618
0.96468
0.962368
0.959988
0.957758
0.955848
0.954315
0.953231
0.952589
0.952429
0.952854
0.953823
0.956038
0.960568
0.973419
0.986562
0.961491
0.96645
0.966438
0.966263
0.96559
0.964693
0.963667
0.962714
0.961838
0.961191
0.960718
0.960503
0.960514
0.960736
0.961338
0.962109
0.964085
0.967526
0.977271
0.988133
0.972952
0.976222
0.977972
0.979022
0.979583
0.979934
0.980118
0.980306
0.980438
0.980644
0.980828
0.981105
0.981363
0.981713
0.982051
0.98252
0.983119
0.984384
0.986905
0.991345
)
;

boundaryField
{
    movingWall
    {
        type            fixedValue;
        value           uniform 1;
    }
    fixedWalls
    {
        type            zeroGradient;
    }
    frontAndBack
    {
        type            empty;
    }
}


// ************************************************************************* //
