/*--------------------------------*- C++ -*----------------------------------*\
| =========                 |                                                 |
| \\      /  F ield         | OpenFOAM: The Open Source CFD Toolbox           |
|  \\    /   O peration     | Version:  2212                                  |
|   \\  /    A nd           | Website:  www.openfoam.com                      |
|    \\/     M anipulation  |                                                 |
\*---------------------------------------------------------------------------*/
FoamFile
{
    version     2.0;
    format      ascii;
    arch        "LSB;label=32;scalar=64";
    class       volScalarField;
    location    "12.2";
    object      T;
}
// * * * * * * * * * * * * * * * * * * * * * * * * * * * * * * * * * * * * * //

dimensions      [0 0 0 1 0 0 0];

internalField   nonuniform List<scalar> 
400
(
0.932432
0.93392
0.936946
0.941418
0.946619
0.95134
0.954699
0.956633
0.957664
0.958361
0.958992
0.959642
0.960334
0.961046
0.961665
0.962009
0.961778
0.960653
0.958804
0.957289
0.934347
0.936171
0.939824
0.945044
0.950548
0.954581
0.956541
0.957225
0.957466
0.957647
0.958003
0.958673
0.959702
0.961032
0.962392
0.963367
0.963323
0.961777
0.959363
0.957621
0.93734
0.939783
0.944313
0.949761
0.954035
0.95585
0.955817
0.955012
0.953997
0.953228
0.953102
0.953896
0.955622
0.958225
0.961231
0.963947
0.965211
0.96386
0.960391
0.958237
0.94027
0.943351
0.948285
0.952705
0.954614
0.953862
0.951609
0.948733
0.945885
0.943779
0.942956
0.943875
0.946419
0.950647
0.955979
0.96158
0.965907
0.966917
0.963059
0.95969
0.942527
0.945977
0.950538
0.953043
0.952201
0.948719
0.943839
0.938456
0.933531
0.929939
0.928315
0.929193
0.932431
0.938147
0.945826
0.95464
0.963037
0.968608
0.967872
0.962397
0.94402
0.947462
0.951025
0.951216
0.947554
0.94127
0.933652
0.925822
0.918997
0.914099
0.911773
0.912441
0.916093
0.922796
0.932218
0.943654
0.955754
0.966271
0.971472
0.966364
0.944862
0.947954
0.950166
0.948028
0.941753
0.932882
0.922826
0.913001
0.904762
0.899003
0.896257
0.89674
0.900522
0.90763
0.917946
0.931041
0.94583
0.960249
0.970979
0.972051
0.945234
0.947809
0.948671
0.9445
0.935987
0.924913
0.912909
0.901648
0.892523
0.886333
0.883426
0.883835
0.887573
0.894637
0.905064
0.91882
0.935324
0.952728
0.967606
0.975099
0.945285
0.947302
0.946982
0.941198
0.930957
0.918239
0.904876
0.892695
0.883069
0.876678
0.873707
0.874086
0.877742
0.884596
0.894673
0.908229
0.925436
0.945083
0.963274
0.973747
0.945135
0.946687
0.94556
0.938774
0.927421
0.913617
0.899366
0.886594
0.876641
0.870078
0.86699
0.867282
0.870848
0.877525
0.88718
0.900067
0.917024
0.938016
0.959361
0.972728
0.944851
0.946074
0.944498
0.937241
0.925359
0.91106
0.896439
0.883417
0.873268
0.866507
0.863195
0.863272
0.866652
0.873138
0.882422
0.89451
0.910549
0.931895
0.955721
0.972076
0.944472
0.945533
0.943938
0.936868
0.925143
0.910949
0.896403
0.883376
0.873099
0.866097
0.862474
0.862208
0.865239
0.871375
0.880213
0.891447
0.906154
0.92706
0.952808
0.971721
0.943992
0.945034
0.943705
0.937291
0.926296
0.912778
0.898809
0.886163
0.876019
0.868924
0.865032
0.864352
0.866862
0.872385
0.880514
0.890764
0.903848
0.923519
0.950509
0.971682
0.943379
0.944545
0.943773
0.938538
0.928931
0.916731
0.903877
0.892015
0.882267
0.875214
0.871085
0.869888
0.871672
0.876264
0.88331
0.892258
0.903517
0.921461
0.949024
0.9719
0.942573
0.943941
0.943718
0.939764
0.931886
0.921509
0.910343
0.899841
0.891008
0.884399
0.880286
0.878666
0.879619
0.883014
0.888571
0.895916
0.90523
0.920861
0.94825
0.972382
0.941616
0.943244
0.943732
0.941266
0.935489
0.927411
0.918422
0.909731
0.902199
0.896323
0.89237
0.890382
0.890382
0.892339
0.896084
0.901442
0.908648
0.921494
0.948225
0.973142
0.940666
0.942265
0.942969
0.94157
0.937723
0.932082
0.925618
0.919218
0.913511
0.908885
0.905512
0.903491
0.902757
0.903387
0.905372
0.908685
0.913995
0.924401
0.949785
0.974434
0.939995
0.941899
0.943142
0.94264
0.940507
0.93713
0.933076
0.928887
0.924959
0.921588
0.918883
0.91697
0.915834
0.915548
0.916295
0.918001
0.921912
0.929919
0.952709
0.976063
0.931031
0.939969
0.940012
0.939769
0.938628
0.937078
0.935292
0.933627
0.932094
0.930964
0.930137
0.929766
0.929795
0.930195
0.931267
0.932636
0.936142
0.942245
0.959544
0.978854
0.951546
0.957415
0.960565
0.962463
0.963488
0.964137
0.964485
0.964837
0.965087
0.965469
0.965807
0.966311
0.966778
0.967409
0.968017
0.968858
0.969928
0.97218
0.976662
0.984567
)
;

boundaryField
{
    movingWall
    {
        type            fixedValue;
        value           uniform 1;
    }
    fixedWalls
    {
        type            zeroGradient;
    }
    frontAndBack
    {
        type            empty;
    }
}


// ************************************************************************* //
