/*--------------------------------*- C++ -*----------------------------------*\
| =========                 |                                                 |
| \\      /  F ield         | OpenFOAM: The Open Source CFD Toolbox           |
|  \\    /   O peration     | Version:  2212                                  |
|   \\  /    A nd           | Website:  www.openfoam.com                      |
|    \\/     M anipulation  |                                                 |
\*---------------------------------------------------------------------------*/
FoamFile
{
    version     2.0;
    format      ascii;
    arch        "LSB;label=32;scalar=64";
    class       volScalarField;
    location    "16.1";
    object      T;
}
// * * * * * * * * * * * * * * * * * * * * * * * * * * * * * * * * * * * * * //

dimensions      [0 0 0 1 0 0 0];

internalField   nonuniform List<scalar> 
400
(
0.968811
0.969467
0.970797
0.972766
0.975066
0.977169
0.978682
0.979566
0.980046
0.980374
0.980672
0.980981
0.981312
0.981654
0.981956
0.982131
0.98204
0.981534
0.980698
0.980013
0.969648
0.970452
0.972063
0.97437
0.976816
0.978624
0.979514
0.979826
0.979933
0.980013
0.980179
0.980496
0.980986
0.981622
0.982277
0.982756
0.982759
0.982061
0.98096
0.980168
0.970955
0.972036
0.974042
0.97646
0.978366
0.979175
0.979142
0.978748
0.978257
0.977885
0.977821
0.978197
0.979018
0.980258
0.981695
0.983
0.983628
0.983032
0.981442
0.980457
0.972235
0.973603
0.975792
0.977752
0.978585
0.978203
0.97712
0.975742
0.974381
0.973375
0.972982
0.973418
0.974628
0.97664
0.979177
0.981846
0.983919
0.984439
0.98268
0.981132
0.973219
0.974751
0.976767
0.977852
0.977411
0.975742
0.973411
0.970844
0.968498
0.966786
0.966013
0.966432
0.967973
0.970694
0.974346
0.978536
0.982529
0.985193
0.984902
0.982382
0.973864
0.975386
0.976938
0.976952
0.975189
0.97219
0.968557
0.964827
0.961575
0.95924
0.958132
0.958452
0.960194
0.963389
0.967876
0.973317
0.979066
0.984061
0.986549
0.984211
0.974219
0.975574
0.976495
0.97542
0.972422
0.968193
0.963399
0.958716
0.954785
0.952037
0.950726
0.950958
0.952765
0.956159
0.961079
0.967318
0.974353
0.981201
0.986291
0.986835
0.974365
0.975476
0.975765
0.973735
0.969675
0.964394
0.95867
0.953298
0.948941
0.945983
0.944594
0.944791
0.946579
0.949956
0.954936
0.961497
0.969357
0.97763
0.984689
0.988238
0.974368
0.975219
0.974952
0.97216
0.967277
0.961212
0.954838
0.949022
0.944421
0.941365
0.939944
0.940126
0.941877
0.945157
0.949975
0.956449
0.964651
0.973999
0.982636
0.987599
0.974283
0.97492
0.974274
0.971005
0.965592
0.959008
0.952207
0.946106
0.941346
0.938205
0.936727
0.936868
0.938577
0.941774
0.946394
0.952554
0.960645
0.970639
0.980778
0.987114
0.97414
0.974629
0.973773
0.970277
0.964609
0.957788
0.950808
0.944586
0.939732
0.936495
0.93491
0.934947
0.936568
0.939674
0.944118
0.9499
0.957559
0.967729
0.979051
0.986805
0.973956
0.974378
0.973516
0.970104
0.964507
0.957736
0.950792
0.944566
0.93965
0.936298
0.934564
0.934438
0.935891
0.93883
0.943061
0.948436
0.955464
0.96543
0.977668
0.986636
0.973728
0.974151
0.973419
0.970312
0.965059
0.958609
0.95194
0.945899
0.941048
0.937652
0.93579
0.935465
0.936668
0.939313
0.943205
0.94811
0.954365
0.963747
0.976577
0.986617
0.97344
0.973932
0.973471
0.970919
0.96632
0.960497
0.954361
0.948696
0.944036
0.940663
0.938688
0.938116
0.938971
0.94117
0.944542
0.948823
0.954208
0.962769
0.975873
0.98672
0.973064
0.97366
0.973466
0.971518
0.967736
0.962779
0.957449
0.952435
0.948216
0.945057
0.943091
0.942316
0.942774
0.944399
0.947058
0.950572
0.955027
0.962488
0.975507
0.986949
0.972618
0.973346
0.9735
0.972259
0.969469
0.965602
0.961308
0.957159
0.953563
0.950756
0.948868
0.947919
0.94792
0.948857
0.95065
0.953213
0.95666
0.962793
0.975497
0.987308
0.972174
0.972891
0.973157
0.972427
0.970553
0.967843
0.96475
0.961692
0.958967
0.956758
0.955148
0.954184
0.953835
0.954138
0.955089
0.956675
0.959214
0.96418
0.976239
0.987921
0.971861
0.972732
0.973264
0.972968
0.97191
0.970275
0.968326
0.96632
0.964441
0.962831
0.96154
0.960627
0.960086
0.959952
0.96031
0.961126
0.962992
0.966809
0.977628
0.988692
0.967616
0.971784
0.971769
0.971618
0.971048
0.97029
0.969425
0.968621
0.967882
0.967337
0.966937
0.966755
0.966765
0.966951
0.967458
0.968106
0.96977
0.972667
0.980871
0.990014
0.977255
0.980004
0.981475
0.982357
0.982827
0.983121
0.983275
0.983432
0.983542
0.983715
0.983869
0.984101
0.984318
0.984612
0.984896
0.985291
0.985795
0.986859
0.988981
0.992718
)
;

boundaryField
{
    movingWall
    {
        type            fixedValue;
        value           uniform 1;
    }
    fixedWalls
    {
        type            zeroGradient;
    }
    frontAndBack
    {
        type            empty;
    }
}


// ************************************************************************* //
