/*--------------------------------*- C++ -*----------------------------------*\
| =========                 |                                                 |
| \\      /  F ield         | OpenFOAM: The Open Source CFD Toolbox           |
|  \\    /   O peration     | Version:  2212                                  |
|   \\  /    A nd           | Website:  www.openfoam.com                      |
|    \\/     M anipulation  |                                                 |
\*---------------------------------------------------------------------------*/
FoamFile
{
    version     2.0;
    format      ascii;
    arch        "LSB;label=32;scalar=64";
    class       surfaceScalarField;
    location    "4.6";
    object      phi;
}
// * * * * * * * * * * * * * * * * * * * * * * * * * * * * * * * * * * * * * //

dimensions      [0 3 -1 0 0 0 0];

oriented        oriented;

internalField   nonuniform List<scalar> 
760
(
1.54773e-07
-1.54797e-07
2.90801e-07
-1.36028e-07
3.06494e-07
-1.56934e-08
1.80262e-07
1.26233e-07
-1.22812e-07
3.03074e-07
-6.66139e-07
5.43327e-07
-1.48155e-06
8.15408e-07
-2.48259e-06
1.00104e-06
-3.46863e-06
9.86038e-07
-4.20754e-06
7.38908e-07
-4.53245e-06
3.24909e-07
-4.34615e-06
-1.86294e-07
-3.59189e-06
-7.54261e-07
-2.38317e-06
-1.20872e-06
-9.49257e-07
-1.43391e-06
3.35887e-07
-1.28514e-06
1.07973e-06
-7.43842e-07
1.02723e-06
5.24953e-08
4.59e-07
5.68232e-07
4.58999e-07
1.22791e-07
-2.77588e-07
7.05621e-08
-8.3799e-08
-3.00658e-07
3.55526e-07
-1.07959e-06
9.05169e-07
-2.31096e-06
1.53444e-06
-3.91489e-06
2.14726e-06
-5.64259e-06
2.54311e-06
-7.18237e-06
2.54082e-06
-8.31004e-06
2.11371e-06
-8.91569e-06
1.34456e-06
-8.95213e-06
3.61351e-07
-8.39658e-06
-7.41848e-07
-7.28018e-06
-1.87066e-06
-5.63567e-06
-2.85323e-06
-3.60638e-06
-3.46321e-06
-1.49602e-06
-3.3955e-06
1.69988e-07
-2.40985e-06
8.52373e-07
-6.29888e-07
5.23134e-07
8.97473e-07
9.82133e-07
-1.29262e-07
-1.48325e-07
-6.35305e-07
4.22244e-07
-1.62274e-06
1.34296e-06
-3.13223e-06
2.41466e-06
-5.03914e-06
3.44135e-06
-7.04625e-06
4.15436e-06
-8.83966e-06
4.33652e-06
-1.02394e-05
3.94055e-06
-1.11935e-05
3.06784e-06
-1.16943e-05
1.84537e-06
-1.16906e-05
3.57645e-07
-1.12351e-05
-1.19735e-06
-1.03078e-05
-2.79801e-06
-8.8542e-06
-4.30681e-06
-6.85418e-06
-5.46323e-06
-4.39625e-06
-5.85343e-06
-1.87864e-06
-4.92747e-06
-8.94883e-08
-2.41904e-06
2.93427e-07
5.14559e-07
1.27556e-06
-4.99682e-07
3.51357e-07
-1.55564e-06
1.4782e-06
-3.10801e-06
2.89533e-06
-5.06032e-06
4.36697e-06
-7.15443e-06
5.53546e-06
-9.08425e-06
6.08418e-06
-1.06479e-05
5.90022e-06
-1.18026e-05
5.09523e-06
-1.25762e-05
3.84143e-06
-1.30036e-05
2.27275e-06
-1.30702e-05
4.24225e-07
-1.28336e-05
-1.43395e-06
-1.22557e-05
-3.3759e-06
-1.12345e-05
-5.32795e-06
-9.63897e-06
-7.05878e-06
-7.34427e-06
-8.14813e-06
-4.38859e-06
-7.88314e-06
-1.37726e-06
-5.43037e-06
1.19456e-07
-9.82159e-07
1.39501e-06
-8.58297e-07
1.20965e-06
-2.35108e-06
2.97099e-06
-4.21277e-06
4.75702e-06
-6.24999e-06
6.40419e-06
-8.1834e-06
7.46887e-06
-9.79101e-06
7.69179e-06
-1.09957e-05
7.10494e-06
-1.18237e-05
5.92324e-06
-1.2337e-05
4.35468e-06
-1.26085e-05
2.5443e-06
-1.27291e-05
5.44808e-07
-1.26863e-05
-1.47679e-06
-1.24706e-05
-3.59161e-06
-1.20025e-05
-5.79603e-06
-1.10954e-05
-7.96591e-06
-9.46123e-06
-9.78227e-06
-6.80141e-06
-1.0543e-05
-3.21484e-06
-9.01693e-06
-2.62036e-07
-3.93496e-06
1.13298e-06
-1.08089e-06
2.29054e-06
-2.76948e-06
4.65958e-06
-4.65331e-06
6.64084e-06
-6.50193e-06
8.25281e-06
-8.09205e-06
9.05899e-06
-9.29252e-06
8.89225e-06
-1.00986e-05
7.91103e-06
-1.05752e-05
6.3998e-06
-1.08127e-05
4.59224e-06
-1.09117e-05
2.64325e-06
-1.09938e-05
6.26889e-07
-1.1047e-05
-1.42357e-06
-1.10866e-05
-3.55198e-06
-1.10829e-05
-5.79975e-06
-1.08813e-05
-8.16751e-06
-1.0154e-05
-1.05095e-05
-8.40739e-06
-1.22896e-05
-5.22733e-06
-1.2197e-05
-1.15597e-06
-8.00633e-06
-2.29864e-08
-1.10367e-06
3.39421e-06
-2.7423e-06
6.29822e-06
-4.43099e-06
8.32953e-06
-5.95869e-06
9.78051e-06
-7.16569e-06
1.0266e-05
-7.98905e-06
9.71561e-06
-8.46572e-06
8.3877e-06
-8.68249e-06
6.61657e-06
-8.74333e-06
4.65308e-06
-8.7462e-06
2.64611e-06
-8.77472e-06
6.55413e-07
-8.84819e-06
-1.3501e-06
-8.98626e-06
-3.41391e-06
-9.19984e-06
-5.58617e-06
-9.43107e-06
-7.93629e-06
-9.44707e-06
-1.04935e-05
-8.72817e-06
-1.30085e-05
-6.5184e-06
-1.44068e-05
-2.41583e-06
-1.21089e-05
-2.43881e-06
-9.29327e-07
4.32354e-06
-2.33293e-06
7.70182e-06
-3.71285e-06
9.70945e-06
-4.88575e-06
1.09534e-05
-5.75058e-06
1.11308e-05
-6.28978e-06
1.02548e-05
-6.55983e-06
8.65775e-06
-6.65166e-06
6.7084e-06
-6.66207e-06
4.66348e-06
-6.66513e-06
2.64917e-06
-6.69776e-06
6.88042e-07
-6.77753e-06
-1.27033e-06
-6.92571e-06
-3.26572e-06
-7.17272e-06
-5.33916e-06
-7.53476e-06
-7.57425e-06
-7.91895e-06
-1.01094e-05
-7.91352e-06
-1.30139e-05
-6.70086e-06
-1.56194e-05
-3.57509e-06
-1.52347e-05
-6.01391e-06
-6.20338e-07
4.94387e-06
-1.67687e-06
8.75835e-06
-2.70474e-06
1.07373e-05
-3.53915e-06
1.17878e-05
-4.12428e-06
1.17159e-05
-4.46968e-06
1.06002e-05
-4.63378e-06
8.82185e-06
-4.69513e-06
6.76975e-06
-4.72672e-06
4.69507e-06
-4.77305e-06
2.6955e-06
-4.84477e-06
7.59763e-07
-4.94872e-06
-1.16638e-06
-5.0951e-06
-3.11934e-06
-5.31285e-06
-5.12142e-06
-5.6569e-06
-7.2302e-06
-6.13949e-06
-9.62676e-06
-6.5398e-06
-1.26136e-05
-6.11538e-06
-1.60438e-05
-3.91471e-06
-1.74353e-05
-9.92862e-06
-2.30256e-07
5.17413e-06
-8.871e-07
9.4152e-06
-1.55525e-06
1.14055e-05
-2.08171e-06
1.23143e-05
-2.43841e-06
1.20727e-05
-2.64932e-06
1.08111e-05
-2.76249e-06
8.93502e-06
-2.83135e-06
6.83861e-06
-2.90109e-06
4.76481e-06
-2.99417e-06
2.78858e-06
-3.11349e-06
8.79085e-07
-3.25892e-06
-1.02095e-06
-3.43092e-06
-2.94734e-06
-3.64215e-06
-4.91018e-06
-3.94418e-06
-6.92817e-06
-4.41879e-06
-9.15215e-06
-5.011e-06
-1.20214e-05
-5.116e-06
-1.59388e-05
-3.55323e-06
-1.89981e-05
-1.34818e-05
1.63328e-07
5.0108e-06
-6.85732e-08
9.6471e-06
-3.99713e-07
1.17366e-05
-6.49075e-07
1.25636e-05
-8.02303e-07
1.22259e-05
-8.90385e-07
1.08992e-05
-9.52842e-07
8.99747e-06
-1.02171e-06
6.90748e-06
-1.11375e-06
4.85685e-06
-1.2367e-06
2.91153e-06
-1.39288e-06
1.03526e-06
-1.58444e-06
-8.29385e-07
-1.81026e-06
-2.72152e-06
-2.06876e-06
-4.65169e-06
-2.38826e-06
-6.60866e-06
-2.86199e-06
-8.67842e-06
-3.55278e-06
-1.13306e-05
-4.0218e-06
-1.54698e-05
-3.02343e-06
-1.99965e-05
-1.65053e-05
4.98732e-07
4.51207e-06
6.96048e-07
9.44978e-06
7.3917e-07
1.16935e-05
7.74899e-07
1.25279e-05
8.20102e-07
1.21807e-05
8.49212e-07
1.08701e-05
8.42258e-07
9.00443e-06
7.90907e-07
6.95883e-06
6.9663e-07
4.95113e-06
5.61452e-07
3.04671e-06
3.8071e-07
1.216e-06
1.48203e-07
-5.96877e-07
-1.38146e-07
-2.43517e-06
-4.8495e-07
-4.30489e-06
-8.97283e-07
-6.19633e-06
-1.42094e-06
-8.15476e-06
-2.20319e-06
-1.05484e-05
-2.95518e-06
-1.47178e-05
-2.46164e-06
-2.049e-05
-1.89669e-05
7.52795e-07
3.75927e-06
1.34841e-06
8.85416e-06
1.74e-06
1.13019e-05
2.06867e-06
1.21993e-05
2.34125e-06
1.19081e-05
2.52711e-06
1.06842e-05
2.61769e-06
8.91385e-06
2.62374e-06
6.95278e-06
2.55979e-06
5.01507e-06
2.43345e-06
3.17305e-06
2.23797e-06
1.41148e-06
1.95943e-06
-3.18337e-07
1.59742e-06
-2.07315e-06
1.14686e-06
-3.85433e-06
6.02765e-07
-5.65223e-06
-8.76264e-08
-7.46437e-06
-9.61598e-07
-9.6744e-06
-1.92478e-06
-1.37546e-05
-1.92789e-06
-2.04869e-05
-2.08948e-05
8.66571e-07
2.8927e-06
1.80258e-06
7.91815e-06
2.54208e-06
1.05624e-05
3.18139e-06
1.15599e-05
3.72767e-06
1.13618e-05
4.13728e-06
1.02746e-05
4.39395e-06
8.65718e-06
4.51172e-06
6.83502e-06
4.51417e-06
5.01262e-06
4.41721e-06
3.27001e-06
4.21935e-06
1.60934e-06
3.89115e-06
9.86276e-09
3.44842e-06
-1.63042e-06
2.86776e-06
-3.27367e-06
2.14922e-06
-4.93369e-06
1.31014e-06
-6.62529e-06
2.58631e-07
-8.62289e-06
-9.65907e-07
-1.25301e-05
-1.43089e-06
-2.00219e-05
-2.23257e-05
8.02473e-07
2.09023e-06
1.94561e-06
6.77502e-06
2.98509e-06
9.52291e-06
3.95608e-06
1.0589e-05
4.83112e-06
1.04868e-05
5.5439e-06
9.56185e-06
6.05496e-06
8.14612e-06
6.36733e-06
6.52265e-06
6.50251e-06
4.87744e-06
6.47949e-06
3.29302e-06
6.29771e-06
1.79112e-06
5.95253e-06
3.55047e-07
5.41482e-06
-1.09271e-06
4.68916e-06
-2.54801e-06
3.76756e-06
-4.01208e-06
2.67832e-06
-5.53605e-06
1.37935e-06
-7.32391e-06
-1.60559e-07
-1.09902e-05
-9.17672e-07
-1.92648e-05
-2.32434e-05
5.74661e-07
1.51557e-06
1.75165e-06
5.59804e-06
3.08613e-06
8.18843e-06
4.43383e-06
9.24127e-06
5.69733e-06
9.22326e-06
6.7779e-06
8.48128e-06
7.60995e-06
7.31407e-06
8.18084e-06
5.95176e-06
8.50341e-06
4.55487e-06
8.59525e-06
3.20119e-06
8.46349e-06
1.92287e-06
8.10597e-06
7.12565e-07
7.47916e-06
-4.65901e-07
6.59969e-06
-1.66853e-06
5.45456e-06
-2.86696e-06
4.08468e-06
-4.16617e-06
2.5598e-06
-5.79903e-06
9.48137e-07
-9.37853e-06
-1.48524e-07
-1.81682e-05
-2.33919e-05
1.50479e-07
1.36509e-06
1.03384e-06
4.71467e-06
2.50683e-06
6.71544e-06
4.22483e-06
7.52328e-06
5.94327e-06
7.50482e-06
7.47477e-06
6.94978e-06
8.71658e-06
6.07226e-06
9.63904e-06
5.02931e-06
1.02375e-05
3.95643e-06
1.05242e-05
2.91451e-06
1.05053e-05
1.94168e-06
1.01871e-05
1.03086e-06
9.52567e-06
1.9548e-07
8.53951e-06
-6.82363e-07
7.22096e-06
-1.54842e-06
5.62083e-06
-2.56604e-06
3.89824e-06
-4.07644e-06
2.23272e-06
-7.71301e-06
6.50061e-07
-1.65855e-05
-2.27418e-05
-5.16094e-07
1.88118e-06
1.98628e-07
3.99995e-06
1.74962e-06
5.16444e-06
3.80831e-06
5.46459e-06
5.95927e-06
5.35386e-06
7.91669e-06
4.99235e-06
9.54402e-06
4.44493e-06
1.08001e-05
3.77327e-06
1.16674e-05
3.08904e-06
1.21631e-05
2.41887e-06
1.22912e-05
1.81357e-06
1.2072e-05
1.25003e-06
1.15279e-05
7.39571e-07
1.06322e-05
2.13411e-07
9.38884e-06
-3.05101e-07
7.86853e-06
-1.04572e-06
6.25693e-06
-2.46484e-06
4.45108e-06
-5.90716e-06
2.05327e-06
-1.41877e-05
-2.06886e-05
-4.17809e-06
6.05927e-06
-3.64148e-06
3.46334e-06
-1.24954e-06
2.7725e-06
1.54474e-06
2.67031e-06
4.27992e-06
2.61868e-06
6.81032e-06
2.46196e-06
9.02335e-06
2.2319e-06
1.08592e-05
1.93741e-06
1.23e-05
1.64829e-06
1.33728e-05
1.34599e-06
1.40951e-05
1.09132e-06
1.45113e-05
8.33832e-07
1.46098e-05
6.41079e-07
1.44006e-05
4.22619e-07
1.38759e-05
2.19564e-07
1.30511e-05
-2.20906e-07
1.19158e-05
-1.32959e-06
1.01097e-05
-4.10103e-06
5.63678e-06
-9.71476e-06
-1.50518e-05
6.05927e-06
9.52261e-06
1.22951e-05
1.49654e-05
1.75841e-05
2.00461e-05
2.2278e-05
2.42154e-05
2.58637e-05
2.72097e-05
2.8301e-05
2.91348e-05
2.97759e-05
3.01985e-05
3.04181e-05
3.01972e-05
2.88676e-05
2.47665e-05
1.50518e-05
)
;

boundaryField
{
    movingWall
    {
        type            calculated;
        value           uniform 0;
    }
    fixedWalls
    {
        type            calculated;
        value           uniform 0;
    }
    frontAndBack
    {
        type            empty;
        value           nonuniform List<scalar> 0();
    }
}


// ************************************************************************* //
