/*--------------------------------*- C++ -*----------------------------------*\
| =========                 |                                                 |
| \\      /  F ield         | OpenFOAM: The Open Source CFD Toolbox           |
|  \\    /   O peration     | Version:  2212                                  |
|   \\  /    A nd           | Website:  www.openfoam.com                      |
|    \\/     M anipulation  |                                                 |
\*---------------------------------------------------------------------------*/
FoamFile
{
    version     2.0;
    format      ascii;
    arch        "LSB;label=32;scalar=64";
    class       volScalarField;
    location    "10.3";
    object      T;
}
// * * * * * * * * * * * * * * * * * * * * * * * * * * * * * * * * * * * * * //

dimensions      [0 0 0 1 0 0 0];

internalField   nonuniform List<scalar> 
400
(
0.898923
0.901301
0.906129
0.91324
0.921463
0.928862
0.934055
0.936981
0.938506
0.939524
0.940438
0.941369
0.942354
0.943354
0.944206
0.944644
0.944224
0.942466
0.939612
0.937272
0.902013
0.904911
0.910711
0.918972
0.927623
0.93389
0.93689
0.937934
0.938318
0.938606
0.939135
0.940103
0.941574
0.94346
0.945368
0.946693
0.946511
0.944115
0.94043
0.937759
0.906829
0.910687
0.917839
0.926413
0.933105
0.935949
0.935983
0.934888
0.933479
0.932409
0.932249
0.933396
0.935867
0.93958
0.943854
0.947676
0.949357
0.947196
0.941933
0.938661
0.911535
0.916381
0.924151
0.931119
0.934194
0.933227
0.930064
0.925995
0.921948
0.918953
0.917786
0.919106
0.922751
0.928803
0.93643
0.944427
0.950547
0.951801
0.945907
0.940818
0.915165
0.920595
0.927812
0.931879
0.93086
0.925936
0.919003
0.911326
0.904295
0.899165
0.896845
0.8981
0.902728
0.910906
0.921902
0.934534
0.946561
0.954469
0.953128
0.944873
0.917592
0.923037
0.928779
0.929404
0.924266
0.915316
0.904454
0.893273
0.883529
0.876538
0.873217
0.874167
0.879373
0.888939
0.902403
0.918775
0.936129
0.951224
0.958595
0.950839
0.919001
0.92395
0.927707
0.924911
0.915994
0.903341
0.888993
0.874972
0.86323
0.855026
0.851115
0.8518
0.857178
0.867298
0.882006
0.900712
0.921883
0.94258
0.958005
0.959375
0.919674
0.923869
0.925652
0.919895
0.907762
0.891964
0.874842
0.858791
0.845808
0.837006
0.832876
0.833453
0.838759
0.848796
0.863633
0.883247
0.906835
0.931775
0.953163
0.963964
0.919845
0.923216
0.923275
0.915187
0.900579
0.882441
0.863392
0.84605
0.832371
0.823298
0.819082
0.819616
0.824798
0.834521
0.848836
0.868131
0.892687
0.920809
0.946926
0.962012
0.919692
0.922364
0.921246
0.91172
0.895528
0.875847
0.855543
0.837376
0.823242
0.813935
0.809558
0.809968
0.815019
0.824482
0.838182
0.856499
0.880663
0.91068
0.941308
0.960549
0.919321
0.921484
0.919709
0.909522
0.892583
0.872199
0.851374
0.832858
0.818454
0.808869
0.804176
0.804282
0.809067
0.818255
0.83142
0.848586
0.871415
0.901906
0.936074
0.959612
0.918795
0.920683
0.918864
0.908965
0.892266
0.872034
0.851319
0.832796
0.818209
0.808281
0.803147
0.802767
0.807057
0.81575
0.828282
0.844228
0.865141
0.894979
0.931892
0.959103
0.918106
0.919923
0.918468
0.909538
0.893902
0.874636
0.854738
0.836751
0.822346
0.81228
0.806763
0.805796
0.809349
0.817176
0.828705
0.843253
0.861845
0.8899
0.928584
0.959048
0.917211
0.919159
0.918476
0.911259
0.897634
0.880256
0.861946
0.845065
0.831209
0.821194
0.815335
0.813636
0.816162
0.822673
0.832669
0.845371
0.861366
0.886945
0.926448
0.959363
0.916026
0.918226
0.918301
0.91294
0.901818
0.887054
0.871147
0.856193
0.843626
0.834231
0.828386
0.826083
0.827434
0.83225
0.840138
0.850566
0.863796
0.886069
0.925328
0.960058
0.914611
0.917151
0.918198
0.914974
0.906889
0.895434
0.882642
0.870265
0.85954
0.851176
0.845552
0.842722
0.842718
0.845493
0.850811
0.858419
0.868655
0.886955
0.925285
0.961152
0.913215
0.915701
0.917019
0.915302
0.90999
0.902036
0.89286
0.883756
0.87563
0.869043
0.86424
0.861358
0.860309
0.861197
0.864011
0.868713
0.876263
0.891093
0.927516
0.963013
0.912225
0.91511
0.917155
0.916692
0.91383
0.909126
0.90341
0.897473
0.891892
0.887097
0.883245
0.880515
0.878893
0.878479
0.879539
0.881962
0.88754
0.898976
0.931712
0.96536
0.899299
0.91248
0.912699
0.912509
0.910997
0.908871
0.906386
0.904057
0.901906
0.900322
0.899167
0.89866
0.898723
0.899312
0.900864
0.902839
0.90788
0.916648
0.941537
0.969384
0.929225
0.937824
0.94246
0.945275
0.946821
0.947814
0.948367
0.948919
0.949318
0.949903
0.95042
0.951172
0.951868
0.952801
0.953694
0.954924
0.956476
0.959736
0.966198
0.977627
)
;

boundaryField
{
    movingWall
    {
        type            fixedValue;
        value           uniform 1;
    }
    fixedWalls
    {
        type            zeroGradient;
    }
    frontAndBack
    {
        type            empty;
    }
}


// ************************************************************************* //
