/*--------------------------------*- C++ -*----------------------------------*\
| =========                 |                                                 |
| \\      /  F ield         | OpenFOAM: The Open Source CFD Toolbox           |
|  \\    /   O peration     | Version:  2212                                  |
|   \\  /    A nd           | Website:  www.openfoam.com                      |
|    \\/     M anipulation  |                                                 |
\*---------------------------------------------------------------------------*/
FoamFile
{
    version     2.0;
    format      ascii;
    arch        "LSB;label=32;scalar=64";
    class       surfaceScalarField;
    location    "0.8";
    object      phi;
}
// * * * * * * * * * * * * * * * * * * * * * * * * * * * * * * * * * * * * * //

dimensions      [0 3 -1 0 0 0 0];

oriented        oriented;

internalField   nonuniform List<scalar> 
760
(
-3.88097e-08
3.88097e-08
-1.41619e-07
1.02809e-07
-2.706e-07
1.2898e-07
-4.10371e-07
1.39772e-07
-5.60214e-07
1.49843e-07
-7.23432e-07
1.63218e-07
-9.02258e-07
1.78825e-07
-1.09444e-06
1.92179e-07
-1.28916e-06
1.94725e-07
-1.4626e-06
1.73437e-07
-1.5763e-06
1.13705e-07
-1.58482e-06
8.51744e-09
-1.43644e-06
-1.48385e-07
-1.12964e-06
-3.06796e-07
-7.114e-07
-4.18241e-07
-2.8521e-07
-4.2619e-07
2.72798e-08
-3.1249e-07
1.57837e-07
-1.30558e-07
1.05539e-07
5.2298e-08
1.05539e-07
-1.29388e-07
1.68197e-07
-3.74923e-07
3.48344e-07
-6.69218e-07
4.23276e-07
-9.88407e-07
4.5896e-07
-1.32774e-06
4.89174e-07
-1.68694e-06
5.22419e-07
-2.06188e-06
5.5377e-07
-2.43875e-06
5.69043e-07
-2.78895e-06
5.44931e-07
-3.066e-06
4.50482e-07
-3.20841e-06
2.56119e-07
-3.1554e-06
-4.44945e-08
-2.85203e-06
-4.5176e-07
-2.29631e-06
-8.62518e-07
-1.56276e-06
-1.15179e-06
-7.9724e-07
-1.19171e-06
-1.84007e-07
-9.25723e-07
1.23451e-07
-4.38016e-07
1.23551e-07
5.21986e-08
2.2909e-07
-1.90641e-07
3.58839e-07
-5.28925e-07
6.86628e-07
-9.26243e-07
8.20593e-07
-1.35403e-06
8.86751e-07
-1.80522e-06
9.40359e-07
-2.27641e-06
9.93607e-07
-2.75895e-06
1.03631e-06
-3.23368e-06
1.04377e-06
-3.66753e-06
9.78784e-07
-4.01181e-06
7.94758e-07
-4.20392e-06
4.48234e-07
-4.18359e-06
-6.48227e-08
-3.87329e-06
-7.62062e-07
-3.2502e-06
-1.48561e-06
-2.36198e-06
-2.04e-06
-1.3522e-06
-2.20149e-06
-4.53675e-07
-1.82425e-06
7.06135e-08
-9.62305e-07
1.44768e-07
-2.19556e-08
3.73858e-07
-2.237e-07
5.82539e-07
-6.14824e-07
1.07775e-06
-1.07077e-06
1.27654e-06
-1.56006e-06
1.37604e-06
-2.07552e-06
1.45582e-06
-2.61451e-06
1.5326e-06
-3.17051e-06
1.59232e-06
-3.72963e-06
1.60288e-06
-4.26934e-06
1.51849e-06
-4.75577e-06
1.28119e-06
-5.13471e-06
8.27175e-07
-5.33038e-06
1.30845e-07
-5.22217e-06
-8.70272e-07
-4.70258e-06
-2.0052e-06
-3.75268e-06
-2.9899e-06
-2.47413e-06
-3.48003e-06
-1.12233e-06
-3.17605e-06
-1.33727e-07
-1.95091e-06
1.5482e-07
-3.10502e-07
5.28678e-07
-2.35252e-07
8.17791e-07
-6.48256e-07
1.49076e-06
-1.13077e-06
1.75905e-06
-1.6505e-06
1.89576e-06
-2.20254e-06
2.00786e-06
-2.78952e-06
2.11958e-06
-3.41469e-06
2.21749e-06
-4.0808e-06
2.269e-06
-4.79091e-06
2.2286e-06
-5.54103e-06
2.03132e-06
-6.28658e-06
1.57273e-06
-6.88135e-06
7.25605e-07
-7.15256e-06
-5.99053e-07
-6.87188e-06
-2.28589e-06
-5.97513e-06
-3.88666e-06
-4.48309e-06
-4.97207e-06
-2.57556e-06
-5.08358e-06
-7.73761e-07
-3.75271e-06
1.04358e-07
-1.18862e-06
6.33036e-07
-2.29904e-07
1.04769e-06
-6.40625e-07
1.90148e-06
-1.12536e-06
2.24379e-06
-1.65277e-06
2.42318e-06
-2.22201e-06
2.5771e-06
-2.84469e-06
2.74226e-06
-3.54036e-06
2.91316e-06
-4.33764e-06
3.06628e-06
-5.27292e-06
3.16387e-06
-6.36662e-06
3.12502e-06
-7.55168e-06
2.75779e-06
-8.59333e-06
1.76725e-06
-9.18389e-06
-8.49122e-09
-9.16937e-06
-2.30041e-06
-8.48104e-06
-4.57499e-06
-7.0328e-06
-6.42031e-06
-4.79946e-06
-7.31692e-06
-2.12336e-06
-6.42881e-06
-1.68442e-07
-3.14354e-06
4.64593e-07
-2.10758e-07
1.25845e-06
-5.99227e-07
2.28995e-06
-1.06541e-06
2.70997e-06
-1.57959e-06
2.93735e-06
-2.14512e-06
3.14263e-06
-2.78345e-06
3.38059e-06
-3.53185e-06
3.66156e-06
-4.44396e-06
3.97838e-06
-5.57574e-06
4.29565e-06
-6.93154e-06
4.48083e-06
-8.37478e-06
4.20102e-06
-9.61463e-06
3.0071e-06
-1.03245e-05
7.01366e-07
-1.05044e-05
-2.12045e-06
-1.01583e-05
-4.9211e-06
-9.13003e-06
-7.44861e-06
-7.17069e-06
-9.27626e-06
-4.15223e-06
-9.44727e-06
-8.9908e-07
-6.39669e-06
-4.34486e-07
-1.8024e-07
1.43869e-06
-5.29107e-07
2.63881e-06
-9.5705e-07
3.13791e-06
-1.43521e-06
3.41551e-06
-1.96881e-06
3.67623e-06
-2.58522e-06
3.997e-06
-3.33158e-06
4.40792e-06
-4.26914e-06
4.91595e-06
-5.43992e-06
5.46643e-06
-6.79343e-06
5.83433e-06
-8.13239e-06
5.53998e-06
-9.19871e-06
4.07343e-06
-9.86864e-06
1.3713e-06
-1.01432e-05
-1.84588e-06
-1.01287e-05
-4.9356e-06
-9.71241e-06
-7.86493e-06
-8.56034e-06
-1.04283e-05
-6.09755e-06
-1.19101e-05
-2.1869e-06
-1.03073e-05
-2.62138e-06
-1.40996e-07
1.57969e-06
-4.35479e-07
2.9333e-06
-8.06319e-07
3.50875e-06
-1.22334e-06
3.83253e-06
-1.68867e-06
4.14156e-06
-2.22667e-06
4.535e-06
-2.87836e-06
5.05961e-06
-3.68866e-06
5.72625e-06
-4.66661e-06
6.44438e-06
-5.72807e-06
6.89579e-06
-6.6962e-06
6.50812e-06
-7.42562e-06
4.80285e-06
-7.93517e-06
1.88084e-06
-8.24548e-06
-1.53556e-06
-8.4194e-06
-4.76167e-06
-8.49015e-06
-7.79419e-06
-8.19922e-06
-1.07193e-05
-6.78635e-06
-1.33229e-05
-3.49618e-06
-1.35975e-05
-6.11756e-06
-9.67963e-08
1.67649e-06
-3.26192e-07
3.16269e-06
-6.23933e-07
3.80649e-06
-9.56071e-07
4.16467e-06
-1.3162e-06
4.50169e-06
-1.71645e-06
4.93525e-06
-2.17855e-06
5.52172e-06
-2.72101e-06
6.2687e-06
-3.33318e-06
7.05656e-06
-3.95302e-06
7.51562e-06
-4.49828e-06
7.05338e-06
-4.94018e-06
5.24476e-06
-5.31683e-06
2.25749e-06
-5.64899e-06
-1.20341e-06
-5.92349e-06
-4.48717e-06
-6.25149e-06
-7.46618e-06
-6.54779e-06
-1.0423e-05
-6.12666e-06
-1.37441e-05
-3.95202e-06
-1.57721e-05
-1.00696e-05
-5.29051e-08
1.72939e-06
-2.13012e-07
3.3228e-06
-4.28006e-07
4.02149e-06
-6.58931e-07
4.39559e-06
-8.8807e-07
4.73083e-06
-1.11152e-06
5.1587e-06
-1.32779e-06
5.73798e-06
-1.53287e-06
6.47379e-06
-1.71797e-06
7.24166e-06
-1.87699e-06
7.67464e-06
-2.04733e-06
7.22372e-06
-2.27422e-06
5.47165e-06
-2.58946e-06
2.57273e-06
-3.0117e-06
-7.81171e-07
-3.43284e-06
-4.06604e-06
-3.95156e-06
-6.94746e-06
-4.62187e-06
-9.75265e-06
-4.88744e-06
-1.34785e-05
-3.48257e-06
-1.7177e-05
-1.35522e-05
-1.61257e-08
1.74552e-06
-1.11585e-07
3.41826e-06
-2.43109e-07
4.15301e-06
-3.67764e-07
4.52025e-06
-4.57719e-07
4.82078e-06
-4.96063e-07
5.19705e-06
-4.597e-07
5.70162e-06
-3.31858e-07
6.34594e-06
-1.17316e-07
7.02712e-06
1.15861e-07
7.44146e-06
2.77323e-07
7.06226e-06
2.718e-07
5.47717e-06
4.35336e-08
2.801e-06
-4.20249e-07
-3.17389e-07
-1.00117e-06
-3.48512e-06
-1.75231e-06
-6.19632e-06
-2.74296e-06
-8.762e-06
-3.56035e-06
-1.26611e-05
-2.83083e-06
-1.79065e-05
-1.6383e-05
6.24899e-09
1.73927e-06
-3.90353e-08
3.46354e-06
-9.68711e-08
4.21085e-06
-1.21727e-07
4.5451e-06
-7.921e-08
4.77826e-06
5.63195e-08
5.06152e-06
3.00088e-07
5.45785e-06
6.86923e-07
5.95911e-06
1.22816e-06
6.48588e-06
1.8659e-06
6.80372e-06
2.41556e-06
6.5126e-06
2.66285e-06
5.22988e-06
2.4991e-06
2.96475e-06
1.97132e-06
2.10397e-07
1.20316e-06
-2.71697e-06
2.19015e-07
-5.21217e-06
-1.06654e-06
-7.47645e-06
-2.29754e-06
-1.14301e-05
-2.19123e-06
-1.80129e-05
-1.85742e-05
4.32782e-09
1.73494e-06
-1.48794e-08
3.48275e-06
-1.52542e-08
4.21122e-06
4.75331e-08
4.48232e-06
1.97186e-07
4.62861e-06
4.56542e-07
4.80216e-06
8.57195e-07
5.0572e-06
1.42681e-06
5.38949e-06
2.17595e-06
5.73673e-06
3.04275e-06
5.93692e-06
3.84416e-06
5.71119e-06
4.32596e-06
4.74807e-06
4.32177e-06
2.96894e-06
3.84231e-06
6.89856e-07
2.92309e-06
-1.79774e-06
1.7246e-06
-4.01369e-06
2.40434e-07
-5.99228e-06
-1.27666e-06
-9.91298e-06
-1.63037e-06
-1.76591e-05
-2.02046e-05
-3.31151e-08
1.76806e-06
-6.66698e-08
3.51631e-06
-3.43019e-08
4.17886e-06
9.9382e-08
4.34863e-06
3.44894e-07
4.3831e-06
7.11278e-07
4.43578e-06
1.21748e-06
4.55099e-06
1.88461e-06
4.72236e-06
2.71919e-06
4.90216e-06
3.67156e-06
4.98455e-06
4.59086e-06
4.79189e-06
5.23461e-06
4.10433e-06
5.3938e-06
2.80975e-06
5.01947e-06
1.06418e-06
4.09649e-06
-8.74754e-07
2.79199e-06
-2.70919e-06
1.18594e-06
-4.38623e-06
-4.75554e-07
-8.25149e-06
-1.15644e-06
-1.69783e-05
-2.1361e-05
-1.17644e-07
1.8857e-06
-2.03571e-07
3.60223e-06
-1.5257e-07
4.12786e-06
4.41499e-08
4.15191e-06
3.67225e-07
4.06002e-06
8.12869e-07
3.99013e-06
1.38594e-06
3.97793e-06
2.09586e-06
4.01244e-06
2.94093e-06
4.05709e-06
3.88173e-06
4.04376e-06
4.80553e-06
3.86809e-06
5.51596e-06
3.39391e-06
5.79358e-06
2.53212e-06
5.53118e-06
1.32659e-06
4.70114e-06
-4.47091e-08
3.42323e-06
-1.43128e-06
1.86363e-06
-2.82663e-06
1.80117e-07
-6.56798e-06
-5.93848e-07
-1.62043e-05
-2.19549e-05
-3.27222e-07
2.21292e-06
-5.95141e-07
3.87015e-06
-5.08229e-07
4.04094e-06
-1.86668e-07
3.83035e-06
2.59256e-07
3.6141e-06
7.94825e-07
3.45456e-06
1.42397e-06
3.34878e-06
2.15469e-06
3.28173e-06
2.98005e-06
3.23173e-06
3.8693e-06
3.1545e-06
4.73497e-06
3.00243e-06
5.43687e-06
2.692e-06
5.77903e-06
2.18996e-06
5.6306e-06
1.47501e-06
4.93133e-06
6.54568e-07
3.8108e-06
-3.10753e-07
2.51127e-06
-1.5271e-06
1.27006e-06
-5.32677e-06
2.06342e-07
-1.51406e-05
-2.17485e-05
-3.71469e-07
2.58439e-06
-7.16444e-07
4.21513e-06
-7.16379e-07
4.04088e-06
-4.51634e-07
3.56561e-06
-7.86109e-09
3.17033e-06
5.51565e-07
2.89514e-06
1.20871e-06
2.69163e-06
1.96163e-06
2.52881e-06
2.78577e-06
2.40759e-06
3.65721e-06
2.28306e-06
4.4981e-06
2.16154e-06
5.22229e-06
1.9678e-06
5.68225e-06
1.73e-06
5.77876e-06
1.37851e-06
5.44384e-06
9.89481e-07
4.79251e-06
3.40583e-07
4.11101e-06
-8.45608e-07
3.21427e-06
-4.43003e-06
1.53848e-06
-1.34648e-05
-2.021e-05
-3.92062e-06
6.50501e-06
-3.67914e-06
3.97365e-06
-2.36001e-06
2.72175e-06
-1.04322e-06
2.24882e-06
1.75906e-07
1.9512e-06
1.36238e-06
1.70867e-06
2.53069e-06
1.52332e-06
3.69523e-06
1.36427e-06
4.84357e-06
1.25924e-06
5.97579e-06
1.15084e-06
7.05272e-06
1.08461e-06
8.03917e-06
9.81353e-07
8.85168e-06
9.1749e-07
9.44671e-06
7.83482e-07
9.79304e-06
6.43143e-07
9.85165e-06
2.81982e-07
9.67312e-06
-6.67085e-07
8.95375e-06
-3.71066e-06
5.17628e-06
-9.68731e-06
-1.50338e-05
6.50501e-06
1.04787e-05
1.32004e-05
1.54492e-05
1.74004e-05
1.91091e-05
2.06324e-05
2.19967e-05
2.32559e-05
2.44068e-05
2.54914e-05
2.64727e-05
2.73902e-05
2.81737e-05
2.88168e-05
2.90988e-05
2.84317e-05
2.47211e-05
1.50338e-05
)
;

boundaryField
{
    movingWall
    {
        type            calculated;
        value           uniform 0;
    }
    fixedWalls
    {
        type            calculated;
        value           uniform 0;
    }
    frontAndBack
    {
        type            empty;
        value           nonuniform List<scalar> 0();
    }
}


// ************************************************************************* //
