/*--------------------------------*- C++ -*----------------------------------*\
| =========                 |                                                 |
| \\      /  F ield         | OpenFOAM: The Open Source CFD Toolbox           |
|  \\    /   O peration     | Version:  2212                                  |
|   \\  /    A nd           | Website:  www.openfoam.com                      |
|    \\/     M anipulation  |                                                 |
\*---------------------------------------------------------------------------*/
FoamFile
{
    version     2.0;
    format      ascii;
    arch        "LSB;label=32;scalar=64";
    class       volScalarField;
    location    "0.8";
    object      T;
}
// * * * * * * * * * * * * * * * * * * * * * * * * * * * * * * * * * * * * * //

dimensions      [0 0 0 1 0 0 0];

internalField   nonuniform List<scalar> 
400
(
1.02114e-08
1.15957e-08
2.19949e-08
8.94558e-08
4.70665e-07
2.35067e-06
1.04608e-05
4.10893e-05
0.000142171
0.000431994
0.00114521
0.00261929
0.00509102
0.00818905
0.0106937
0.0111269
0.0090125
0.00554616
0.00264905
0.00127103
1.09184e-08
1.75179e-08
7.02008e-08
4.27329e-07
2.49891e-06
1.28252e-05
5.72696e-05
0.00022295
0.000757989
0.00224787
0.00577994
0.012732
0.0236586
0.0361135
0.044738
0.0446331
0.0349914
0.0206148
0.00916731
0.00409922
1.37764e-08
4.24504e-08
2.79425e-07
1.92211e-06
1.15518e-05
5.95791e-05
0.000264642
0.00101717
0.00339037
0.00977766
0.0241893
0.0505619
0.0879592
0.125007
0.146363
0.143192
0.114489
0.0698213
0.0310852
0.0135174
2.29233e-08
1.24044e-07
9.76515e-07
6.9555e-06
4.21429e-05
0.000217067
0.000956058
0.0036155
0.0117377
0.0325095
0.0757747
0.145802
0.228701
0.29298
0.320275
0.311035
0.262674
0.177701
0.0853534
0.0377005
4.75408e-08
3.44852e-07
2.8767e-06
2.07305e-05
0.000125787
0.000644539
0.00280214
0.0103465
0.0322827
0.0840361
0.178767
0.303604
0.409655
0.459042
0.471663
0.464571
0.425185
0.335545
0.18872
0.087801
1.04139e-07
8.48231e-07
7.1964e-06
5.19333e-05
0.000313789
0.00159043
0.00677086
0.0241083
0.0709085
0.168579
0.314704
0.450139
0.502896
0.49799
0.507332
0.519456
0.523585
0.48861
0.346534
0.1742
2.14656e-07
1.80725e-06
1.52918e-05
0.000109502
0.000653823
0.00325063
0.0134068
0.0453582
0.123254
0.26091
0.415809
0.490619
0.460605
0.436058
0.458301
0.480939
0.531648
0.573165
0.523358
0.30969
3.94796e-07
3.30258e-06
2.74649e-05
0.000193094
0.00112854
0.00545365
0.0215965
0.0688537
0.171888
0.324356
0.447198
0.449214
0.377456
0.36085
0.378015
0.394455
0.460264
0.554423
0.624677
0.51312
6.28248e-07
5.09477e-06
4.10892e-05
0.00028077
0.0015947
0.0074641
0.0284222
0.0861387
0.201364
0.349988
0.437966
0.398796
0.320086
0.31193
0.322571
0.324039
0.366009
0.469362
0.609894
0.682414
8.60588e-07
6.65156e-06
5.13823e-05
0.000338192
0.00185818
0.00843495
0.0311796
0.0916821
0.207584
0.348707
0.421916
0.3765
0.307284
0.306903
0.320032
0.307223
0.311772
0.392467
0.541822
0.669398
1.01671e-06
7.38647e-06
5.44913e-05
0.0003438
0.00182073
0.00803204
0.0291269
0.0849173
0.192776
0.328229
0.408034
0.382556
0.329255
0.329785
0.34229
0.317681
0.288035
0.343617
0.5048
0.643463
1.14866e-06
7.86185e-06
5.17352e-05
0.000303675
0.00153804
0.00658316
0.023525
0.0689043
0.160847
0.288525
0.386308
0.397219
0.366549
0.363227
0.367266
0.332154
0.272707
0.296955
0.467427
0.644979
5.01255e-07
3.05366e-06
3.74458e-05
0.000238232
0.00115566
0.0047497
0.0166301
0.0489565
0.118339
0.227203
0.335878
0.387563
0.389007
0.386485
0.379885
0.338539
0.264457
0.265375
0.438041
0.634338
4.88412e-06
2.85335e-05
6.1128e-05
0.000185033
0.000789834
0.00310054
0.0105503
0.030863
0.0763914
0.155806
0.253908
0.3289
0.361338
0.369361
0.358713
0.315967
0.241088
0.23451
0.419138
0.640589
-2.73994e-05
-0.000127023
-9.32521e-05
9.65535e-05
0.00054826
0.00195695
0.00623134
0.0176725
0.0438289
0.092896
0.163564
0.23472
0.282233
0.302945
0.299053
0.266727
0.206128
0.204422
0.400484
0.639338
0.000169019
0.000699208
0.000494859
0.000183987
0.000243038
0.000973955
0.00325442
0.00916881
0.022601
0.0487444
0.0903453
0.140696
0.184433
0.210916
0.217407
0.202138
0.165725
0.179914
0.393266
0.649245
-0.00188643
-0.00333234
-0.00168588
-0.000210507
0.000595814
0.00129652
0.00253029
0.00533889
0.0115118
0.023622
0.0440959
0.0720755
0.101834
0.125235
0.138406
0.139453
0.128958
0.158997
0.388779
0.656267
0.0192297
0.0126054
0.00604928
0.00117901
-0.0013928
-0.0026022
-0.00265436
-0.00149774
0.00136069
0.00686746
0.0161578
0.0300004
0.0473615
0.0657092
0.0827211
0.0987701
0.115814
0.168688
0.408877
0.675189
-0.15588
-0.0327689
-0.0202782
-0.00606757
0.00660845
0.019767
0.0321198
0.0445378
0.0550959
0.0667926
0.0768892
0.0901789
0.103019
0.119803
0.137658
0.160239
0.194758
0.26184
0.465233
0.700849
0.184286
0.265869
0.31954
0.359248
0.389487
0.415642
0.436995
0.457412
0.473774
0.490602
0.503467
0.518047
0.528732
0.542445
0.552207
0.567325
0.579727
0.609427
0.664525
0.772423
)
;

boundaryField
{
    movingWall
    {
        type            fixedValue;
        value           uniform 1;
    }
    fixedWalls
    {
        type            zeroGradient;
    }
    frontAndBack
    {
        type            empty;
    }
}


// ************************************************************************* //
