/*--------------------------------*- C++ -*----------------------------------*\
| =========                 |                                                 |
| \\      /  F ield         | OpenFOAM: The Open Source CFD Toolbox           |
|  \\    /   O peration     | Version:  2212                                  |
|   \\  /    A nd           | Website:  www.openfoam.com                      |
|    \\/     M anipulation  |                                                 |
\*---------------------------------------------------------------------------*/
FoamFile
{
    version     2.0;
    format      ascii;
    arch        "LSB;label=32;scalar=64";
    class       volScalarField;
    location    "20.3";
    object      T;
}
// * * * * * * * * * * * * * * * * * * * * * * * * * * * * * * * * * * * * * //

dimensions      [0 0 0 1 0 0 0];

internalField   nonuniform List<scalar> 
400
(
0.986105
0.986395
0.986982
0.987851
0.988866
0.989796
0.990466
0.99086
0.991074
0.991221
0.991354
0.991492
0.991641
0.991795
0.99193
0.99201
0.99197
0.991747
0.991375
0.991071
0.986475
0.98683
0.98754
0.988559
0.98964
0.990441
0.990836
0.990975
0.991022
0.991057
0.991131
0.991273
0.991492
0.991778
0.992072
0.992288
0.992291
0.991982
0.991493
0.991141
0.98705
0.987528
0.988414
0.989482
0.990325
0.990683
0.990667
0.990489
0.990268
0.990101
0.990072
0.99024
0.990608
0.991164
0.991809
0.992395
0.992678
0.992415
0.991708
0.99127
0.987614
0.988219
0.989186
0.990051
0.990418
0.990245
0.989759
0.98914
0.98853
0.988079
0.987903
0.988098
0.98864
0.989541
0.990679
0.991875
0.992805
0.993042
0.99226
0.991571
0.988047
0.988724
0.989614
0.990091
0.98989
0.989141
0.988096
0.986945
0.985893
0.985126
0.984779
0.984967
0.985658
0.986877
0.988513
0.990391
0.99218
0.993375
0.99325
0.992128
0.988331
0.989003
0.989686
0.989685
0.988893
0.987549
0.98592
0.984248
0.98279
0.981743
0.981246
0.981389
0.982171
0.983603
0.985614
0.988052
0.990628
0.992866
0.993983
0.992943
0.988486
0.989083
0.989484
0.988997
0.987653
0.985757
0.983607
0.981508
0.979745
0.978513
0.977925
0.978029
0.978839
0.980361
0.982567
0.985364
0.988517
0.991585
0.993865
0.994111
0.988548
0.989036
0.989155
0.988241
0.986421
0.984054
0.981487
0.979078
0.977124
0.975797
0.975174
0.975263
0.976065
0.97758
0.979813
0.982755
0.986278
0.989985
0.993147
0.994736
0.988548
0.98892
0.98879
0.987535
0.985346
0.982627
0.979769
0.977161
0.975097
0.973726
0.973088
0.97317
0.973955
0.975427
0.977588
0.980491
0.984169
0.988358
0.992228
0.99445
0.988508
0.988785
0.988486
0.987018
0.984591
0.981639
0.978589
0.975853
0.973717
0.972308
0.971645
0.971708
0.972474
0.973909
0.975982
0.978745
0.982373
0.986853
0.991395
0.994233
0.988444
0.988655
0.988262
0.986691
0.98415
0.981091
0.977962
0.975171
0.972993
0.97154
0.970829
0.970846
0.971573
0.972967
0.974961
0.977555
0.98099
0.985549
0.990622
0.994094
0.988361
0.988543
0.988148
0.986614
0.984105
0.981068
0.977954
0.975162
0.972956
0.971452
0.970674
0.970617
0.971269
0.972588
0.974487
0.976898
0.98005
0.984518
0.990002
0.994018
0.988259
0.988442
0.988105
0.986708
0.984352
0.98146
0.978469
0.975759
0.973583
0.97206
0.971224
0.971078
0.971618
0.972805
0.974551
0.976752
0.979558
0.983764
0.989514
0.99401
0.98813
0.988345
0.98813
0.986981
0.984918
0.982306
0.979555
0.977014
0.974924
0.97341
0.972524
0.972267
0.972651
0.973638
0.975151
0.977072
0.979487
0.983327
0.989198
0.994056
0.987962
0.988225
0.98813
0.987251
0.985553
0.98333
0.98094
0.978691
0.976799
0.975382
0.974499
0.974152
0.974357
0.975086
0.976279
0.977856
0.979855
0.9832
0.989035
0.994159
0.987763
0.988085
0.988147
0.987585
0.986331
0.984596
0.982671
0.98081
0.979197
0.977938
0.977091
0.976665
0.976666
0.977086
0.977891
0.979041
0.980587
0.983337
0.98903
0.99432
0.987565
0.987882
0.987996
0.987663
0.986819
0.985602
0.984214
0.982843
0.981621
0.98063
0.979908
0.979476
0.979319
0.979455
0.979882
0.980594
0.981733
0.983959
0.989362
0.994594
0.987425
0.987813
0.988045
0.987908
0.98743
0.986695
0.98582
0.984919
0.984077
0.983354
0.982775
0.982366
0.982123
0.982063
0.982224
0.98259
0.983427
0.985138
0.989985
0.994939
0.985525
0.987385
0.987375
0.987304
0.987047
0.986705
0.986316
0.985954
0.985622
0.985377
0.985198
0.985116
0.98512
0.985203
0.985429
0.98572
0.986465
0.987763
0.991438
0.995531
0.989834
0.991062
0.991719
0.992112
0.992321
0.992452
0.99252
0.992589
0.992637
0.992714
0.992783
0.992886
0.992983
0.993114
0.993241
0.993417
0.993643
0.994119
0.995069
0.996742
)
;

boundaryField
{
    movingWall
    {
        type            fixedValue;
        value           uniform 1;
    }
    fixedWalls
    {
        type            zeroGradient;
    }
    frontAndBack
    {
        type            empty;
    }
}


// ************************************************************************* //
