/*--------------------------------*- C++ -*----------------------------------*\
| =========                 |                                                 |
| \\      /  F ield         | OpenFOAM: The Open Source CFD Toolbox           |
|  \\    /   O peration     | Version:  2212                                  |
|   \\  /    A nd           | Website:  www.openfoam.com                      |
|    \\/     M anipulation  |                                                 |
\*---------------------------------------------------------------------------*/
FoamFile
{
    version     2.0;
    format      ascii;
    arch        "LSB;label=32;scalar=64";
    class       volScalarField;
    location    "11.1";
    object      p;
}
// * * * * * * * * * * * * * * * * * * * * * * * * * * * * * * * * * * * * * //

dimensions      [0 2 -2 0 0 0 0];

internalField   nonuniform List<scalar> 
400
(
5.35187e-07
-0.000150454
-0.000534534
-0.00107174
-0.00173246
-0.00249394
-0.00318507
-0.00359763
-0.0035654
-0.00293414
-0.00154859
0.000619361
0.00324959
0.00551411
0.00653381
0.00592295
0.00400216
0.00214975
0.00111076
0.00104171
0.000116432
-5.79823e-05
-0.000376928
-0.000764103
-0.00124402
-0.00188815
-0.00270627
-0.00354359
-0.00408007
-0.00393849
-0.0028465
-0.000824914
0.00168936
0.00396094
0.00512475
0.00474317
0.00310308
0.00137484
0.000593248
0.000684306
0.00053655
0.000265081
-7.72119e-05
-0.00055957
-0.00134727
-0.00258067
-0.00421924
-0.00598391
-0.00740268
-0.00794399
-0.00726431
-0.0054621
-0.00289173
-0.000194701
0.00179173
0.00242777
0.00170886
0.000502159
-0.00039604
-0.00039275
0.00115206
0.000741375
0.000191985
-0.000774751
-0.00245113
-0.0049379
-0.00799527
-0.0111206
-0.0137035
-0.015177
-0.0152069
-0.01384
-0.0112937
-0.00802917
-0.00475235
-0.00220985
-0.000870519
-0.000706354
-0.00128897
-0.0019183
0.00158345
0.00097385
-2.27739e-05
-0.00192407
-0.00500672
-0.00918017
-0.0139138
-0.0184798
-0.0222162
-0.0246529
-0.0255285
-0.0247228
-0.0223634
-0.0187434
-0.0143046
-0.00965577
-0.00559222
-0.00294904
-0.00219341
-0.00401812
0.0012935
0.000445154
-0.00119725
-0.00430437
-0.00900509
-0.0148807
-0.0210728
-0.0267152
-0.0311911
-0.0341784
-0.0355451
-0.0351892
-0.0331966
-0.0297184
-0.0248992
-0.0189609
-0.0125053
-0.00694844
-0.00440102
-0.00652431
-4.81808e-05
-0.00114744
-0.00349937
-0.00779681
-0.0139326
-0.0211144
-0.0282361
-0.0344075
-0.0391284
-0.0422316
-0.0437193
-0.04361
-0.0419722
-0.0388783
-0.0343105
-0.0281569
-0.0205388
-0.0127028
-0.00785487
-0.00774808
-0.00245035
-0.00374206
-0.00669852
-0.0119133
-0.0190398
-0.0269817
-0.0345039
-0.0407789
-0.0454503
-0.0484765
-0.0499391
-0.0499304
-0.0485297
-0.0457878
-0.0416618
-0.0359262
-0.0283253
-0.0193709
-0.0118223
-0.00798061
-0.0055375
-0.00691508
-0.0102636
-0.0160218
-0.023658
-0.0318893
-0.039451
-0.0456125
-0.0501369
-0.0530569
-0.054486
-0.0545261
-0.0532519
-0.050725
-0.0469614
-0.0418115
-0.0348674
-0.0259474
-0.016709
-0.00999454
-0.00873361
-0.0100857
-0.0135975
-0.019542
-0.0272862
-0.0354868
-0.0429117
-0.0489092
-0.0533088
-0.0561666
-0.0575905
-0.0576617
-0.0564433
-0.0540103
-0.0504504
-0.0457598
-0.0396336
-0.0315237
-0.022321
-0.0143398
-0.0115039
-0.0127577
-0.0162191
-0.022054
-0.0296068
-0.0375882
-0.0448259
-0.0506986
-0.0550419
-0.0578932
-0.0593354
-0.059427
-0.0582178
-0.0557879
-0.052286
-0.0478516
-0.0424305
-0.0353822
-0.0271977
-0.0191791
-0.0135491
-0.0146185
-0.0178556
-0.0233151
-0.0304305
-0.0380622
-0.045117
-0.0509488
-0.055328
-0.0582393
-0.0597269
-0.0598293
-0.0585873
-0.056082
-0.0525146
-0.0481373
-0.0432062
-0.0370559
-0.0300315
-0.0224169
-0.0148371
-0.0155676
-0.0183515
-0.0232098
-0.0296928
-0.0368781
-0.0437638
-0.0496392
-0.0541537
-0.0571997
-0.0587687
-0.0588758
-0.0575565
-0.0549147
-0.0511761
-0.046655
-0.0419648
-0.0362996
-0.0302257
-0.0228956
-0.0154675
-0.0157218
-0.0177769
-0.0217458
-0.0273891
-0.0340309
-0.0407496
-0.0467395
-0.0514917
-0.0547669
-0.0564808
-0.0566218
-0.0552002
-0.0523517
-0.0483451
-0.043581
-0.03873
-0.0331409
-0.0280992
-0.0202789
-0.0155741
-0.0152979
-0.0163377
-0.0190873
-0.0236525
-0.0296334
-0.0361707
-0.0423348
-0.0474265
-0.0510382
-0.0529788
-0.0531822
-0.0516897
-0.0485903
-0.0442258
-0.0390531
-0.0337813
-0.0280712
-0.0242312
-0.0143847
-0.0152765
-0.0145498
-0.0142604
-0.0154256
-0.0186844
-0.0238941
-0.0302307
-0.0366139
-0.0421368
-0.0462001
-0.0484882
-0.0488652
-0.047352
-0.0440199
-0.0392481
-0.0335184
-0.0276409
-0.0216291
-0.0180534
-0.00383279
-0.0146617
-0.0136179
-0.0117066
-0.0110808
-0.0129533
-0.0173799
-0.0235335
-0.0301697
-0.0361924
-0.0408106
-0.0435777
-0.0442607
-0.0428497
-0.0393756
-0.0341847
-0.0276893
-0.0206821
-0.0132762
-0.00678586
0.0160529
-0.0145829
-0.0126569
-0.00864822
-0.00623441
-0.00690985
-0.0107455
-0.0168175
-0.0237394
-0.030298
-0.0355385
-0.0389028
-0.0400342
-0.0388768
-0.0354473
-0.0298954
-0.0222756
-0.0128726
-0.00068834
0.0166948
0.0570637
-0.0117943
-0.0118304
-0.00572591
-0.00177489
-0.00176487
-0.00540456
-0.0115749
-0.0188145
-0.025875
-0.0316868
-0.0356616
-0.0373611
-0.0366846
-0.0333548
-0.0272238
-0.0175414
-0.00314833
0.02049
0.060704
0.129821
-0.0295165
-0.0106295
-0.00060871
0.00308091
0.00244833
-0.00155688
-0.00799922
-0.015553
-0.0229756
-0.0291731
-0.0335312
-0.0355872
-0.0352005
-0.0319552
-0.0252272
-0.0128598
0.00942256
0.0511713
0.122878
0.226076
)
;

boundaryField
{
    movingWall
    {
        type            zeroGradient;
    }
    fixedWalls
    {
        type            zeroGradient;
    }
    frontAndBack
    {
        type            empty;
    }
}


// ************************************************************************* //
