/*--------------------------------*- C++ -*----------------------------------*\
| =========                 |                                                 |
| \\      /  F ield         | OpenFOAM: The Open Source CFD Toolbox           |
|  \\    /   O peration     | Version:  2212                                  |
|   \\  /    A nd           | Website:  www.openfoam.com                      |
|    \\/     M anipulation  |                                                 |
\*---------------------------------------------------------------------------*/
FoamFile
{
    version     2.0;
    format      ascii;
    arch        "LSB;label=32;scalar=64";
    class       surfaceScalarField;
    location    "11.1";
    object      phi;
}
// * * * * * * * * * * * * * * * * * * * * * * * * * * * * * * * * * * * * * //

dimensions      [0 3 -1 0 0 0 0];

oriented        oriented;

internalField   nonuniform List<scalar> 
760
(
1.56082e-07
-1.5613e-07
2.93629e-07
-1.37548e-07
3.09994e-07
-1.63645e-08
1.83685e-07
1.26309e-07
-1.20305e-07
3.0399e-07
-6.65927e-07
5.45622e-07
-1.48527e-06
8.19346e-07
-2.49087e-06
1.00559e-06
-3.48035e-06
9.89485e-07
-4.22035e-06
7.39995e-07
-4.54397e-06
3.23626e-07
-4.35365e-06
-1.90326e-07
-3.59375e-06
-7.59895e-07
-2.37898e-06
-1.21477e-06
-9.40008e-07
-1.43897e-06
3.47762e-07
-1.28777e-06
1.08995e-06
-7.42186e-07
1.03309e-06
5.68625e-08
4.60997e-07
5.72088e-07
4.60998e-07
1.25049e-07
-2.81179e-07
7.46109e-08
-8.711e-08
-2.97024e-07
3.5527e-07
-1.07891e-06
9.08195e-07
-2.31595e-06
1.54103e-06
-3.92742e-06
2.1571e-06
-5.66233e-06
2.55426e-06
-7.20707e-06
2.55033e-06
-8.33697e-06
2.11939e-06
-8.94231e-06
1.34534e-06
-8.97623e-06
3.57547e-07
-8.41623e-06
-7.50333e-07
-7.29364e-06
-1.88248e-06
-5.64204e-06
-2.86638e-06
-3.60581e-06
-3.4752e-06
-1.49023e-06
-3.40336e-06
1.78737e-07
-2.41115e-06
8.58994e-07
-6.23395e-07
5.25711e-07
9.05371e-07
9.86709e-07
-1.27599e-07
-1.53579e-07
-6.33932e-07
4.19223e-07
-1.62494e-06
1.34628e-06
-3.14151e-06
2.42476e-06
-5.05758e-06
3.4571e-06
-7.07344e-06
4.17297e-06
-8.87354e-06
4.35435e-06
-1.02778e-05
3.95459e-06
-1.12346e-05
3.07617e-06
-1.17361e-05
1.84689e-06
-1.17302e-05
3.51588e-07
-1.12713e-05
-1.20925e-06
-1.03385e-05
-2.81519e-06
-8.87789e-06
-4.32704e-06
-6.86961e-06
-5.48347e-06
-4.40324e-06
-5.86974e-06
-1.87874e-06
-4.93564e-06
-8.63949e-08
-2.41574e-06
2.94692e-07
5.24284e-07
1.2814e-06
-5.00534e-07
3.46955e-07
-1.56001e-06
1.4787e-06
-3.11955e-06
2.90582e-06
-5.08148e-06
4.38669e-06
-7.18539e-06
5.56101e-06
-9.12341e-06
6.11099e-06
-1.06933e-05
5.92422e-06
-1.18525e-05
5.11381e-06
-1.26291e-05
3.8528e-06
-1.30578e-05
2.27554e-06
-1.31228e-05
4.16633e-07
-1.28833e-05
-1.44877e-06
-1.23005e-05
-3.39802e-06
-1.12726e-05
-5.35496e-06
-9.66884e-06
-7.08719e-06
-7.36469e-06
-8.17388e-06
-4.39879e-06
-7.90154e-06
-1.37807e-06
-5.43647e-06
1.20737e-07
-9.74521e-07
1.40214e-06
-8.61966e-07
1.20892e-06
-2.36177e-06
2.97851e-06
-4.2329e-06
4.77695e-06
-6.28031e-06
6.43409e-06
-8.22276e-06
7.50347e-06
-9.83753e-06
7.72576e-06
-1.1048e-05
7.13465e-06
-1.18806e-05
5.94644e-06
-1.23972e-05
4.36942e-06
-1.26704e-05
2.54875e-06
-1.2791e-05
5.3722e-07
-1.27454e-05
-1.49442e-06
-1.25247e-05
-3.61869e-06
-1.20501e-05
-5.82956e-06
-1.11354e-05
-8.00191e-06
-9.49258e-06
-9.81666e-06
-6.82229e-06
-1.05718e-05
-3.22303e-06
-9.03573e-06
-2.61168e-07
-3.93638e-06
1.14097e-06
-1.08713e-06
2.29605e-06
-2.78472e-06
4.67609e-06
-4.67858e-06
6.67081e-06
-6.5367e-06
8.29222e-06
-8.13474e-06
9.10151e-06
-9.34169e-06
8.93271e-06
-1.01535e-05
7.94651e-06
-1.06354e-05
6.42832e-06
-1.08775e-05
4.61152e-06
-1.09795e-05
2.65073e-06
-1.10627e-05
6.20429e-07
-1.11133e-05
-1.44388e-06
-1.11474e-05
-3.58458e-06
-1.11362e-05
-5.84073e-06
-1.09265e-05
-8.21165e-06
-1.01912e-05
-1.05519e-05
-8.43613e-06
-1.23269e-05
-5.24509e-06
-1.22268e-05
-1.15868e-06
-8.0228e-06
-1.77055e-08
-1.11126e-06
3.40731e-06
-2.75941e-06
6.32425e-06
-4.45745e-06
8.36885e-06
-5.99355e-06
9.82832e-06
-7.20761e-06
1.03156e-05
-8.03731e-06
9.76241e-06
-8.52043e-06
8.42963e-06
-8.74396e-06
6.65185e-06
-8.81134e-06
4.67891e-06
-8.81928e-06
2.65867e-06
-8.84983e-06
6.50985e-07
-8.92117e-06
-1.37254e-06
-9.05326e-06
-3.45249e-06
-9.25777e-06
-5.63622e-06
-9.47873e-06
-7.99069e-06
-9.48539e-06
-1.05452e-05
-8.75909e-06
-1.30532e-05
-6.5413e-06
-1.44446e-05
-2.42498e-06
-1.21391e-05
-2.44269e-06
-9.36638e-07
4.34395e-06
-2.34902e-06
7.73663e-06
-3.73701e-06
9.75683e-06
-4.91709e-06
1.10084e-05
-5.78833e-06
1.11868e-05
-6.33394e-06
1.0308e-05
-6.61113e-06
8.70682e-06
-6.71089e-06
6.75161e-06
-6.72905e-06
4.69706e-06
-6.73828e-06
2.6679e-06
-6.77392e-06
6.86618e-07
-6.85272e-06
-1.29373e-06
-6.99562e-06
-3.30959e-06
-7.23327e-06
-5.39858e-06
-7.58327e-06
-7.64069e-06
-7.95566e-06
-1.01728e-05
-7.94142e-06
-1.30675e-05
-6.72259e-06
-1.56634e-05
-3.58987e-06
-1.52718e-05
-6.03256e-06
-6.26069e-07
4.97002e-06
-1.68977e-06
8.80033e-06
-2.72404e-06
1.07911e-05
-3.56425e-06
1.18486e-05
-4.15494e-06
1.17775e-05
-4.50627e-06
1.06594e-05
-4.6772e-06
8.87774e-06
-4.74603e-06
6.82045e-06
-4.78488e-06
4.73591e-06
-4.83692e-06
2.71994e-06
-4.91196e-06
7.61665e-07
-5.01617e-06
-1.18952e-06
-5.15929e-06
-3.16647e-06
-5.36983e-06
-5.18804e-06
-5.70298e-06
-7.30754e-06
-6.17293e-06
-9.70289e-06
-6.56304e-06
-1.26774e-05
-6.13295e-06
-1.60935e-05
-3.92711e-06
-1.74777e-05
-9.95967e-06
-2.33276e-07
5.20329e-06
-8.95037e-07
9.46209e-06
-1.5676e-06
1.14637e-05
-2.09816e-06
1.23792e-05
-2.45906e-06
1.21384e-05
-2.67461e-06
1.08749e-05
-2.79301e-06
8.99615e-06
-2.86747e-06
6.89491e-06
-2.94241e-06
4.81085e-06
-3.03966e-06
2.81719e-06
-3.1619e-06
8.83908e-07
-3.30862e-06
-1.04281e-06
-3.47983e-06
-2.99526e-06
-3.68757e-06
-4.98029e-06
-3.98218e-06
-7.01294e-06
-4.44611e-06
-9.23896e-06
-5.02806e-06
-1.20954e-05
-5.12737e-06
-1.59942e-05
-3.56076e-06
-1.90443e-05
-1.35204e-05
1.63764e-07
5.03953e-06
-7.04619e-08
9.69632e-06
-4.0394e-07
1.17971e-05
-6.55481e-07
1.26307e-05
-8.1102e-07
1.22939e-05
-9.01701e-07
1.09656e-05
-9.66877e-07
9.06133e-06
-1.0384e-06
6.96643e-06
-1.1328e-06
4.90525e-06
-1.25784e-06
2.94223e-06
-1.4161e-06
1.04217e-06
-1.6097e-06
-8.49205e-07
-1.83706e-06
-2.76791e-06
-2.09578e-06
-4.72157e-06
-2.41303e-06
-6.69569e-06
-2.88016e-06
-8.77183e-06
-3.56276e-06
-1.14128e-05
-4.02716e-06
-1.55298e-05
-3.02687e-06
-2.00446e-05
-1.65473e-05
5.02488e-07
4.53704e-06
7.00728e-07
9.49808e-06
7.44128e-07
1.17537e-05
7.79879e-07
1.2595e-05
8.24841e-07
1.2249e-05
8.53713e-07
1.09367e-05
8.46864e-07
9.06817e-06
7.9611e-07
7.01718e-06
7.02244e-07
4.99912e-06
5.66955e-07
3.07752e-06
3.85005e-07
1.22412e-06
1.50203e-07
-6.14403e-07
-1.38986e-07
-2.47872e-06
-4.89202e-07
-4.37135e-06
-9.03948e-07
-6.28095e-06
-1.42657e-06
-8.24921e-06
-2.20456e-06
-1.06348e-05
-2.95402e-06
-1.47803e-05
-2.46097e-06
-2.05376e-05
-1.90083e-05
7.59798e-07
3.77724e-06
1.3596e-06
8.89828e-06
1.7541e-06
1.13592e-05
2.08517e-06
1.22639e-05
2.35972e-06
1.19744e-05
2.54764e-06
1.07488e-05
2.64085e-06
8.97496e-06
2.65005e-06
7.00798e-06
2.5892e-06
5.05997e-06
2.46461e-06
3.20211e-06
2.26862e-06
1.42011e-06
1.98713e-06
-3.32909e-07
1.62082e-06
-2.11241e-06
1.16483e-06
-3.91536e-06
6.14929e-07
-5.73105e-06
-7.99433e-08
-7.55434e-06
-9.53691e-07
-9.76106e-06
-1.91682e-06
-1.38172e-05
-1.92414e-06
-2.05303e-05
-2.09324e-05
8.75562e-07
2.90168e-06
1.81907e-06
7.95477e-06
2.56415e-06
1.06142e-05
3.20825e-06
1.16198e-05
3.75887e-06
1.14238e-05
4.17279e-06
1.03349e-05
4.43424e-06
8.71352e-06
4.55714e-06
6.88507e-06
4.56428e-06
5.05283e-06
4.47061e-06
3.29578e-06
4.27389e-06
1.61684e-06
3.94143e-06
-4.49726e-10
3.49406e-06
-1.66504e-06
2.90615e-06
-3.32745e-06
2.17901e-06
-5.0039e-06
1.33184e-06
-6.70717e-06
2.74351e-07
-8.70357e-06
-9.53138e-07
-1.25897e-05
-1.42488e-06
-2.00586e-05
-2.23573e-05
8.11443e-07
2.09024e-06
1.96505e-06
6.80116e-06
3.01273e-06
9.56649e-06
3.99081e-06
1.06417e-05
4.87241e-06
1.05422e-05
5.59154e-06
9.61575e-06
6.10909e-06
8.19597e-06
6.42802e-06
6.56615e-06
6.569e-06
4.91185e-06
6.54982e-06
3.31495e-06
6.36859e-06
1.79807e-06
6.02261e-06
3.45533e-07
5.47879e-06
-1.12123e-06
4.74469e-06
-2.59335e-06
3.8125e-06
-4.07171e-06
2.7113e-06
-5.60596e-06
1.40175e-06
-7.39402e-06
-1.48911e-07
-1.1039e-05
-9.09027e-07
-1.92984e-05
-2.32663e-05
5.81461e-07
1.50878e-06
1.77029e-06
5.61232e-06
3.11548e-06
8.2213e-06
4.4732e-06
9.28399e-06
5.74596e-06
9.26944e-06
6.83514e-06
8.52656e-06
7.67535e-06
7.35576e-06
8.25387e-06
5.98763e-06
8.58294e-06
4.58278e-06
8.67911e-06
3.21879e-06
8.54896e-06
1.92821e-06
8.18959e-06
7.04902e-07
7.55685e-06
-4.88484e-07
6.6682e-06
-1.7047e-06
5.51105e-06
-2.91456e-06
4.12645e-06
-4.22136e-06
2.58853e-06
-5.8561e-06
9.69102e-07
-9.41961e-06
-1.38911e-07
-1.81904e-05
-2.34052e-05
1.54336e-07
1.35444e-06
1.0487e-06
4.71796e-06
2.53355e-06
6.73646e-06
4.26367e-06
7.55386e-06
5.99369e-06
7.53942e-06
7.53585e-06
6.98441e-06
8.78744e-06
6.10417e-06
9.71861e-06
5.05646e-06
1.03244e-05
3.97701e-06
1.0616e-05
2.92714e-06
1.05994e-05
1.9448e-06
1.02801e-05
1.02424e-06
9.61161e-06
1.80012e-07
8.61664e-06
-7.09729e-07
7.28491e-06
-1.58282e-06
5.66865e-06
-2.60511e-06
3.92913e-06
-4.11658e-06
2.25072e-06
-7.7412e-06
6.56935e-07
-1.65966e-05
-2.27483e-05
-5.19154e-07
1.8736e-06
2.03731e-07
3.99507e-06
1.76792e-06
5.17227e-06
3.84152e-06
5.48026e-06
6.00728e-06
5.37366e-06
7.97816e-06
5.01353e-06
9.61751e-06
4.46481e-06
1.08837e-05
3.79024e-06
1.17592e-05
3.1015e-06
1.22601e-05
2.42627e-06
1.23897e-05
1.81517e-06
1.21678e-05
1.24616e-06
1.16186e-05
7.29209e-07
1.07123e-05
1.96544e-07
9.45377e-06
-3.24247e-07
7.91672e-06
-1.06805e-06
6.28709e-06
-2.48695e-06
4.46683e-06
-5.92093e-06
2.05977e-06
-1.41896e-05
-2.06885e-05
-4.18158e-06
6.05518e-06
-3.64416e-06
3.45766e-06
-1.2438e-06
2.77191e-06
1.56268e-06
2.67378e-06
4.31129e-06
2.62505e-06
6.85493e-06
2.46989e-06
9.07988e-06
2.23986e-06
1.09256e-05
1.94449e-06
1.23736e-05
1.65358e-06
1.34506e-05
1.34927e-06
1.41736e-05
1.09209e-06
1.45875e-05
8.32245e-07
1.46799e-05
6.36886e-07
1.44595e-05
4.16888e-07
1.39226e-05
2.12645e-07
1.30851e-05
-2.30499e-07
1.19347e-05
-1.3366e-06
1.01167e-05
-4.10292e-06
5.63959e-06
-9.71247e-06
-1.50489e-05
6.05518e-06
9.51283e-06
1.22847e-05
1.49585e-05
1.75836e-05
2.00535e-05
2.22933e-05
2.42378e-05
2.58914e-05
2.72407e-05
2.83328e-05
2.9165e-05
2.98019e-05
3.02188e-05
3.04314e-05
3.02009e-05
2.88643e-05
2.47614e-05
1.50489e-05
)
;

boundaryField
{
    movingWall
    {
        type            calculated;
        value           uniform 0;
    }
    fixedWalls
    {
        type            calculated;
        value           uniform 0;
    }
    frontAndBack
    {
        type            empty;
        value           nonuniform List<scalar> 0();
    }
}


// ************************************************************************* //
