/*--------------------------------*- C++ -*----------------------------------*\
| =========                 |                                                 |
| \\      /  F ield         | OpenFOAM: The Open Source CFD Toolbox           |
|  \\    /   O peration     | Version:  2212                                  |
|   \\  /    A nd           | Website:  www.openfoam.com                      |
|    \\/     M anipulation  |                                                 |
\*---------------------------------------------------------------------------*/
FoamFile
{
    version     2.0;
    format      ascii;
    arch        "LSB;label=32;scalar=64";
    class       volScalarField;
    location    "11.1";
    object      T;
}
// * * * * * * * * * * * * * * * * * * * * * * * * * * * * * * * * * * * * * //

dimensions      [0 0 0 1 0 0 0];

internalField   nonuniform List<scalar> 
400
(
0.914993
0.916927
0.920859
0.926661
0.933389
0.93947
0.943766
0.946211
0.947501
0.948367
0.949148
0.949949
0.950799
0.951668
0.952417
0.952819
0.952498
0.951053
0.948692
0.946757
0.917494
0.919859
0.924595
0.931351
0.938451
0.943622
0.946114
0.946983
0.947295
0.94753
0.947977
0.948806
0.950073
0.951703
0.953362
0.954535
0.954431
0.952453
0.949388
0.947171
0.9214
0.924559
0.930415
0.937446
0.942947
0.945282
0.945274
0.944307
0.943075
0.942142
0.941996
0.942979
0.945105
0.948305
0.951995
0.955312
0.956816
0.955059
0.950666
0.947937
0.925221
0.929197
0.935566
0.941275
0.943766
0.942884
0.940135
0.936614
0.933121
0.930537
0.92953
0.930664
0.933799
0.939005
0.945568
0.952455
0.957753
0.958917
0.954015
0.949758
0.928167
0.93262
0.938521
0.941804
0.940842
0.936579
0.930593
0.923977
0.917922
0.913505
0.911509
0.912591
0.916576
0.923613
0.93307
0.943929
0.95427
0.961101
0.960077
0.953164
0.930126
0.934579
0.939232
0.939611
0.935143
0.927424
0.918062
0.908434
0.900042
0.894021
0.891162
0.891984
0.896473
0.904716
0.916308
0.930389
0.945301
0.958267
0.964639
0.958166
0.931247
0.935271
0.938238
0.935713
0.928012
0.917108
0.904746
0.892667
0.882545
0.875472
0.872101
0.872696
0.87734
0.886071
0.898749
0.914857
0.933066
0.950843
0.96408
0.965331
0.931764
0.935145
0.936432
0.931382
0.92092
0.907306
0.892551
0.878714
0.867513
0.859918
0.856354
0.856858
0.861445
0.870114
0.882917
0.899822
0.920128
0.941567
0.959922
0.969178
0.931867
0.934551
0.934368
0.927323
0.914732
0.899099
0.882678
0.867719
0.85591
0.848074
0.844435
0.844902
0.849386
0.857791
0.870155
0.886801
0.907956
0.932145
0.954574
0.967507
0.931708
0.933805
0.932619
0.924338
0.910381
0.893416
0.875907
0.860229
0.848022
0.83998
0.836199
0.83656
0.840933
0.849118
0.860959
0.876774
0.897607
0.923439
0.949749
0.96625
0.931374
0.933049
0.931305
0.922449
0.907844
0.89027
0.872309
0.856326
0.843883
0.835599
0.831545
0.831642
0.835787
0.843736
0.855119
0.869948
0.889643
0.915898
0.945258
0.965447
0.930914
0.932372
0.930598
0.921979
0.907574
0.89013
0.872262
0.856273
0.843671
0.835091
0.830656
0.830332
0.834049
0.841571
0.852408
0.866187
0.884239
0.909942
0.941666
0.965009
0.930323
0.931739
0.930285
0.922488
0.908988
0.892375
0.875213
0.859689
0.847247
0.83855
0.833784
0.832953
0.836032
0.842804
0.852773
0.865346
0.881401
0.905578
0.938828
0.964961
0.929561
0.931111
0.930333
0.923997
0.912217
0.897227
0.881434
0.866868
0.854906
0.846257
0.841197
0.839733
0.841922
0.847555
0.856197
0.867175
0.880991
0.90304
0.936996
0.965231
0.928556
0.93034
0.930226
0.925478
0.915838
0.903094
0.889375
0.876475
0.865631
0.857521
0.852476
0.85049
0.851663
0.855828
0.862648
0.87166
0.88309
0.902295
0.936038
0.965826
0.927359
0.92945
0.930194
0.927281
0.920241
0.910336
0.899296
0.88862
0.879368
0.872153
0.867301
0.864863
0.864864
0.867266
0.871864
0.878439
0.887283
0.903065
0.936004
0.966764
0.926174
0.928225
0.92922
0.927613
0.922954
0.916056
0.908126
0.900268
0.893258
0.887577
0.883435
0.880952
0.880052
0.880825
0.88326
0.887326
0.893847
0.906634
0.937923
0.96836
0.925335
0.927746
0.929386
0.928873
0.926325
0.922219
0.917261
0.912127
0.907307
0.903169
0.899847
0.897496
0.896101
0.895749
0.896667
0.898761
0.903571
0.91342
0.941527
0.970371
0.91426
0.925426
0.925544
0.92531
0.923954
0.922083
0.919914
0.917885
0.916015
0.914638
0.913632
0.913186
0.913231
0.913731
0.915059
0.916752
0.921079
0.928607
0.94996
0.97382
0.939752
0.94706
0.950991
0.95337
0.954664
0.95549
0.955941
0.956394
0.956719
0.957205
0.957635
0.958268
0.958855
0.959644
0.960402
0.961449
0.962775
0.965563
0.9711
0.980881
)
;

boundaryField
{
    movingWall
    {
        type            fixedValue;
        value           uniform 1;
    }
    fixedWalls
    {
        type            zeroGradient;
    }
    frontAndBack
    {
        type            empty;
    }
}


// ************************************************************************* //
