/*--------------------------------*- C++ -*----------------------------------*\
| =========                 |                                                 |
| \\      /  F ield         | OpenFOAM: The Open Source CFD Toolbox           |
|  \\    /   O peration     | Version:  2212                                  |
|   \\  /    A nd           | Website:  www.openfoam.com                      |
|    \\/     M anipulation  |                                                 |
\*---------------------------------------------------------------------------*/
FoamFile
{
    version     2.0;
    format      ascii;
    arch        "LSB;label=32;scalar=64";
    class       volScalarField;
    location    "9.4";
    object      T;
}
// * * * * * * * * * * * * * * * * * * * * * * * * * * * * * * * * * * * * * //

dimensions      [0 0 0 1 0 0 0];

internalField   nonuniform List<scalar> 
400
(
0.876168
0.879224
0.885411
0.894503
0.904979
0.914351
0.920867
0.924486
0.92634
0.927565
0.928657
0.92976
0.930917
0.932081
0.933055
0.933515
0.932926
0.930694
0.927101
0.924154
0.880163
0.883868
0.891276
0.901806
0.912784
0.92068
0.92442
0.925721
0.926216
0.926587
0.927233
0.928387
0.930124
0.932337
0.934554
0.936048
0.935709
0.932685
0.928087
0.924743
0.88637
0.891281
0.900384
0.911275
0.919748
0.923357
0.923482
0.922244
0.920621
0.919387
0.919218
0.920585
0.923509
0.92789
0.932914
0.937369
0.939225
0.936431
0.929898
0.92583
0.892428
0.898582
0.908456
0.917322
0.921295
0.920264
0.916584
0.91182
0.907062
0.903539
0.902168
0.903735
0.908049
0.915209
0.924229
0.933668
0.940833
0.942117
0.934758
0.928464
0.897108
0.904006
0.91321
0.918493
0.917475
0.911712
0.90356
0.894508
0.886207
0.880149
0.877408
0.87889
0.884359
0.894031
0.907045
0.922006
0.936243
0.945529
0.943645
0.933447
0.900259
0.907202
0.914619
0.915705
0.909731
0.899189
0.886381
0.873178
0.861677
0.853425
0.849504
0.850619
0.856756
0.868045
0.883953
0.903326
0.923893
0.941794
0.950437
0.940802
0.902123
0.908484
0.913506
0.910461
0.899977
0.885054
0.868125
0.851579
0.837736
0.828069
0.823462
0.824263
0.830591
0.84251
0.859853
0.881945
0.906998
0.931542
0.94986
0.95131
0.903055
0.908514
0.911159
0.904561
0.89026
0.871625
0.851428
0.832507
0.817223
0.806868
0.802009
0.802683
0.808914
0.820714
0.838181
0.86131
0.889182
0.91872
0.944118
0.956973
0.903349
0.907811
0.908387
0.899009
0.881781
0.860389
0.83793
0.817507
0.801422
0.790761
0.785809
0.786431
0.792509
0.803923
0.820749
0.843468
0.872448
0.905721
0.9367
0.954644
0.903228
0.90683
0.905992
0.894911
0.875817
0.85261
0.828683
0.807303
0.790695
0.779769
0.774632
0.775109
0.781028
0.792128
0.808216
0.829757
0.858239
0.893722
0.930037
0.95291
0.902825
0.905787
0.904158
0.892307
0.872339
0.848306
0.823772
0.80199
0.78507
0.773821
0.768316
0.768435
0.77404
0.784814
0.800265
0.820436
0.847317
0.883329
0.92382
0.951796
0.902217
0.904812
0.903115
0.891625
0.871955
0.848105
0.823703
0.801913
0.784777
0.773125
0.767102
0.766652
0.771677
0.78187
0.796576
0.815305
0.83991
0.875128
0.918859
0.951194
0.901401
0.903867
0.902586
0.89227
0.873875
0.851166
0.827725
0.806558
0.789628
0.77781
0.771334
0.770196
0.774358
0.783537
0.797068
0.814154
0.836016
0.869109
0.914928
0.951129
0.900324
0.902901
0.902508
0.894244
0.878252
0.857779
0.836204
0.816331
0.800035
0.788268
0.781385
0.779386
0.782347
0.789986
0.801722
0.816642
0.835443
0.865601
0.912391
0.951506
0.89889
0.901731
0.902205
0.896158
0.883155
0.865778
0.847036
0.829422
0.814629
0.803578
0.796706
0.793995
0.795578
0.801231
0.810497
0.822748
0.838296
0.864547
0.911053
0.952332
0.897172
0.900381
0.901962
0.898449
0.889068
0.875623
0.860564
0.845984
0.833352
0.823505
0.816883
0.81355
0.81354
0.816796
0.823043
0.83198
0.844011
0.865576
0.910995
0.953634
0.895484
0.898619
0.90048
0.898731
0.892639
0.883348
0.87257
0.861856
0.852286
0.844527
0.838867
0.835469
0.834228
0.835264
0.838567
0.844087
0.852966
0.870449
0.913632
0.955847
0.894284
0.897852
0.900533
0.900237
0.897038
0.891601
0.884925
0.877961
0.8714
0.865755
0.861216
0.857997
0.856081
0.855586
0.856829
0.859676
0.866256
0.879762
0.918608
0.958641
0.878893
0.89487
0.895282
0.895214
0.893544
0.89112
0.88825
0.885548
0.883046
0.881207
0.879868
0.879292
0.879387
0.880101
0.881955
0.884306
0.890294
0.9007
0.930275
0.963429
0.914855
0.925225
0.930836
0.934264
0.93617
0.93741
0.938118
0.938818
0.939331
0.940061
0.940704
0.941627
0.942477
0.943609
0.944687
0.94617
0.948028
0.951921
0.959613
0.973248
)
;

boundaryField
{
    movingWall
    {
        type            fixedValue;
        value           uniform 1;
    }
    fixedWalls
    {
        type            zeroGradient;
    }
    frontAndBack
    {
        type            empty;
    }
}


// ************************************************************************* //
