/*--------------------------------*- C++ -*----------------------------------*\
| =========                 |                                                 |
| \\      /  F ield         | OpenFOAM: The Open Source CFD Toolbox           |
|  \\    /   O peration     | Version:  2212                                  |
|   \\  /    A nd           | Website:  www.openfoam.com                      |
|    \\/     M anipulation  |                                                 |
\*---------------------------------------------------------------------------*/
FoamFile
{
    version     2.0;
    format      ascii;
    arch        "LSB;label=32;scalar=64";
    class       surfaceScalarField;
    location    "3.4";
    object      phi;
}
// * * * * * * * * * * * * * * * * * * * * * * * * * * * * * * * * * * * * * //

dimensions      [0 3 -1 0 0 0 0];

oriented        oriented;

internalField   nonuniform List<scalar> 
760
(
1.49823e-07
-1.49823e-07
2.80326e-07
-1.30503e-07
2.93806e-07
-1.34796e-08
1.6827e-07
1.25536e-07
-1.31072e-07
2.99342e-07
-6.65944e-07
5.34872e-07
-1.4676e-06
8.01661e-07
-2.45312e-06
9.85513e-07
-3.42704e-06
9.73921e-07
-4.16084e-06
7.33806e-07
-4.48774e-06
3.26893e-07
-4.31121e-06
-1.76531e-07
-3.57197e-06
-7.39234e-07
-2.38089e-06
-1.19108e-06
-9.63756e-07
-1.41714e-06
3.09857e-07
-1.27361e-06
1.05317e-06
-7.43313e-07
1.0099e-06
4.32704e-08
4.52581e-07
5.57318e-07
4.52581e-07
1.147e-07
-2.64523e-07
5.65531e-08
-7.23565e-08
-3.12033e-07
3.55107e-07
-1.07915e-06
8.92656e-07
-2.28979e-06
1.50998e-06
-3.86817e-06
2.11325e-06
-5.57325e-06
2.50674e-06
-7.09888e-06
2.51114e-06
-8.22099e-06
2.09603e-06
-8.82793e-06
1.34074e-06
-8.87158e-06
3.7055e-07
-8.32789e-06
-7.2022e-07
-7.22773e-06
-1.83939e-06
-5.60259e-06
-2.81623e-06
-3.59365e-06
-3.42607e-06
-1.50118e-06
-3.36609e-06
1.52312e-07
-2.3968e-06
8.35881e-07
-6.40297e-07
5.15966e-07
8.77234e-07
9.68547e-07
-1.34249e-07
-1.30274e-07
-6.37638e-07
4.31032e-07
-1.61081e-06
1.32828e-06
-3.09514e-06
2.37699e-06
-4.97271e-06
3.38755e-06
-6.9553e-06
4.09583e-06
-8.73332e-06
4.28476e-06
-1.01252e-05
3.90299e-06
-1.10763e-05
3.04714e-06
-1.1578e-05
1.84244e-06
-1.15814e-05
3.73949e-07
-1.11344e-05
-1.1672e-06
-1.02195e-05
-2.75428e-06
-8.78247e-06
-4.25327e-06
-6.80241e-06
-5.40612e-06
-4.36694e-06
-5.80156e-06
-1.8702e-06
-4.89355e-06
-9.41188e-08
-2.41638e-06
2.90549e-07
4.92566e-07
1.2591e-06
-4.95012e-07
3.64737e-07
-1.53686e-06
1.47288e-06
-3.06426e-06
2.85567e-06
-4.98693e-06
4.29967e-06
-7.05534e-06
5.45596e-06
-8.96847e-06
6.00896e-06
-1.05236e-05
5.8399e-06
-1.1674e-05
5.0534e-06
-1.2446e-05
3.81913e-06
-1.28742e-05
2.27059e-06
-1.29455e-05
4.45321e-07
-1.2715e-05
-1.39778e-06
-1.21465e-05
-3.32273e-06
-1.11384e-05
-5.2614e-06
-9.5594e-06
-6.98509e-06
-7.28524e-06
-8.07572e-06
-4.35442e-06
-7.82436e-06
-1.36974e-06
-5.40106e-06
1.17181e-07
-9.94355e-07
1.37628e-06
-8.44302e-07
1.20904e-06
-2.31275e-06
2.94132e-06
-4.1454e-06
4.68832e-06
-6.15619e-06
6.31046e-06
-8.07169e-06
7.37146e-06
-9.67009e-06
7.60737e-06
-1.08706e-05
7.04039e-06
-1.16964e-05
5.87926e-06
-1.22087e-05
4.33141e-06
-1.24805e-05
2.5424e-06
-1.26016e-05
5.66374e-07
-1.25633e-05
-1.43608e-06
-1.23551e-05
-3.53088e-06
-1.18971e-05
-5.71949e-06
-1.10022e-05
-7.87992e-06
-9.38339e-06
-9.69455e-06
-6.74508e-06
-1.04627e-05
-3.18858e-06
-8.95756e-06
-2.62114e-07
-3.92082e-06
1.11416e-06
-1.0599e-06
2.26894e-06
-2.72034e-06
4.60176e-06
-4.57693e-06
6.54491e-06
-6.40511e-06
8.13864e-06
-7.98374e-06
8.95009e-06
-9.17918e-06
8.8028e-06
-9.98251e-06
7.84372e-06
-1.04563e-05
6.35306e-06
-1.06906e-05
4.56568e-06
-1.07865e-05
2.6383e-06
-1.08662e-05
6.46063e-07
-1.09227e-05
-1.37959e-06
-1.09694e-05
-3.48413e-06
-1.09759e-05
-5.71301e-06
-1.0786e-05
-8.06985e-06
-1.00707e-05
-1.04098e-05
-8.33838e-06
-1.2195e-05
-5.18084e-06
-1.21151e-05
-1.14669e-06
-7.95498e-06
-3.25209e-08
-1.08049e-06
3.34942e-06
-2.69193e-06
6.21321e-06
-4.3581e-06
8.21108e-06
-5.87043e-06
9.65097e-06
-7.06947e-06
1.01491e-05
-7.88879e-06
9.62212e-06
-8.36139e-06
8.31633e-06
-8.57225e-06
6.56392e-06
-8.62534e-06
4.61877e-06
-8.62045e-06
2.63341e-06
-8.64408e-06
6.6969e-07
-8.71853e-06
-1.30514e-06
-8.8636e-06
-3.33905e-06
-9.08975e-06
-5.48686e-06
-9.33639e-06
-7.82321e-06
-9.36684e-06
-1.03794e-05
-8.65959e-06
-1.29022e-05
-6.46457e-06
-1.43101e-05
-2.39238e-06
-1.20272e-05
-2.4249e-06
-9.08811e-07
4.25823e-06
-2.28919e-06
7.59359e-06
-3.65138e-06
9.57327e-06
-4.81264e-06
1.08122e-05
-5.67086e-06
1.10074e-05
-6.20521e-06
1.01565e-05
-6.46901e-06
8.58013e-06
-6.5519e-06
6.6468e-06
-6.55152e-06
4.61839e-06
-6.5443e-06
2.62619e-06
-6.57013e-06
6.95519e-07
-6.64829e-06
-1.22698e-06
-6.80152e-06
-3.18583e-06
-7.06091e-06
-5.22746e-06
-7.44125e-06
-7.44288e-06
-7.84484e-06
-9.97579e-06
-7.85432e-06
-1.28927e-05
-6.6523e-06
-1.55121e-05
-3.53964e-06
-1.51398e-05
-5.96454e-06
-6.05585e-07
4.86382e-06
-1.64436e-06
8.63237e-06
-2.65899e-06
1.05879e-05
-3.4844e-06
1.16376e-05
-4.06348e-06
1.15864e-05
-4.40337e-06
1.04964e-05
-4.56041e-06
8.73717e-06
-4.61252e-06
6.69891e-06
-4.63369e-06
4.63956e-06
-4.67048e-06
2.66299e-06
-4.73512e-06
7.6016e-07
-4.83559e-06
-1.12651e-06
-4.98352e-06
-3.0379e-06
-5.20957e-06
-5.00141e-06
-5.56969e-06
-7.08276e-06
-6.07342e-06
-9.47206e-06
-6.49178e-06
-1.24744e-05
-6.07721e-06
-1.59267e-05
-3.88673e-06
-1.73303e-05
-9.85127e-06
-2.23624e-07
5.08744e-06
-8.68836e-07
9.27758e-06
-1.52796e-06
1.1247e-05
-2.04788e-06
1.21576e-05
-2.39933e-06
1.19379e-05
-2.60495e-06
1.0702e-05
-2.71199e-06
8.84421e-06
-2.7737e-06
6.76062e-06
-2.83601e-06
4.70187e-06
-2.9223e-06
2.74928e-06
-3.03577e-06
8.73624e-07
-3.17675e-06
-9.85529e-07
-3.34673e-06
-2.86792e-06
-3.56031e-06
-4.78783e-06
-3.87234e-06
-6.77073e-06
-4.36489e-06
-8.97952e-06
-4.97602e-06
-1.18632e-05
-5.09173e-06
-1.5811e-05
-3.53658e-06
-1.88855e-05
-1.33878e-05
1.60783e-07
4.92666e-06
-6.55797e-08
9.50394e-06
-3.91579e-07
1.1573e-05
-6.36946e-07
1.24029e-05
-7.86498e-07
1.20874e-05
-8.70721e-07
1.07862e-05
-9.29256e-07
8.90274e-06
-9.94462e-07
6.82583e-06
-1.0832e-06
4.7906e-06
-1.20289e-06
2.86898e-06
-1.35522e-06
1.02595e-06
-1.54222e-06
-7.98533e-07
-1.76349e-06
-2.64664e-06
-2.01904e-06
-4.53228e-06
-2.34044e-06
-6.44933e-06
-2.82518e-06
-8.49478e-06
-3.53172e-06
-1.11567e-05
-4.01007e-06
-1.53326e-05
-3.01559e-06
-1.98799e-05
-1.64034e-05
4.87276e-07
4.43938e-06
6.81712e-07
9.30951e-06
7.2504e-07
1.15297e-05
7.62303e-07
1.23657e-05
8.10021e-07
1.20397e-05
8.41596e-07
1.07546e-05
8.35997e-07
8.90834e-06
7.84626e-07
6.8772e-06
6.89908e-07
4.88532e-06
5.54869e-07
3.00402e-06
3.76059e-07
1.20476e-06
1.47522e-07
-5.69996e-07
-1.33389e-07
-2.36573e-06
-4.73917e-07
-4.19175e-06
-8.81538e-07
-6.04171e-06
-1.40739e-06
-7.96893e-06
-2.19905e-06
-1.0365e-05
-2.95694e-06
-1.45748e-05
-2.46268e-06
-2.03742e-05
-1.88661e-05
7.32801e-07
3.70658e-06
1.31745e-06
8.72485e-06
1.70383e-06
1.11433e-05
2.03063e-06
1.20389e-05
2.30398e-06
1.17664e-05
2.49093e-06
1.05677e-05
2.58088e-06
8.81839e-06
2.58421e-06
6.87387e-06
2.51648e-06
4.95305e-06
2.38747e-06
3.13303e-06
2.19223e-06
1.4e-06
1.91735e-06
-2.9511e-07
1.5613e-06
-2.00969e-06
1.11899e-06
-3.74944e-06
5.83959e-07
-5.50668e-06
-9.99478e-08
-7.28502e-06
-9.76182e-07
-9.48881e-06
-1.94106e-06
-1.36099e-05
-1.93556e-06
-2.03797e-05
-2.08017e-05
8.41293e-07
2.86529e-06
1.75765e-06
7.80849e-06
2.48549e-06
1.04155e-05
3.11839e-06
1.1406e-05
3.66197e-06
1.12228e-05
4.07026e-06
1.01594e-05
4.32456e-06
8.56409e-06
4.43808e-06
6.76036e-06
4.43533e-06
4.9558e-06
4.33387e-06
3.23449e-06
4.13373e-06
1.60014e-06
3.8104e-06
2.82181e-08
3.37316e-06
-1.57245e-06
2.80235e-06
-3.17862e-06
2.09656e-06
-4.80089e-06
1.27008e-06
-6.45854e-06
2.27093e-07
-8.44583e-06
-9.93166e-07
-1.23896e-05
-1.44376e-06
-1.99291e-05
-2.22454e-05
7.7713e-07
2.08816e-06
1.89226e-06
6.69337e-06
2.91292e-06
9.39481e-06
3.87181e-06
1.04471e-05
4.73941e-06
1.03552e-05
5.44739e-06
9.45141e-06
5.95393e-06
8.05755e-06
6.2607e-06
6.45358e-06
6.38976e-06
4.82674e-06
6.36175e-06
3.2625e-06
6.17844e-06
1.78345e-06
5.83335e-06
3.73307e-07
5.30275e-06
-1.04184e-06
4.58835e-06
-2.46422e-06
3.68251e-06
-3.89506e-06
2.61296e-06
-5.38899e-06
1.33236e-06
-7.16522e-06
-1.86642e-07
-1.08706e-05
-9.37033e-07
-1.91787e-05
-2.31825e-05
5.54967e-07
1.53319e-06
1.69894e-06
5.54939e-06
3.00639e-06
8.08736e-06
4.3327e-06
9.12078e-06
5.58085e-06
9.10704e-06
6.65079e-06
8.38147e-06
7.4747e-06
7.23364e-06
8.0382e-06
5.89008e-06
8.35397e-06
4.51097e-06
8.44072e-06
3.17575e-06
8.30661e-06
1.91756e-06
7.95106e-06
7.28855e-07
7.33188e-06
-4.2266e-07
6.46565e-06
-1.59799e-06
5.33976e-06
-2.76917e-06
3.99604e-06
-4.04527e-06
2.49595e-06
-5.66513e-06
8.99894e-07
-9.27456e-06
-1.71121e-07
-1.81077e-05
-2.33536e-05
1.38868e-07
1.39432e-06
9.90035e-07
4.69822e-06
2.43073e-06
6.64666e-06
4.11899e-06
7.43252e-06
5.81339e-06
7.41263e-06
7.32704e-06
6.86781e-06
8.55526e-06
6.00542e-06
9.4668e-06
4.97854e-06
1.00562e-05
3.92162e-06
1.03365e-05
2.89535e-06
1.03145e-05
1.93962e-06
9.99726e-06
1.04608e-06
9.34723e-06
2.27373e-07
8.37521e-06
-6.25976e-07
7.08029e-06
-1.47424e-06
5.51153e-06
-2.47651e-06
3.82464e-06
-3.97824e-06
2.18848e-06
-7.6384e-06
6.32882e-07
-1.65521e-05
-2.27207e-05
-5.08102e-07
1.90242e-06
1.80328e-07
4.00979e-06
1.6913e-06
5.13569e-06
3.7086e-06
5.41522e-06
5.82337e-06
5.29786e-06
7.75267e-06
4.93851e-06
9.35836e-06
4.39973e-06
1.05983e-05
3.73857e-06
1.14537e-05
3.06625e-06
1.19423e-05
2.40679e-06
1.20691e-05
1.81281e-06
1.18555e-05
1.25962e-06
1.13207e-05
7.62181e-07
1.0445e-05
2.49735e-07
9.23286e-06
-2.62081e-07
7.74889e-06
-9.92546e-07
6.17931e-06
-2.40866e-06
4.40914e-06
-5.86823e-06
2.0358e-06
-1.41788e-05
-2.06849e-05
-4.16954e-06
6.07196e-06
-3.63906e-06
3.47931e-06
-1.27474e-06
2.77137e-06
1.48309e-06
2.65739e-06
4.18205e-06
2.59891e-06
6.68039e-06
2.44017e-06
8.86796e-06
2.21216e-06
1.06851e-05
1.9214e-06
1.21141e-05
1.6373e-06
1.31812e-05
1.33963e-06
1.39038e-05
1.09028e-06
1.43258e-05
8.37544e-07
1.44377e-05
6.50319e-07
1.42522e-05
4.35274e-07
1.37545e-05
2.35596e-07
1.29591e-05
-1.9711e-07
1.18612e-05
-1.31081e-06
1.00871e-05
-4.09412e-06
5.6275e-06
-9.71916e-06
-1.50574e-05
6.07196e-06
9.55127e-06
1.23226e-05
1.498e-05
1.75789e-05
2.00191e-05
2.22313e-05
2.41527e-05
2.579e-05
2.71296e-05
2.82199e-05
2.90574e-05
2.97077e-05
3.0143e-05
3.03786e-05
3.01815e-05
2.88707e-05
2.47766e-05
1.50574e-05
)
;

boundaryField
{
    movingWall
    {
        type            calculated;
        value           uniform 0;
    }
    fixedWalls
    {
        type            calculated;
        value           uniform 0;
    }
    frontAndBack
    {
        type            empty;
        value           nonuniform List<scalar> 0();
    }
}


// ************************************************************************* //
