/*--------------------------------*- C++ -*----------------------------------*\
| =========                 |                                                 |
| \\      /  F ield         | OpenFOAM: The Open Source CFD Toolbox           |
|  \\    /   O peration     | Version:  2212                                  |
|   \\  /    A nd           | Website:  www.openfoam.com                      |
|    \\/     M anipulation  |                                                 |
\*---------------------------------------------------------------------------*/
FoamFile
{
    version     2.0;
    format      ascii;
    arch        "LSB;label=32;scalar=64";
    class       volScalarField;
    location    "3.4";
    object      T;
}
// * * * * * * * * * * * * * * * * * * * * * * * * * * * * * * * * * * * * * //

dimensions      [0 0 0 1 0 0 0];

internalField   nonuniform List<scalar> 
400
(
0.312238
0.335999
0.383355
0.451865
0.529904
0.599202
0.646796
0.672185
0.683741
0.689915
0.694137
0.697183
0.699175
0.699613
0.697521
0.690955
0.676728
0.649862
0.610872
0.578955
0.342145
0.371034
0.427947
0.507349
0.589276
0.648434
0.677709
0.689951
0.696626
0.70136
0.70551
0.709714
0.713984
0.717482
0.718172
0.712507
0.695221
0.661349
0.616524
0.582695
0.389301
0.427744
0.498078
0.581429
0.647931
0.681574
0.693219
0.697407
0.698572
0.699082
0.701059
0.705924
0.713832
0.724124
0.733716
0.737098
0.724811
0.686091
0.627122
0.589433
0.436877
0.485574
0.563885
0.636799
0.678479
0.690295
0.688782
0.681911
0.672661
0.665314
0.662698
0.667382
0.679273
0.69872
0.722789
0.745739
0.755589
0.733244
0.662772
0.608863
0.475797
0.532151
0.610475
0.665586
0.683724
0.677713
0.661814
0.640868
0.620237
0.604799
0.597428
0.600791
0.61472
0.640463
0.676636
0.719529
0.759366
0.775807
0.732292
0.64831
0.504468
0.564548
0.637227
0.673391
0.671613
0.650042
0.620101
0.587323
0.558743
0.538245
0.528022
0.529574
0.543162
0.570127
0.610867
0.664271
0.725056
0.779159
0.792677
0.707823
0.524351
0.58456
0.648967
0.668323
0.650752
0.616561
0.575948
0.536164
0.504157
0.482252
0.471482
0.471955
0.484149
0.50933
0.549172
0.604738
0.674027
0.748522
0.806735
0.788583
0.537356
0.595175
0.651301
0.657716
0.62851
0.585049
0.537693
0.494898
0.462451
0.441187
0.430915
0.430817
0.441112
0.46297
0.498879
0.552141
0.624099
0.709001
0.789926
0.833582
0.545319
0.599343
0.648525
0.646165
0.60915
0.559743
0.508961
0.465606
0.43412
0.414217
0.404765
0.404509
0.413285
0.431813
0.462341
0.50953
0.579224
0.670635
0.765469
0.825731
0.549449
0.599079
0.643347
0.636624
0.595575
0.543016
0.490838
0.447821
0.417392
0.39854
0.389564
0.389129
0.396943
0.413336
0.439601
0.479875
0.543127
0.636317
0.745506
0.820971
0.550623
0.595805
0.637216
0.629926
0.587965
0.534533
0.482405
0.440069
0.410318
0.391849
0.382762
0.381818
0.388766
0.403757
0.427171
0.461513
0.516534
0.606734
0.725745
0.817632
0.549393
0.590282
0.63036
0.626066
0.586679
0.534679
0.483627
0.441851
0.412079
0.393231
0.383516
0.381782
0.387786
0.401626
0.42312
0.452888
0.499416
0.583994
0.710805
0.816148
0.545869
0.582987
0.622832
0.62415
0.590243
0.541744
0.492847
0.45194
0.422025
0.402537
0.391976
0.389253
0.394096
0.406506
0.426076
0.452143
0.490488
0.56661
0.698173
0.816201
0.539802
0.573757
0.613511
0.622335
0.597305
0.555333
0.510484
0.471313
0.441407
0.421037
0.409278
0.405155
0.408409
0.418812
0.435842
0.458164
0.489151
0.556068
0.690097
0.817754
0.530937
0.563248
0.602714
0.618835
0.604189
0.571134
0.532621
0.497117
0.468668
0.44831
0.435763
0.430236
0.431482
0.439082
0.452443
0.470437
0.494791
0.55123
0.685049
0.820662
0.519635
0.550788
0.589392
0.612068
0.60929
0.588154
0.559076
0.529804
0.504659
0.485374
0.472328
0.46516
0.463576
0.467217
0.475639
0.488142
0.506398
0.551864
0.68419
0.82518
0.50921
0.539827
0.575769
0.600638
0.606529
0.597047
0.579212
0.559022
0.540185
0.524581
0.512861
0.505106
0.501086
0.500652
0.504033
0.510884
0.524813
0.562264
0.691159
0.832682
0.501397
0.529424
0.564238
0.589645
0.601693
0.602185
0.595217
0.58445
0.572672
0.561548
0.552015
0.544484
0.539349
0.536468
0.537236
0.540838
0.554014
0.586269
0.706345
0.842371
0.445661
0.532679
0.549938
0.566212
0.574762
0.578714
0.579342
0.578698
0.577288
0.576629
0.576531
0.577773
0.580355
0.583947
0.590527
0.597768
0.615894
0.647352
0.743396
0.858856
0.606368
0.656887
0.686272
0.706466
0.720276
0.730915
0.738975
0.746349
0.752452
0.758824
0.764344
0.770529
0.775923
0.78218
0.787657
0.794619
0.801976
0.816653
0.843196
0.893796
)
;

boundaryField
{
    movingWall
    {
        type            fixedValue;
        value           uniform 1;
    }
    fixedWalls
    {
        type            zeroGradient;
    }
    frontAndBack
    {
        type            empty;
    }
}


// ************************************************************************* //
