/*--------------------------------*- C++ -*----------------------------------*\
| =========                 |                                                 |
| \\      /  F ield         | OpenFOAM: The Open Source CFD Toolbox           |
|  \\    /   O peration     | Version:  2212                                  |
|   \\  /    A nd           | Website:  www.openfoam.com                      |
|    \\/     M anipulation  |                                                 |
\*---------------------------------------------------------------------------*/
FoamFile
{
    version     2.0;
    format      ascii;
    arch        "LSB;label=32;scalar=64";
    class       volScalarField;
    location    "19.8";
    object      T;
}
// * * * * * * * * * * * * * * * * * * * * * * * * * * * * * * * * * * * * * //

dimensions      [0 0 0 1 0 0 0];

internalField   nonuniform List<scalar> 
400
(
0.984707
0.985027
0.985673
0.986629
0.987747
0.988771
0.989509
0.989942
0.990178
0.990339
0.990486
0.990639
0.990802
0.990971
0.99112
0.991207
0.991164
0.990917
0.990509
0.990174
0.985114
0.985505
0.986287
0.987409
0.988599
0.989481
0.989916
0.990068
0.99012
0.990159
0.990241
0.990397
0.990638
0.990952
0.991276
0.991513
0.991517
0.991177
0.990638
0.990251
0.985748
0.986274
0.987249
0.988425
0.989354
0.989748
0.98973
0.989535
0.989291
0.989107
0.989075
0.989261
0.989666
0.990278
0.990986
0.991631
0.991943
0.991653
0.990875
0.990393
0.986369
0.987034
0.988099
0.989052
0.989456
0.989266
0.988731
0.988051
0.987379
0.986883
0.986688
0.986903
0.9875
0.988492
0.989743
0.991059
0.992083
0.992343
0.991483
0.990724
0.986846
0.987591
0.988571
0.989096
0.988875
0.988051
0.986901
0.985634
0.984477
0.983633
0.983252
0.983458
0.984218
0.98556
0.987361
0.989427
0.991395
0.99271
0.992572
0.991337
0.987158
0.987898
0.98865
0.98865
0.987778
0.986299
0.984507
0.982667
0.981063
0.979911
0.979364
0.979522
0.980382
0.981958
0.984171
0.986854
0.989688
0.99215
0.993379
0.992234
0.987329
0.987986
0.988428
0.987893
0.986414
0.984327
0.981963
0.979652
0.977713
0.976357
0.97571
0.975825
0.976716
0.978391
0.980818
0.983896
0.987365
0.99074
0.993249
0.99352
0.987398
0.987935
0.988067
0.987061
0.985058
0.982454
0.97963
0.976979
0.974829
0.973369
0.972684
0.972781
0.973664
0.975331
0.977788
0.981025
0.984901
0.98898
0.992459
0.994208
0.987397
0.987807
0.987665
0.986284
0.983875
0.980884
0.977739
0.974869
0.972599
0.97109
0.970388
0.970478
0.971343
0.972962
0.97534
0.978534
0.982581
0.98719
0.991447
0.993893
0.987354
0.987659
0.987331
0.985715
0.983044
0.979796
0.976441
0.97343
0.97108
0.96953
0.9688
0.96887
0.969713
0.971292
0.973572
0.976612
0.980604
0.985534
0.990531
0.993654
0.987283
0.987516
0.987084
0.985356
0.982559
0.979194
0.975751
0.97268
0.970283
0.968686
0.967903
0.967921
0.968721
0.970255
0.972449
0.975303
0.979082
0.984099
0.989681
0.993502
0.987192
0.987392
0.986958
0.985271
0.98251
0.979169
0.975742
0.97267
0.970243
0.968588
0.967732
0.96767
0.968387
0.969838
0.971927
0.97458
0.978049
0.982965
0.988999
0.993418
0.987079
0.987281
0.986911
0.985374
0.982782
0.979599
0.976309
0.973328
0.970933
0.969257
0.968337
0.968177
0.968771
0.970077
0.971998
0.974419
0.977507
0.982135
0.988461
0.993409
0.986938
0.987175
0.986939
0.985674
0.983404
0.980531
0.977504
0.974708
0.972408
0.970743
0.969768
0.969486
0.969908
0.970993
0.972658
0.974771
0.977429
0.981653
0.988114
0.99346
0.986753
0.987042
0.986938
0.985971
0.984103
0.981657
0.979027
0.976553
0.974471
0.972912
0.971941
0.971559
0.971785
0.972587
0.9739
0.975634
0.977834
0.981515
0.987934
0.993572
0.986534
0.986889
0.986957
0.986339
0.98496
0.98305
0.980932
0.978884
0.97711
0.975725
0.974793
0.974324
0.974325
0.974788
0.975672
0.976938
0.978639
0.981665
0.987929
0.993749
0.986316
0.986665
0.98679
0.986424
0.985496
0.984157
0.98263
0.981121
0.979777
0.978687
0.977892
0.977416
0.977244
0.977394
0.977863
0.978646
0.9799
0.98235
0.988295
0.994051
0.986162
0.986588
0.986845
0.986694
0.986168
0.985359
0.984396
0.983406
0.982479
0.981684
0.981047
0.980597
0.98033
0.980263
0.98044
0.980843
0.981764
0.983646
0.98898
0.994431
0.984071
0.986118
0.986107
0.98603
0.985746
0.98537
0.984942
0.984544
0.984179
0.98391
0.983712
0.983622
0.983626
0.983718
0.983967
0.984287
0.985107
0.986535
0.990578
0.995083
0.988813
0.990164
0.990887
0.99132
0.99155
0.991694
0.991769
0.991845
0.991898
0.991983
0.992058
0.992172
0.992278
0.992423
0.992562
0.992756
0.993005
0.993528
0.994574
0.996415
)
;

boundaryField
{
    movingWall
    {
        type            fixedValue;
        value           uniform 1;
    }
    fixedWalls
    {
        type            zeroGradient;
    }
    frontAndBack
    {
        type            empty;
    }
}


// ************************************************************************* //
