/*--------------------------------*- C++ -*----------------------------------*\
| =========                 |                                                 |
| \\      /  F ield         | OpenFOAM: The Open Source CFD Toolbox           |
|  \\    /   O peration     | Version:  2212                                  |
|   \\  /    A nd           | Website:  www.openfoam.com                      |
|    \\/     M anipulation  |                                                 |
\*---------------------------------------------------------------------------*/
FoamFile
{
    version     2.0;
    format      ascii;
    arch        "LSB;label=32;scalar=64";
    class       volScalarField;
    location    "5.1";
    object      T;
}
// * * * * * * * * * * * * * * * * * * * * * * * * * * * * * * * * * * * * * //

dimensions      [0 0 0 1 0 0 0];

internalField   nonuniform List<scalar> 
400
(
0.60199
0.615237
0.641821
0.680524
0.724451
0.762822
0.78842
0.801591
0.807545
0.811005
0.81371
0.816059
0.818148
0.819762
0.820348
0.81889
0.813712
0.802498
0.78568
0.771817
0.619806
0.635608
0.667081
0.711397
0.7568
0.788574
0.803234
0.80868
0.811365
0.813291
0.815386
0.818146
0.821675
0.825573
0.828597
0.828713
0.822855
0.808411
0.788537
0.773607
0.647348
0.66797
0.706182
0.751658
0.786973
0.803096
0.80681
0.806493
0.804728
0.803255
0.803609
0.806844
0.813027
0.821834
0.831237
0.837958
0.836414
0.820637
0.793821
0.77682
0.674302
0.699997
0.741587
0.77973
0.799457
0.801787
0.796478
0.788178
0.779093
0.772223
0.76959
0.773037
0.78226
0.797526
0.816619
0.835891
0.848097
0.842597
0.810887
0.785926
0.695551
0.724742
0.764991
0.791496
0.796242
0.786699
0.771214
0.752951
0.735764
0.723104
0.717224
0.720146
0.731489
0.751956
0.779995
0.812649
0.843402
0.860404
0.844103
0.804423
0.710603
0.741014
0.776605
0.790717
0.782324
0.761816
0.735971
0.708659
0.68491
0.66785
0.659565
0.661429
0.673515
0.696426
0.729605
0.771214
0.816688
0.856659
0.871954
0.832515
0.720563
0.750149
0.779532
0.782393
0.763072
0.733064
0.698576
0.664793
0.636979
0.617644
0.608287
0.609382
0.621273
0.644448
0.679214
0.725004
0.77888
0.833758
0.875616
0.871752
0.726729
0.754216
0.777524
0.771379
0.743465
0.705827
0.665004
0.627225
0.597385
0.577309
0.567724
0.568431
0.579595
0.601621
0.635399
0.681894
0.740279
0.804804
0.862824
0.89325
0.730211
0.755001
0.773163
0.760494
0.726365
0.683319
0.638475
0.598552
0.567906
0.547785
0.538261
0.538801
0.549278
0.569806
0.60118
0.645386
0.704604
0.776019
0.845522
0.887526
0.731773
0.753834
0.76842
0.752113
0.714316
0.66791
0.620682
0.579564
0.548484
0.528268
0.518585
0.518838
0.528793
0.548282
0.577472
0.618161
0.67488
0.749775
0.830673
0.883765
0.731924
0.75151
0.764033
0.74656
0.707339
0.659529
0.611464
0.569958
0.538599
0.518017
0.507771
0.507373
0.516642
0.535289
0.562837
0.600053
0.652319
0.727066
0.816424
0.881215
0.730988
0.748485
0.760388
0.744378
0.70634
0.659136
0.611505
0.570084
0.538362
0.517089
0.505945
0.504554
0.512782
0.530334
0.556361
0.590389
0.637235
0.709328
0.805346
0.879949
0.72903
0.744893
0.75716
0.74453
0.709863
0.665145
0.619354
0.578944
0.547389
0.525669
0.513664
0.51108
0.517845
0.533654
0.557578
0.58838
0.629254
0.696073
0.796296
0.879846
0.725951
0.740647
0.753904
0.746407
0.717683
0.677837
0.635667
0.597429
0.56667
0.544731
0.531831
0.527712
0.532448
0.545651
0.56646
0.593291
0.627982
0.688232
0.790504
0.880802
0.721601
0.735769
0.749885
0.747673
0.726171
0.693098
0.656529
0.622335
0.593974
0.572983
0.559879
0.55443
0.55678
0.566546
0.582994
0.604977
0.633385
0.685352
0.787191
0.882755
0.716226
0.730142
0.745144
0.748328
0.735385
0.71119
0.68235
0.654043
0.629539
0.610482
0.597591
0.590864
0.590289
0.595711
0.606669
0.622561
0.644435
0.686887
0.786853
0.88584
0.711219
0.724601
0.738828
0.744948
0.739101
0.724038
0.704324
0.683914
0.665402
0.65026
0.639089
0.632144
0.629234
0.630492
0.636
0.645583
0.661877
0.696498
0.792461
0.891026
0.707579
0.720615
0.735218
0.743241
0.743129
0.736314
0.725448
0.712965
0.700665
0.689755
0.680792
0.674194
0.670072
0.668549
0.670485
0.675445
0.688329
0.716041
0.803607
0.897639
0.670581
0.718212
0.724292
0.729521
0.730175
0.728331
0.724816
0.721084
0.717356
0.714716
0.712903
0.712507
0.713413
0.715466
0.719939
0.72531
0.738798
0.762128
0.830231
0.908951
0.767428
0.796568
0.812978
0.823717
0.830497
0.835423
0.838851
0.84205
0.84461
0.847533
0.850077
0.853195
0.855972
0.859391
0.862496
0.8666
0.871314
0.880931
0.899131
0.932475
)
;

boundaryField
{
    movingWall
    {
        type            fixedValue;
        value           uniform 1;
    }
    fixedWalls
    {
        type            zeroGradient;
    }
    frontAndBack
    {
        type            empty;
    }
}


// ************************************************************************* //
