/*--------------------------------*- C++ -*----------------------------------*\
| =========                 |                                                 |
| \\      /  F ield         | OpenFOAM: The Open Source CFD Toolbox           |
|  \\    /   O peration     | Version:  2212                                  |
|   \\  /    A nd           | Website:  www.openfoam.com                      |
|    \\/     M anipulation  |                                                 |
\*---------------------------------------------------------------------------*/
FoamFile
{
    version     2.0;
    format      ascii;
    arch        "LSB;label=32;scalar=64";
    class       volVectorField;
    location    "5.1";
    object      U;
}
// * * * * * * * * * * * * * * * * * * * * * * * * * * * * * * * * * * * * * //

dimensions      [0 1 -1 0 0 0 0];

internalField   nonuniform List<vector> 
400
(
(0.0016743 -0.00167712 0)
(0.0048141 -0.00188394 0)
(0.00655234 -0.00119602 0)
(0.00563171 -0.000571981 0)
(0.00153323 0.000186822 0)
(-0.00685039 0.00173879 0)
(-0.020593 0.00477347 0)
(-0.0394727 0.00870749 0)
(-0.0606895 0.0112607 0)
(-0.0789885 0.0104943 0)
(-0.0896712 0.00677477 0)
(-0.090358 0.00168363 0)
(-0.0801813 -0.00359121 0)
(-0.0600168 -0.00824665 0)
(-0.0336071 -0.0108236 0)
(-0.00542097 -0.00978479 0)
(0.0165865 -0.00479001 0)
(0.0243652 0.00275202 0)
(0.0161327 0.00644893 0)
(0.00430903 0.00470554 0)
(0.00170627 -0.00503608 0)
(0.00312304 -0.00400103 0)
(-0.000469319 0.00060134 0)
(-0.0113674 0.00643669 0)
(-0.0314148 0.0140211 0)
(-0.0610543 0.0237096 0)
(-0.0966543 0.0329662 0)
(-0.131192 0.0369976 0)
(-0.158663 0.0334534 0)
(-0.175789 0.0233823 0)
(-0.181159 0.00913513 0)
(-0.174831 -0.00692745 0)
(-0.157378 -0.023084 0)
(-0.129542 -0.0368154 0)
(-0.0935823 -0.0444804 0)
(-0.0522365 -0.0417916 0)
(-0.0114914 -0.0263489 0)
(0.0167825 -0.00134399 0)
(0.0178117 0.0161549 0)
(0.00553164 0.014781 0)
(-0.000253396 -0.00572524 0)
(-0.00540755 0.000850244 0)
(-0.0196202 0.0142954 0)
(-0.0444556 0.0311694 0)
(-0.0801895 0.0493151 0)
(-0.121936 0.0641461 0)
(-0.161983 0.0703684 0)
(-0.194837 0.0658857 0)
(-0.218388 0.0521063 0)
(-0.232043 0.0315189 0)
(-0.235813 0.00647265 0)
(-0.230361 -0.0209927 0)
(-0.216 -0.0487039 0)
(-0.192226 -0.0730372 0)
(-0.158772 -0.0888525 0)
(-0.115604 -0.0891115 0)
(-0.0645253 -0.0670029 0)
(-0.0138716 -0.0227516 0)
(0.00944317 0.0178079 0)
(0.00415397 0.0235164 0)
(-0.00347211 0.000518131 0)
(-0.0174964 0.0172672 0)
(-0.0434423 0.0414277 0)
(-0.0795063 0.0680212 0)
(-0.122655 0.0909147 0)
(-0.165432 0.103579 0)
(-0.201415 0.102659 0)
(-0.228672 0.0894855 0)
(-0.247466 0.0672175 0)
(-0.2584 0.0385619 0)
(-0.262312 0.00539707 0)
(-0.260008 -0.0309428 0)
(-0.251424 -0.068207 0)
(-0.235515 -0.103453 0)
(-0.210288 -0.131201 0)
(-0.173043 -0.142654 0)
(-0.12122 -0.125635 0)
(-0.0567963 -0.0708711 0)
(-0.00101804 0.00344243 0)
(0.00474085 0.0281599 0)
(-0.00664832 0.0148224 0)
(-0.0286604 0.0440707 0)
(-0.0631254 0.0769191 0)
(-0.104172 0.10863 0)
(-0.146864 0.130858 0)
(-0.184062 0.137846 0)
(-0.212322 0.129198 0)
(-0.232041 0.108511 0)
(-0.244509 0.0796537 0)
(-0.251454 0.0454135 0)
(-0.254566 0.00732876 0)
(-0.25477 -0.0337886 0)
(-0.251842 -0.0767746 0)
(-0.24523 -0.120311 0)
(-0.23212 -0.160427 0)
(-0.207895 -0.188668 0)
(-0.166508 -0.189707 0)
(-0.103277 -0.142755 0)
(-0.0221831 -0.0389321 0)
(0.00736016 0.0270046 0)
(-0.00848326 0.0348511 0)
(-0.0350667 0.0765038 0)
(-0.0728641 0.114665 0)
(-0.112907 0.147301 0)
(-0.150056 0.16559 0)
(-0.178833 0.165544 0)
(-0.198284 0.149388 0)
(-0.209959 0.122207 0)
(-0.215844 0.0883502 0)
(-0.218424 0.0508042 0)
(-0.21967 0.0110378 0)
(-0.220587 -0.0305255 0)
(-0.221374 -0.0743585 0)
(-0.222131 -0.12084 0)
(-0.220658 -0.168751 0)
(-0.211858 -0.2126 0)
(-0.187642 -0.238191 0)
(-0.139418 -0.218255 0)
(-0.0627273 -0.118841 0)
(0.00581021 0.0141307 0)
(-0.00825901 0.0569036 0)
(-0.0352111 0.109771 0)
(-0.0715822 0.1501 0)
(-0.106703 0.180686 0)
(-0.136241 0.193351 0)
(-0.15657 0.185983 0)
(-0.168403 0.162876 0)
(-0.173854 0.130171 0)
(-0.175338 0.0926383 0)
(-0.175359 0.0532961 0)
(-0.175431 0.013385 0)
(-0.176237 -0.0270437 0)
(-0.178326 -0.0691341 0)
(-0.182236 -0.114167 0)
(-0.187311 -0.163259 0)
(-0.189909 -0.215258 0)
(-0.18213 -0.26118 0)
(-0.153974 -0.274783 0)
(-0.0991808 -0.205646 0)
(-0.00889993 -0.0146723 0)
(-0.00610495 0.0774148 0)
(-0.0296676 0.14022 0)
(-0.061187 0.180737 0)
(-0.0895542 0.207755 0)
(-0.111481 0.214325 0)
(-0.124946 0.200028 0)
(-0.131551 0.170847 0)
(-0.133602 0.133759 0)
(-0.133555 0.0937602 0)
(-0.133363 0.0535679 0)
(-0.133716 0.0139063 0)
(-0.134802 -0.0255926 0)
(-0.137081 -0.0659522 0)
(-0.141245 -0.108401 0)
(-0.1479 -0.154925 0)
(-0.155719 -0.207885 0)
(-0.158706 -0.265319 0)
(-0.14648 -0.307655 0)
(-0.112044 -0.276833 0)
(-0.0308853 -0.0752411 0)
(-0.00271016 0.0933567 0)
(-0.0203198 0.165219 0)
(-0.044958 0.205044 0)
(-0.0660694 0.227946 0)
(-0.0812702 0.228893 0)
(-0.0896967 0.208932 0)
(-0.093247 0.17522 0)
(-0.0940592 0.135246 0)
(-0.0942333 0.0940165 0)
(-0.0949436 0.0537675 0)
(-0.0962414 0.0145948 0)
(-0.098036 -0.0242816 0)
(-0.100501 -0.0636423 0)
(-0.104143 -0.104189 0)
(-0.110109 -0.147562 0)
(-0.119123 -0.197719 0)
(-0.128018 -0.259096 0)
(-0.126309 -0.322903 0)
(-0.107312 -0.33428 0)
(-0.0372722 -0.163109 0)
(0.00122217 0.102446 0)
(-0.00888651 0.182985 0)
(-0.0255185 0.222531 0)
(-0.0394569 0.242066 0)
(-0.0488866 0.238816 0)
(-0.0537093 0.214861 0)
(-0.0556125 0.178133 0)
(-0.056246 0.136491 0)
(-0.0571292 0.0948564 0)
(-0.0588107 0.0549347 0)
(-0.061065 0.0162669 0)
(-0.0637474 -0.0222005 0)
(-0.0668528 -0.0611222 0)
(-0.0705657 -0.100745 0)
(-0.0758236 -0.141789 0)
(-0.0842025 -0.187935 0)
(-0.095797 -0.247529 0)
(-0.100509 -0.323703 0)
(-0.095067 -0.371705 0)
(-0.0308843 -0.242151 0)
(0.00509952 0.10359 0)
(0.00296123 0.192537 0)
(-0.00534703 0.232981 0)
(-0.0124286 0.250055 0)
(-0.0167904 0.243952 0)
(-0.0186481 0.217749 0)
(-0.0192976 0.179709 0)
(-0.0197814 0.137685 0)
(-0.0210407 0.0963512 0)
(-0.0232496 0.0570323 0)
(-0.026119 0.018995 0)
(-0.0295851 -0.0189085 0)
(-0.0336655 -0.057377 0)
(-0.0383078 -0.0965043 0)
(-0.0440647 -0.136253 0)
(-0.0521836 -0.179071 0)
(-0.0655811 -0.234707 0)
(-0.0741576 -0.317411 0)
(-0.0811494 -0.396173 0)
(-0.0229255 -0.306651 0)
(0.00841324 0.0971337 0)
(0.0141639 0.193513 0)
(0.0140525 0.236485 0)
(0.013664 0.252817 0)
(0.01429 0.245714 0)
(0.0154902 0.219017 0)
(0.0163557 0.180989 0)
(0.0164157 0.139327 0)
(0.0152771 0.098511 0)
(0.0129929 0.0598031 0)
(0.00982409 0.0225041 0)
(0.00573062 -0.0145337 0)
(0.000568328 -0.0521344 0)
(-0.00552513 -0.0904348 0)
(-0.0129579 -0.129097 0)
(-0.0219013 -0.169175 0)
(-0.0376609 -0.21968 0)
(-0.048759 -0.30374 0)
(-0.0679146 -0.407931 0)
(-0.0144646 -0.359527 0)
(0.0102626 0.0842176 0)
(0.0233008 0.18594 0)
(0.0309363 0.232619 0)
(0.0368431 0.249369 0)
(0.0424815 0.242503 0)
(0.0474124 0.21673 0)
(0.0508238 0.179996 0)
(0.0524694 0.13965 0)
(0.0523022 0.100009 0)
(0.0505364 0.0624053 0)
(0.047406 0.0263186 0)
(0.0428082 -0.00933933 0)
(0.0365717 -0.0454905 0)
(0.0288092 -0.0823342 0)
(0.0187326 -0.119527 0)
(0.00746845 -0.157334 0)
(-0.0118987 -0.20337 0)
(-0.0243604 -0.285728 0)
(-0.0559059 -0.410463 0)
(-0.00615809 -0.401411 0)
(0.00980581 0.067069 0)
(0.0288642 0.170199 0)
(0.0441267 0.221576 0)
(0.0566162 0.240574 0)
(0.0678589 0.235614 0)
(0.077495 0.212263 0)
(0.0846623 0.178005 0)
(0.0890584 0.13973 0)
(0.0907616 0.101688 0)
(0.0900808 0.065439 0)
(0.0873531 0.0308368 0)
(0.0823123 -0.00314779 0)
(0.0748392 -0.0370974 0)
(0.0652125 -0.0716145 0)
(0.0520682 -0.10652 0)
(0.0372396 -0.141725 0)
(0.0129059 -0.183247 0)
(-0.000120718 -0.262522 0)
(-0.0449018 -0.406215 0)
(0.00273068 -0.435859 0)
(0.00687645 0.0493494 0)
(0.0291783 0.148589 0)
(0.0508263 0.203067 0)
(0.0696235 0.223875 0)
(0.0870241 0.220979 0)
(0.102644 0.200831 0)
(0.115237 0.170279 0)
(0.124122 0.135461 0)
(0.129214 0.100378 0)
(0.130767 0.0667172 0)
(0.129056 0.0347216 0)
(0.124129 0.00356136 0)
(0.115528 -0.0270882 0)
(0.103868 -0.0580975 0)
(0.086904 -0.0895283 0)
(0.0678472 -0.12201 0)
(0.0379388 -0.159936 0)
(0.0236177 -0.236493 0)
(-0.0345713 -0.398532 0)
(0.013422 -0.46412 0)
(0.00236633 0.0346758 0)
(0.0234788 0.123664 0)
(0.0506586 0.179496 0)
(0.0762764 0.202369 0)
(0.100838 0.202007 0)
(0.12362 0.185609 0)
(0.142973 0.159592 0)
(0.157683 0.129231 0)
(0.167337 0.0981414 0)
(0.17215 0.0680183 0)
(0.172076 0.0394514 0)
(0.167835 0.0120252 0)
(0.158036 -0.0146209 0)
(0.144377 -0.0412318 0)
(0.123213 -0.0681116 0)
(0.0998253 -0.0968024 0)
(0.064155 -0.131947 0)
(0.0467432 -0.206929 0)
(-0.0228596 -0.386792 0)
(0.0284574 -0.48536 0)
(-0.00341326 0.0287353 0)
(0.00995753 0.101412 0)
(0.0368451 0.148375 0)
(0.068576 0.169009 0)
(0.101343 0.170173 0)
(0.132939 0.15788 0)
(0.160816 0.13748 0)
(0.183246 0.113141 0)
(0.199193 0.0879446 0)
(0.209028 0.0634196 0)
(0.211903 0.0403096 0)
(0.209622 0.0184828 0)
(0.1994 -0.00243437 0)
(0.184844 -0.0229288 0)
(0.160171 -0.043481 0)
(0.133723 -0.0671755 0)
(0.0924081 -0.101118 0)
(0.0696187 -0.179591 0)
(-0.00451201 -0.369872 0)
(0.0520895 -0.491546 0)
(-0.0139314 0.0186356 0)
(-0.00750549 0.0882004 0)
(0.0190616 0.124041 0)
(0.0561374 0.137041 0)
(0.0971286 0.136565 0)
(0.137352 0.127365 0)
(0.173456 0.112725 0)
(0.20316 0.0949901 0)
(0.224944 0.0765845 0)
(0.239939 0.0585179 0)
(0.24593 0.0417476 0)
(0.246825 0.0261567 0)
(0.237543 0.0119071 0)
(0.225797 -0.00179871 0)
(0.200954 -0.0157613 0)
(0.177164 -0.0346649 0)
(0.133039 -0.0674459 0)
(0.107578 -0.145797 0)
(0.0373551 -0.326096 0)
(0.0923199 -0.455863 0)
(-0.105962 0.0825015 0)
(-0.0777082 0.0690621 0)
(-0.0485817 0.0733169 0)
(0.00364607 0.0777573 0)
(0.0570124 0.0780436 0)
(0.10959 0.0737622 0)
(0.156614 0.0664358 0)
(0.198836 0.0570563 0)
(0.230845 0.0474224 0)
(0.258912 0.0378137 0)
(0.274608 0.029205 0)
(0.289756 0.0212722 0)
(0.290163 0.0145695 0)
(0.294351 0.00822433 0)
(0.2782 0.00129377 0)
(0.271139 -0.009846 0)
(0.231985 -0.0354233 0)
(0.217989 -0.0953564 0)
(0.150182 -0.229723 0)
(0.170667 -0.341472 0)
(0.13 0.103765 0)
(0.158387 0.0752877 0)
(0.212273 0.0532962 0)
(0.270778 0.0416772 0)
(0.323308 0.0359482 0)
(0.375669 0.0319664 0)
(0.420173 0.0289244 0)
(0.465397 0.0255844 0)
(0.498415 0.0229083 0)
(0.533604 0.0197201 0)
(0.553012 0.0175647 0)
(0.578819 0.0146335 0)
(0.584985 0.0131972 0)
(0.603379 0.0103844 0)
(0.594878 0.00942683 0)
(0.603469 0.00503841 0)
(0.567751 0.000120174 0)
(0.547663 -0.0182978 0)
(0.435783 -0.0504145 0)
(0.336797 -0.101395 0)
)
;

boundaryField
{
    movingWall
    {
        type            fixedValue;
        value           uniform (1 0 0);
    }
    fixedWalls
    {
        type            noSlip;
    }
    frontAndBack
    {
        type            empty;
    }
}


// ************************************************************************* //
