/*--------------------------------*- C++ -*----------------------------------*\
| =========                 |                                                 |
| \\      /  F ield         | OpenFOAM: The Open Source CFD Toolbox           |
|  \\    /   O peration     | Version:  2212                                  |
|   \\  /    A nd           | Website:  www.openfoam.com                      |
|    \\/     M anipulation  |                                                 |
\*---------------------------------------------------------------------------*/
FoamFile
{
    version     2.0;
    format      ascii;
    arch        "LSB;label=32;scalar=64";
    class       volScalarField;
    location    "11.7";
    object      p;
}
// * * * * * * * * * * * * * * * * * * * * * * * * * * * * * * * * * * * * * //

dimensions      [0 2 -2 0 0 0 0];

internalField   nonuniform List<scalar> 
400
(
4.26751e-07
-0.000150573
-0.000534656
-0.00107186
-0.00173259
-0.00249407
-0.0031852
-0.00359777
-0.00356555
-0.00293427
-0.00154871
0.000619245
0.00324946
0.00551398
0.00653367
0.00592279
0.00400199
0.00214956
0.00111055
0.0010415
0.000116313
-5.81034e-05
-0.00037705
-0.000764226
-0.00124415
-0.00188828
-0.0027064
-0.00354372
-0.00408022
-0.00393864
-0.00284663
-0.000825037
0.00168923
0.0039608
0.0051246
0.004743
0.0031029
0.00137466
0.000593066
0.000684108
0.000536431
0.00026496
-7.73328e-05
-0.000559692
-0.0013474
-0.00258081
-0.00421937
-0.00598405
-0.00740285
-0.00794418
-0.00726448
-0.00546226
-0.00289188
-0.000194852
0.00179157
0.00242759
0.00170866
0.000501961
-0.000396231
-0.000392943
0.00115194
0.000741257
0.000191866
-0.000774872
-0.00245127
-0.00493807
-0.00799545
-0.0111208
-0.0137037
-0.0151773
-0.0152072
-0.0138402
-0.0112939
-0.00802937
-0.00475254
-0.00221004
-0.000870718
-0.000706558
-0.00128917
-0.00191849
0.00158334
0.000973735
-2.28944e-05
-0.00192419
-0.00500686
-0.00918037
-0.0139141
-0.0184801
-0.0222165
-0.0246532
-0.0255289
-0.0247231
-0.0223637
-0.0187437
-0.0143049
-0.009656
-0.00559243
-0.00294924
-0.0021936
-0.00401832
0.00129339
0.000445045
-0.00119738
-0.00430452
-0.00900526
-0.0148809
-0.0210731
-0.0267156
-0.0311915
-0.0341788
-0.0355456
-0.0351896
-0.033197
-0.0297188
-0.0248995
-0.0189612
-0.0125055
-0.00694866
-0.00440122
-0.00652452
-4.82853e-05
-0.00114755
-0.00349951
-0.007797
-0.0139328
-0.0211147
-0.0282365
-0.034408
-0.0391289
-0.0422322
-0.0437199
-0.0436106
-0.0419728
-0.0388788
-0.0343109
-0.0281572
-0.0205392
-0.0127031
-0.00785508
-0.00774829
-0.00245047
-0.00374218
-0.00669866
-0.0119135
-0.0190401
-0.0269821
-0.0345044
-0.0407794
-0.045451
-0.0484772
-0.0499399
-0.0499311
-0.0485304
-0.0457884
-0.0416623
-0.0359267
-0.0283257
-0.0193712
-0.0118225
-0.00798081
-0.00553763
-0.00691523
-0.0102637
-0.0160221
-0.0236584
-0.0318898
-0.0394516
-0.0456132
-0.0501376
-0.0530577
-0.0544868
-0.0545269
-0.0532527
-0.0507258
-0.0469621
-0.041812
-0.0348679
-0.0259478
-0.0167093
-0.00999476
-0.00873375
-0.0100859
-0.0135977
-0.0195423
-0.0272866
-0.0354873
-0.0429123
-0.04891
-0.0533096
-0.0561676
-0.0575915
-0.0576627
-0.0564443
-0.0540112
-0.0504511
-0.0457604
-0.0396341
-0.0315241
-0.0223214
-0.01434
-0.0115041
-0.0127579
-0.0162193
-0.0220544
-0.0296072
-0.0375887
-0.0448265
-0.0506994
-0.0550428
-0.0578942
-0.0593365
-0.059428
-0.0582188
-0.0557888
-0.0522867
-0.0478523
-0.0424311
-0.0353826
-0.027198
-0.0191795
-0.0135493
-0.0146186
-0.0178559
-0.0233154
-0.0304309
-0.0380628
-0.0451177
-0.0509496
-0.0553289
-0.0582403
-0.059728
-0.0598303
-0.0585883
-0.0560829
-0.0525154
-0.048138
-0.0432068
-0.0370563
-0.0300319
-0.0224173
-0.0148373
-0.0155678
-0.0183518
-0.0232101
-0.0296932
-0.0368787
-0.0437645
-0.0496399
-0.0541546
-0.0572007
-0.0587697
-0.0588768
-0.0575575
-0.0549156
-0.0511769
-0.0466556
-0.0419653
-0.0363
-0.030226
-0.0228959
-0.0154677
-0.015722
-0.0177771
-0.0217461
-0.0273895
-0.0340314
-0.0407502
-0.0467402
-0.0514925
-0.0547678
-0.0564818
-0.0566228
-0.0552011
-0.0523526
-0.0483458
-0.0435815
-0.0387304
-0.0331413
-0.0280995
-0.0202792
-0.0155742
-0.015298
-0.0163379
-0.0190876
-0.0236528
-0.0296338
-0.0361713
-0.0423354
-0.0474272
-0.051039
-0.0529797
-0.053183
-0.0516905
-0.048591
-0.0442264
-0.0390535
-0.0337816
-0.0280714
-0.0242314
-0.0143849
-0.0152766
-0.01455
-0.0142606
-0.0154258
-0.0186846
-0.0238944
-0.0302311
-0.0366144
-0.0421374
-0.0462008
-0.0484889
-0.0488659
-0.0473527
-0.0440205
-0.0392486
-0.0335187
-0.0276411
-0.0216292
-0.0180534
-0.00383288
-0.0146619
-0.013618
-0.0117067
-0.0110809
-0.0129535
-0.0173801
-0.0235338
-0.0301701
-0.0361929
-0.0408111
-0.0435783
-0.0442613
-0.0428503
-0.0393761
-0.034185
-0.0276895
-0.0206821
-0.0132761
-0.00678574
0.0160529
-0.0145831
-0.012657
-0.00864834
-0.0062345
-0.00690995
-0.0107457
-0.0168177
-0.0237397
-0.0302983
-0.0355389
-0.0389033
-0.0400347
-0.0388772
-0.0354477
-0.0298957
-0.0222757
-0.0128726
-0.000688187
0.016695
0.0570638
-0.0117945
-0.0118306
-0.00572599
-0.00177494
-0.00176492
-0.00540464
-0.0115751
-0.0188147
-0.0258753
-0.0316872
-0.035662
-0.0373616
-0.036685
-0.0333551
-0.027224
-0.0175415
-0.00314824
0.0204902
0.0607043
0.129821
-0.0295167
-0.0106296
-0.000608772
0.00308088
0.0024483
-0.00155694
-0.00799934
-0.0155532
-0.0229759
-0.0291735
-0.0335316
-0.0355877
-0.0352009
-0.0319555
-0.0252274
-0.0128599
0.00942263
0.0511715
0.122878
0.226076
)
;

boundaryField
{
    movingWall
    {
        type            zeroGradient;
    }
    fixedWalls
    {
        type            zeroGradient;
    }
    frontAndBack
    {
        type            empty;
    }
}


// ************************************************************************* //
