/*--------------------------------*- C++ -*----------------------------------*\
| =========                 |                                                 |
| \\      /  F ield         | OpenFOAM: The Open Source CFD Toolbox           |
|  \\    /   O peration     | Version:  2212                                  |
|   \\  /    A nd           | Website:  www.openfoam.com                      |
|    \\/     M anipulation  |                                                 |
\*---------------------------------------------------------------------------*/
FoamFile
{
    version     2.0;
    format      ascii;
    arch        "LSB;label=32;scalar=64";
    class       surfaceScalarField;
    location    "11.7";
    object      phi;
}
// * * * * * * * * * * * * * * * * * * * * * * * * * * * * * * * * * * * * * //

dimensions      [0 3 -1 0 0 0 0];

oriented        oriented;

internalField   nonuniform List<scalar> 
760
(
1.56087e-07
-1.56126e-07
2.93634e-07
-1.37546e-07
3.09998e-07
-1.6364e-08
1.83688e-07
1.2631e-07
-1.20302e-07
3.0399e-07
-6.65926e-07
5.45624e-07
-1.48528e-06
8.1935e-07
-2.49087e-06
1.0056e-06
-3.48036e-06
9.89488e-07
-4.22036e-06
7.39996e-07
-4.54398e-06
3.23625e-07
-4.35365e-06
-1.9033e-07
-3.59375e-06
-7.599e-07
-2.37897e-06
-1.21478e-06
-9.39997e-07
-1.43898e-06
3.47775e-07
-1.28777e-06
1.08996e-06
-7.42183e-07
1.03309e-06
5.68671e-08
4.60999e-07
5.72092e-07
4.60999e-07
1.25053e-07
-2.81178e-07
7.46162e-08
-8.71099e-08
-2.97019e-07
3.55271e-07
-1.07891e-06
9.08197e-07
-2.31595e-06
1.54103e-06
-3.92743e-06
2.15711e-06
-5.66235e-06
2.55427e-06
-7.20709e-06
2.55033e-06
-8.33699e-06
2.11939e-06
-8.94234e-06
1.34534e-06
-8.97626e-06
3.57543e-07
-8.41624e-06
-7.50342e-07
-7.29365e-06
-1.88249e-06
-5.64204e-06
-2.86639e-06
-3.60581e-06
-3.47521e-06
-1.49022e-06
-3.40337e-06
1.78747e-07
-2.41115e-06
8.59001e-07
-6.23387e-07
5.25714e-07
9.0538e-07
9.86713e-07
-1.27597e-07
-1.53581e-07
-6.33929e-07
4.19222e-07
-1.62494e-06
1.34628e-06
-3.14151e-06
2.42477e-06
-5.05759e-06
3.45711e-06
-7.07347e-06
4.17299e-06
-8.87357e-06
4.35437e-06
-1.02778e-05
3.9546e-06
-1.12346e-05
3.07618e-06
-1.17362e-05
1.8469e-06
-1.17302e-05
3.51582e-07
-1.12713e-05
-1.20927e-06
-1.03386e-05
-2.81521e-06
-8.87791e-06
-4.32706e-06
-6.86963e-06
-5.48349e-06
-4.40324e-06
-5.86975e-06
-1.87874e-06
-4.93565e-06
-8.63912e-08
-2.41574e-06
2.94694e-07
5.24295e-07
1.28141e-06
-5.00533e-07
3.46952e-07
-1.56002e-06
1.4787e-06
-3.11956e-06
2.90583e-06
-5.08149e-06
4.3867e-06
-7.18542e-06
5.56104e-06
-9.12345e-06
6.11102e-06
-1.06933e-05
5.92424e-06
-1.18525e-05
5.11383e-06
-1.26292e-05
3.85281e-06
-1.30578e-05
2.27555e-06
-1.31229e-05
4.16626e-07
-1.28834e-05
-1.44878e-06
-1.23005e-05
-3.39804e-06
-1.12726e-05
-5.35499e-06
-9.66887e-06
-7.08722e-06
-7.36471e-06
-8.17391e-06
-4.3988e-06
-7.90156e-06
-1.37807e-06
-5.43647e-06
1.20738e-07
-9.74512e-07
1.40215e-06
-8.61968e-07
1.20892e-06
-2.36178e-06
2.97851e-06
-4.23292e-06
4.77696e-06
-6.28033e-06
6.43412e-06
-8.2228e-06
7.5035e-06
-9.83758e-06
7.7258e-06
-1.1048e-05
7.13468e-06
-1.18807e-05
5.94647e-06
-1.23973e-05
4.36943e-06
-1.26705e-05
2.54876e-06
-1.27911e-05
5.37213e-07
-1.27454e-05
-1.49444e-06
-1.25247e-05
-3.61872e-06
-1.20501e-05
-5.8296e-06
-1.11354e-05
-8.00195e-06
-9.49262e-06
-9.81669e-06
-6.82231e-06
-1.05719e-05
-3.22304e-06
-9.03575e-06
-2.61166e-07
-3.93638e-06
1.14098e-06
-1.08714e-06
2.29606e-06
-2.78473e-06
4.67611e-06
-4.6786e-06
6.67083e-06
-6.53674e-06
8.29226e-06
-8.13479e-06
9.10155e-06
-9.34174e-06
8.93275e-06
-1.01536e-05
7.94655e-06
-1.06355e-05
6.42836e-06
-1.08776e-05
4.61155e-06
-1.09796e-05
2.65075e-06
-1.10628e-05
6.20424e-07
-1.11133e-05
-1.4439e-06
-1.11474e-05
-3.58461e-06
-1.11363e-05
-5.84078e-06
-1.09265e-05
-8.2117e-06
-1.01913e-05
-1.05519e-05
-8.43617e-06
-1.2327e-05
-5.24511e-06
-1.22268e-05
-1.15868e-06
-8.02281e-06
-1.76989e-08
-1.11126e-06
3.40732e-06
-2.75943e-06
6.32427e-06
-4.45748e-06
8.36888e-06
-5.99359e-06
9.82837e-06
-7.20766e-06
1.03156e-05
-8.03736e-06
9.76246e-06
-8.52049e-06
8.42968e-06
-8.74403e-06
6.65189e-06
-8.81142e-06
4.67894e-06
-8.81936e-06
2.65869e-06
-8.84992e-06
6.50983e-07
-8.92126e-06
-1.37256e-06
-9.05334e-06
-3.45253e-06
-9.25784e-06
-5.63628e-06
-9.47879e-06
-7.99076e-06
-9.48544e-06
-1.05453e-05
-8.75912e-06
-1.30533e-05
-6.54132e-06
-1.44446e-05
-2.42499e-06
-1.21391e-05
-2.44269e-06
-9.36645e-07
4.34397e-06
-2.34904e-06
7.73667e-06
-3.73703e-06
9.75688e-06
-4.91712e-06
1.10085e-05
-5.78837e-06
1.11869e-05
-6.33399e-06
1.03081e-05
-6.61119e-06
8.70688e-06
-6.71096e-06
6.75167e-06
-6.72913e-06
4.69711e-06
-6.73837e-06
2.66793e-06
-6.77401e-06
6.86619e-07
-6.85281e-06
-1.29376e-06
-6.99571e-06
-3.30964e-06
-7.23334e-06
-5.39865e-06
-7.58333e-06
-7.64077e-06
-7.9557e-06
-1.01729e-05
-7.94145e-06
-1.30675e-05
-6.72262e-06
-1.56634e-05
-3.58989e-06
-1.52719e-05
-6.03257e-06
-6.26075e-07
4.97004e-06
-1.68978e-06
8.80037e-06
-2.72406e-06
1.07912e-05
-3.56428e-06
1.18487e-05
-4.15497e-06
1.17776e-05
-4.50632e-06
1.06594e-05
-4.67725e-06
8.87781e-06
-4.74609e-06
6.82051e-06
-4.78495e-06
4.73596e-06
-4.837e-06
2.71997e-06
-4.91205e-06
7.6167e-07
-5.01625e-06
-1.18955e-06
-5.15936e-06
-3.16653e-06
-5.3699e-06
-5.18811e-06
-5.70303e-06
-7.30763e-06
-6.17297e-06
-9.70298e-06
-6.56307e-06
-1.26774e-05
-6.13297e-06
-1.60935e-05
-3.92713e-06
-1.74777e-05
-9.9597e-06
-2.3328e-07
5.20332e-06
-8.95046e-07
9.46214e-06
-1.56762e-06
1.14637e-05
-2.09818e-06
1.23792e-05
-2.45908e-06
1.21385e-05
-2.67464e-06
1.0875e-05
-2.79305e-06
8.99622e-06
-2.86751e-06
6.89498e-06
-2.94246e-06
4.81091e-06
-3.03972e-06
2.81723e-06
-3.16196e-06
8.83917e-07
-3.30868e-06
-1.04283e-06
-3.47989e-06
-2.99532e-06
-3.68763e-06
-4.98037e-06
-3.98222e-06
-7.01304e-06
-4.44614e-06
-9.23906e-06
-5.02808e-06
-1.20955e-05
-5.12739e-06
-1.59942e-05
-3.56077e-06
-1.90443e-05
-1.35205e-05
1.63764e-07
5.03956e-06
-7.04642e-08
9.69637e-06
-4.03946e-07
1.17972e-05
-6.55489e-07
1.26308e-05
-8.11031e-07
1.2294e-05
-9.01715e-07
1.09657e-05
-9.66895e-07
9.0614e-06
-1.03842e-06
6.9665e-06
-1.13283e-06
4.90532e-06
-1.25787e-06
2.94227e-06
-1.41613e-06
1.04218e-06
-1.60973e-06
-8.49227e-07
-1.83709e-06
-2.76796e-06
-2.09581e-06
-4.72165e-06
-2.41306e-06
-6.69579e-06
-2.88018e-06
-8.77194e-06
-3.56277e-06
-1.14129e-05
-4.02716e-06
-1.55298e-05
-3.02688e-06
-2.00446e-05
-1.65473e-05
5.02491e-07
4.53707e-06
7.00732e-07
9.49813e-06
7.44133e-07
1.17538e-05
7.79884e-07
1.2595e-05
8.24845e-07
1.2249e-05
8.53717e-07
1.09368e-05
8.46869e-07
9.06825e-06
7.96115e-07
7.01726e-06
7.0225e-07
4.99918e-06
5.6696e-07
3.07756e-06
3.85009e-07
1.22413e-06
1.50204e-07
-6.14422e-07
-1.38989e-07
-2.47877e-06
-4.89208e-07
-4.37143e-06
-9.03956e-07
-6.28105e-06
-1.42657e-06
-8.24932e-06
-2.20456e-06
-1.06349e-05
-2.95402e-06
-1.47804e-05
-2.46097e-06
-2.05377e-05
-1.90083e-05
7.59805e-07
3.77726e-06
1.35961e-06
8.89832e-06
1.75411e-06
1.13593e-05
2.08519e-06
1.2264e-05
2.35974e-06
1.19745e-05
2.54766e-06
1.07489e-05
2.64087e-06
8.97504e-06
2.65008e-06
7.00805e-06
2.58924e-06
5.06003e-06
2.46465e-06
3.20215e-06
2.26866e-06
1.42012e-06
1.98716e-06
-3.32925e-07
1.62085e-06
-2.11246e-06
1.16485e-06
-3.91543e-06
6.14944e-07
-5.73114e-06
-7.99344e-08
-7.55444e-06
-9.53682e-07
-9.76116e-06
-1.91682e-06
-1.38173e-05
-1.92414e-06
-2.05303e-05
-2.09325e-05
8.75571e-07
2.90169e-06
1.81909e-06
7.9548e-06
2.56418e-06
1.06142e-05
3.20828e-06
1.16199e-05
3.7589e-06
1.14239e-05
4.17283e-06
1.03349e-05
4.43428e-06
8.71359e-06
4.55719e-06
6.88514e-06
4.56434e-06
5.05288e-06
4.47068e-06
3.29581e-06
4.27395e-06
1.61685e-06
3.94149e-06
-4.61817e-10
3.49411e-06
-1.66508e-06
2.9062e-06
-3.32751e-06
2.17904e-06
-5.00399e-06
1.33186e-06
-6.70726e-06
2.74369e-07
-8.70366e-06
-9.53123e-07
-1.25898e-05
-1.42487e-06
-2.00586e-05
-2.23573e-05
8.11452e-07
2.09024e-06
1.96507e-06
6.80118e-06
3.01276e-06
9.56653e-06
3.99085e-06
1.06418e-05
4.87246e-06
1.05423e-05
5.59159e-06
9.61581e-06
6.10916e-06
8.19603e-06
6.42809e-06
6.56621e-06
6.56907e-06
4.91189e-06
6.5499e-06
3.31498e-06
6.36867e-06
1.79808e-06
6.02269e-06
3.45523e-07
5.47887e-06
-1.12126e-06
4.74476e-06
-2.5934e-06
3.81255e-06
-4.07178e-06
2.71134e-06
-5.60604e-06
1.40177e-06
-7.3941e-06
-1.48897e-07
-1.10391e-05
-9.09016e-07
-1.92985e-05
-2.32663e-05
5.81467e-07
1.50877e-06
1.77031e-06
5.61234e-06
3.11551e-06
8.22133e-06
4.47324e-06
9.28403e-06
5.74601e-06
9.26949e-06
6.83521e-06
8.52661e-06
7.67543e-06
7.35581e-06
8.25396e-06
5.98768e-06
8.58303e-06
4.58282e-06
8.67921e-06
3.21881e-06
8.54906e-06
1.92822e-06
8.18969e-06
7.04895e-07
7.55694e-06
-4.8851e-07
6.66829e-06
-1.70474e-06
5.51112e-06
-2.91462e-06
4.1265e-06
-4.22142e-06
2.58856e-06
-5.85616e-06
9.69126e-07
-9.41966e-06
-1.38898e-07
-1.81905e-05
-2.34052e-05
1.5434e-07
1.35443e-06
1.04872e-06
4.71796e-06
2.53357e-06
6.73648e-06
4.26371e-06
7.55389e-06
5.99375e-06
7.53946e-06
7.53592e-06
6.98444e-06
8.78751e-06
6.10421e-06
9.7187e-06
5.05649e-06
1.03245e-05
3.97704e-06
1.06161e-05
2.92716e-06
1.05996e-05
1.9448e-06
1.02802e-05
1.02423e-06
9.61171e-06
1.79994e-07
8.61673e-06
-7.0976e-07
7.28498e-06
-1.58286e-06
5.66871e-06
-2.60515e-06
3.92917e-06
-4.11662e-06
2.25074e-06
-7.74123e-06
6.5694e-07
-1.65967e-05
-2.27483e-05
-5.19157e-07
1.87359e-06
2.03735e-07
3.99507e-06
1.76793e-06
5.17228e-06
3.84155e-06
5.48028e-06
6.00733e-06
5.37368e-06
7.97822e-06
5.01355e-06
9.61759e-06
4.46484e-06
1.08838e-05
3.79026e-06
1.17593e-05
3.10151e-06
1.22602e-05
2.42628e-06
1.23899e-05
1.81517e-06
1.21679e-05
1.24616e-06
1.16187e-05
7.29198e-07
1.07124e-05
1.96525e-07
9.45384e-06
-3.24268e-07
7.91677e-06
-1.06808e-06
6.28713e-06
-2.48698e-06
4.46685e-06
-5.92095e-06
2.05977e-06
-1.41896e-05
-2.06885e-05
-4.18158e-06
6.05517e-06
-3.64417e-06
3.45765e-06
-1.2438e-06
2.77191e-06
1.5627e-06
2.67378e-06
4.31132e-06
2.62505e-06
6.85498e-06
2.4699e-06
9.07994e-06
2.23987e-06
1.09257e-05
1.9445e-06
1.23736e-05
1.65359e-06
1.34506e-05
1.34928e-06
1.41737e-05
1.0921e-06
1.45876e-05
8.32243e-07
1.46799e-05
6.36881e-07
1.44596e-05
4.16881e-07
1.39227e-05
2.12637e-07
1.30851e-05
-2.30509e-07
1.19347e-05
-1.33661e-06
1.01167e-05
-4.10292e-06
5.6396e-06
-9.71246e-06
-1.50489e-05
6.05517e-06
9.51282e-06
1.22847e-05
1.49585e-05
1.75836e-05
2.00535e-05
2.22933e-05
2.42378e-05
2.58914e-05
2.72407e-05
2.83328e-05
2.9165e-05
2.98019e-05
3.02188e-05
3.04314e-05
3.02009e-05
2.88643e-05
2.47614e-05
1.50489e-05
)
;

boundaryField
{
    movingWall
    {
        type            calculated;
        value           uniform 0;
    }
    fixedWalls
    {
        type            calculated;
        value           uniform 0;
    }
    frontAndBack
    {
        type            empty;
        value           nonuniform List<scalar> 0();
    }
}


// ************************************************************************* //
