/*--------------------------------*- C++ -*----------------------------------*\
| =========                 |                                                 |
| \\      /  F ield         | OpenFOAM: The Open Source CFD Toolbox           |
|  \\    /   O peration     | Version:  2212                                  |
|   \\  /    A nd           | Website:  www.openfoam.com                      |
|    \\/     M anipulation  |                                                 |
\*---------------------------------------------------------------------------*/
FoamFile
{
    version     2.0;
    format      ascii;
    arch        "LSB;label=32;scalar=64";
    class       volScalarField;
    location    "11.7";
    object      T;
}
// * * * * * * * * * * * * * * * * * * * * * * * * * * * * * * * * * * * * * //

dimensions      [0 0 0 1 0 0 0];

internalField   nonuniform List<scalar> 
400
(
0.925075
0.926747
0.930148
0.93517
0.941003
0.94629
0.95004
0.952188
0.953327
0.954095
0.95479
0.955504
0.956264
0.957044
0.957721
0.958092
0.957826
0.956568
0.954506
0.952816
0.927232
0.929279
0.93338
0.939236
0.945403
0.94991
0.952091
0.952851
0.95312
0.953322
0.953716
0.954454
0.955586
0.957046
0.958536
0.959599
0.959534
0.957809
0.955123
0.953183
0.930601
0.93334
0.938421
0.944524
0.949308
0.951337
0.95131
0.950431
0.949321
0.94848
0.948345
0.949221
0.951119
0.953979
0.957281
0.960258
0.96163
0.960113
0.956257
0.953863
0.933898
0.937351
0.94288
0.947834
0.94998
0.949166
0.946696
0.943539
0.940413
0.938101
0.937199
0.938211
0.94101
0.945659
0.951521
0.957676
0.962423
0.963506
0.959213
0.955471
0.936439
0.940305
0.94542
0.948243
0.947341
0.943518
0.93816
0.932245
0.926834
0.922887
0.921104
0.922071
0.925632
0.931917
0.940361
0.950054
0.959287
0.965401
0.964551
0.958472
0.938124
0.941984
0.945995
0.946253
0.942238
0.935333
0.926962
0.918358
0.910859
0.905478
0.902924
0.903661
0.907675
0.915043
0.925399
0.937973
0.95128
0.962848
0.968554
0.962874
0.939079
0.942555
0.945072
0.942757
0.935863
0.926113
0.915063
0.904268
0.895218
0.888894
0.885881
0.886415
0.890571
0.898381
0.909715
0.924107
0.940365
0.956226
0.96803
0.969183
0.939509
0.942415
0.94344
0.938882
0.929525
0.917355
0.904165
0.891794
0.881776
0.874981
0.871794
0.872248
0.876355
0.884114
0.895565
0.910677
0.928816
0.947952
0.964321
0.972567
0.93958
0.941868
0.941589
0.935253
0.923996
0.910021
0.89534
0.881962
0.871396
0.864385
0.861129
0.861549
0.865567
0.873093
0.884157
0.899044
0.917949
0.939547
0.959554
0.971081
0.939425
0.941196
0.940027
0.932588
0.92011
0.904943
0.889288
0.875264
0.86434
0.857142
0.853759
0.854086
0.858005
0.865335
0.875934
0.890082
0.908706
0.931777
0.955251
0.96996
0.939118
0.940522
0.938858
0.930903
0.917844
0.902133
0.886073
0.871775
0.860639
0.853225
0.849597
0.849688
0.853403
0.860524
0.870714
0.883983
0.901594
0.925048
0.951247
0.969243
0.938704
0.939925
0.938237
0.93049
0.917607
0.902012
0.886034
0.871732
0.860455
0.852776
0.848807
0.848521
0.851853
0.858591
0.868293
0.880623
0.896767
0.919733
0.948044
0.968853
0.938176
0.93937
0.937972
0.930953
0.918875
0.904022
0.888678
0.874793
0.863662
0.855879
0.851615
0.850875
0.853634
0.8597
0.868624
0.879875
0.894236
0.91584
0.945514
0.968811
0.9375
0.938823
0.938035
0.932316
0.921769
0.908365
0.894246
0.88122
0.870521
0.862783
0.858257
0.85695
0.858913
0.863957
0.871693
0.881515
0.893873
0.913578
0.943882
0.969051
0.936609
0.938149
0.937962
0.933656
0.925014
0.913616
0.90135
0.889817
0.88012
0.872868
0.868357
0.866583
0.867635
0.871365
0.877468
0.885531
0.895754
0.912918
0.94303
0.969582
0.93555
0.937372
0.93796
0.935293
0.928966
0.920099
0.910226
0.900681
0.892411
0.885961
0.881624
0.879445
0.879449
0.8816
0.885715
0.891597
0.899506
0.913611
0.943001
0.970418
0.934499
0.936288
0.937109
0.935613
0.931411
0.925226
0.91813
0.911103
0.904836
0.899758
0.896056
0.893839
0.893036
0.893729
0.895909
0.899547
0.905377
0.916803
0.944716
0.97184
0.933757
0.935875
0.937282
0.936769
0.934452
0.930759
0.926315
0.921719
0.917407
0.913708
0.910738
0.908638
0.907392
0.907079
0.907901
0.909773
0.914069
0.922866
0.947931
0.973633
0.92389
0.933774
0.933846
0.933603
0.932367
0.930677
0.928725
0.926903
0.925225
0.923988
0.923084
0.92268
0.922716
0.923158
0.92434
0.925848
0.929705
0.936417
0.95545
0.976705
0.946524
0.953006
0.956488
0.958589
0.959728
0.960451
0.960842
0.961236
0.961518
0.961943
0.96232
0.962878
0.963396
0.964095
0.964767
0.965695
0.966874
0.969355
0.974288
0.982994
)
;

boundaryField
{
    movingWall
    {
        type            fixedValue;
        value           uniform 1;
    }
    fixedWalls
    {
        type            zeroGradient;
    }
    frontAndBack
    {
        type            empty;
    }
}


// ************************************************************************* //
