/*--------------------------------*- C++ -*----------------------------------*\
| =========                 |                                                 |
| \\      /  F ield         | OpenFOAM: The Open Source CFD Toolbox           |
|  \\    /   O peration     | Version:  2212                                  |
|   \\  /    A nd           | Website:  www.openfoam.com                      |
|    \\/     M anipulation  |                                                 |
\*---------------------------------------------------------------------------*/
FoamFile
{
    version     2.0;
    format      ascii;
    arch        "LSB;label=32;scalar=64";
    class       surfaceScalarField;
    location    "0.2";
    object      phi;
}
// * * * * * * * * * * * * * * * * * * * * * * * * * * * * * * * * * * * * * //

dimensions      [0 3 -1 0 0 0 0];

oriented        oriented;

internalField   nonuniform List<scalar> 
760
(
-2.25519e-08
2.25513e-08
-7.09969e-08
4.84451e-08
-1.25238e-07
5.42418e-08
-1.78393e-07
5.3155e-08
-2.28478e-07
5.00844e-08
-2.74369e-07
4.58912e-08
-3.14971e-07
4.06022e-08
-3.49106e-07
3.41352e-08
-3.75515e-07
2.6409e-08
-3.92887e-07
1.73722e-08
-3.99922e-07
7.03518e-09
-3.95338e-07
-4.5843e-09
-3.78123e-07
-1.72142e-08
-3.47614e-07
-3.05094e-08
-3.03714e-07
-4.38995e-08
-2.47119e-07
-5.65949e-08
-1.79661e-07
-6.74581e-08
-1.05499e-07
-7.41618e-08
-3.59302e-08
-6.95692e-08
-3.59303e-08
-5.04837e-08
7.30351e-08
-1.38147e-07
1.36108e-07
-2.33268e-07
1.49363e-07
-3.25892e-07
1.4578e-07
-4.12387e-07
1.36579e-07
-4.90553e-07
1.24057e-07
-5.58432e-07
1.08482e-07
-6.14096e-07
8.97989e-08
-6.55614e-07
6.79271e-08
-6.81081e-07
4.28398e-08
-6.88739e-07
1.46936e-08
-6.76892e-07
-1.64312e-08
-6.44274e-07
-4.98326e-08
-5.90225e-07
-8.45582e-08
-5.14923e-07
-1.19202e-07
-4.19735e-07
-1.51782e-07
-3.078e-07
-1.79394e-07
-1.85727e-07
-1.96235e-07
-6.93934e-08
-1.85903e-07
-1.05324e-07
-5.98768e-08
1.32912e-07
-1.61243e-07
2.37475e-07
-2.70244e-07
2.58364e-07
-3.76006e-07
2.51542e-07
-4.74582e-07
2.35155e-07
-5.63535e-07
2.13009e-07
-6.40702e-07
1.85649e-07
-7.03974e-07
1.53071e-07
-7.51258e-07
1.15211e-07
-7.80487e-07
7.20691e-08
-7.89679e-07
2.38862e-08
-7.76897e-07
-2.92127e-08
-7.40632e-07
-8.60983e-08
-6.79924e-07
-1.45265e-07
-5.94717e-07
-2.04409e-07
-4.86293e-07
-2.60207e-07
-3.58002e-07
-3.07685e-07
-2.17213e-07
-3.37024e-07
-8.19206e-08
-3.21195e-07
-1.87244e-07
-6.38824e-08
1.96795e-07
-1.72443e-07
3.46036e-07
-2.89014e-07
3.74935e-07
-4.02081e-07
3.64609e-07
-5.07642e-07
3.40717e-07
-6.03262e-07
3.08629e-07
-6.86765e-07
2.69153e-07
-7.5601e-07
2.22315e-07
-8.0882e-07
1.68021e-07
-8.42967e-07
1.06217e-07
-8.56231e-07
3.71501e-08
-8.46242e-07
-3.92018e-08
-8.10909e-07
-1.21431e-07
-7.48593e-07
-2.07582e-07
-6.58509e-07
-2.94492e-07
-5.41359e-07
-3.77357e-07
-4.00339e-07
-4.48705e-07
-2.43573e-07
-4.93791e-07
-9.17901e-08
-4.72978e-07
-2.79034e-07
-6.77442e-08
2.64539e-07
-1.83474e-07
4.61766e-07
-3.07833e-07
4.99293e-07
-4.28617e-07
4.85393e-07
-5.41774e-07
4.53874e-07
-6.4492e-07
4.11775e-07
-7.35933e-07
3.60166e-07
-8.12684e-07
2.99066e-07
-8.72941e-07
2.28279e-07
-9.14309e-07
1.47584e-07
-9.3418e-07
5.70218e-08
-9.29704e-07
-4.36783e-08
-8.97789e-07
-1.53345e-07
-8.35698e-07
-2.69673e-07
-7.41374e-07
-3.88816e-07
-6.14369e-07
-5.04363e-07
-4.57371e-07
-6.05703e-07
-2.79492e-07
-6.7167e-07
-1.05461e-07
-6.47009e-07
-3.84495e-07
-7.26541e-08
3.37193e-07
-1.97267e-07
5.86379e-07
-3.31263e-07
6.33289e-07
-4.6162e-07
6.15749e-07
-5.84229e-07
5.76483e-07
-6.96799e-07
5.24346e-07
-7.97321e-07
4.60687e-07
-8.83749e-07
3.85494e-07
-9.53857e-07
2.98387e-07
-1.00509e-06
1.98822e-07
-1.03452e-06
8.64425e-08
-1.03861e-06
-3.95858e-08
-1.01293e-06
-1.79018e-07
-9.53165e-07
-3.29442e-07
-8.55205e-07
-4.86776e-07
-7.16529e-07
-6.43039e-07
-5.38549e-07
-7.83683e-07
-3.31391e-07
-8.78828e-07
-1.25531e-07
-8.52869e-07
-5.10026e-07
-7.88512e-08
4.16044e-07
-2.14493e-07
7.2202e-07
-3.60338e-07
7.79133e-07
-5.02371e-07
7.57782e-07
-6.36444e-07
7.10556e-07
-7.60428e-07
6.4833e-07
-8.72526e-07
5.72785e-07
-9.70898e-07
4.83866e-07
-1.05345e-06
3.80937e-07
-1.1176e-06
2.62972e-07
-1.16003e-06
1.28879e-07
-1.17693e-06
-2.26912e-08
-1.16174e-06
-1.94206e-07
-1.10815e-06
-3.83033e-07
-1.00891e-06
-5.86016e-07
-8.5785e-07
-7.941e-07
-6.53491e-07
-9.88041e-07
-4.06394e-07
-1.12593e-06
-1.55041e-07
-1.10422e-06
-6.65067e-07
-8.64531e-08
5.02497e-07
-2.35457e-07
8.71024e-07
-3.95462e-07
9.39137e-07
-5.51259e-07
9.13579e-07
-6.98699e-07
8.57997e-07
-8.35926e-07
7.85556e-07
-9.61505e-07
6.98364e-07
-1.07399e-06
5.96353e-07
-1.17164e-06
4.78587e-07
-1.25205e-06
3.43382e-07
-1.31167e-06
1.885e-07
-1.34731e-06
1.29429e-08
-1.3489e-06
-1.92611e-07
-1.30836e-06
-4.23578e-07
-1.21363e-06
-6.80745e-07
-1.05235e-06
-9.55376e-07
-8.16978e-07
-1.22342e-06
-5.16409e-07
-1.42649e-06
-1.99581e-07
-1.42105e-06
-8.64648e-07
-9.5646e-08
5.98143e-07
-2.6057e-07
1.03595e-06
-4.37119e-07
1.11569e-06
-6.08667e-07
1.08513e-06
-7.71141e-07
1.02047e-06
-9.23114e-07
9.37529e-07
-1.06373e-06
8.38975e-07
-1.19219e-06
7.24822e-07
-1.30748e-06
5.93875e-07
-1.40789e-06
4.43786e-07
-1.49042e-06
2.71034e-07
-1.54995e-06
7.24773e-08
-1.5786e-06
-1.63961e-07
-1.5627e-06
-4.39479e-07
-1.48426e-06
-7.5919e-07
-1.32105e-06
-1.11858e-06
-1.05358e-06
-1.49089e-06
-6.83437e-07
-1.79663e-06
-2.70831e-07
-1.83366e-06
-1.13548e-06
-1.06781e-07
7.04924e-07
-2.90551e-07
1.21972e-06
-4.86132e-07
1.31127e-06
-6.75247e-07
1.27424e-06
-8.54035e-07
1.19926e-06
-1.02172e-06
1.10522e-06
-1.17829e-06
9.95547e-07
-1.32396e-06
8.70489e-07
-1.45882e-06
7.28733e-07
-1.58238e-06
5.67349e-07
-1.69292e-06
3.81573e-07
-1.78552e-06
1.65076e-07
-1.85413e-06
-9.53536e-08
-1.88058e-06
-4.13033e-07
-1.84001e-06
-7.99757e-07
-1.6955e-06
-1.26309e-06
-1.40551e-06
-1.78089e-06
-9.50888e-07
-2.25125e-06
-3.95781e-07
-2.38876e-06
-1.53126e-06
-1.20508e-07
8.25431e-07
-3.26663e-07
1.42587e-06
-5.4392e-07
1.52852e-06
-7.5214e-07
1.48246e-06
-9.47938e-07
1.39506e-06
-1.13152e-06
1.2888e-06
-1.30402e-06
1.16805e-06
-1.46702e-06
1.03349e-06
-1.62221e-06
8.83927e-07
-1.7711e-06
7.16231e-07
-1.91418e-06
5.24652e-07
-2.04909e-06
2.99992e-07
-2.17468e-06
3.02374e-08
-2.26884e-06
-3.1888e-07
-2.30328e-06
-7.65309e-07
-2.22204e-06
-1.34433e-06
-1.9465e-06
-2.05642e-06
-1.40757e-06
-2.79018e-06
-6.39852e-07
-3.15649e-06
-2.17111e-06
-1.38011e-07
9.63442e-07
-3.71107e-07
1.65897e-06
-6.1289e-07
1.77031e-06
-8.41289e-07
1.71086e-06
-1.05392e-06
1.60769e-06
-1.25245e-06
1.48732e-06
-1.43954e-06
1.35514e-06
-1.61841e-06
1.21236e-06
-1.79283e-06
1.05835e-06
-1.96707e-06
8.90476e-07
-2.14575e-06
7.03323e-07
-2.33266e-06
4.86908e-07
-2.52704e-06
2.24617e-07
-2.72533e-06
-1.20594e-07
-2.89398e-06
-5.96656e-07
-2.9626e-06
-1.27571e-06
-2.79857e-06
-2.22045e-06
-2.22522e-06
-3.36354e-06
-1.14823e-06
-4.23347e-06
-3.31934e-06
-1.61448e-07
1.12489e-06
-4.27691e-07
1.92521e-06
-6.97035e-07
2.03965e-06
-9.4584e-07
1.95967e-06
-1.17384e-06
1.8357e-06
-1.3849e-06
1.69838e-06
-1.58352e-06
1.55377e-06
-1.77474e-06
1.40358e-06
-1.96448e-06
1.24808e-06
-2.16021e-06
1.08621e-06
-2.37166e-06
9.14771e-07
-2.61112e-06
7.26363e-07
-2.89099e-06
5.04493e-07
-3.22887e-06
2.17284e-07
-3.6103e-06
-2.15223e-07
-3.97005e-06
-9.15961e-07
-4.10597e-06
-2.08454e-06
-3.63466e-06
-3.83484e-06
-2.1346e-06
-5.73353e-06
-5.45394e-06
-1.94842e-07
1.31973e-06
-5.03027e-07
2.2334e-06
-8.02819e-07
2.33944e-06
-1.07061e-06
2.22746e-06
-1.31056e-06
2.07564e-06
-1.52984e-06
1.91766e-06
-1.73508e-06
1.759e-06
-1.93278e-06
1.60128e-06
-2.13052e-06
1.44583e-06
-2.33855e-06
1.29424e-06
-2.57201e-06
1.14823e-06
-2.85395e-06
1.00831e-06
-3.21874e-06
8.69276e-07
-3.70957e-06
7.08121e-07
-4.37472e-06
4.49926e-07
-5.17356e-06
-1.17125e-07
-5.80945e-06
-1.44865e-06
-5.55695e-06
-4.08734e-06
-3.49071e-06
-7.79978e-06
-8.94465e-06
-2.45493e-07
1.56522e-06
-6.08901e-07
2.5968e-06
-9.41228e-07
2.67177e-06
-1.22279e-06
2.50902e-06
-1.46795e-06
2.3208e-06
-1.68887e-06
2.13858e-06
-1.89387e-06
1.964e-06
-2.08987e-06
1.79729e-06
-2.28457e-06
1.64052e-06
-2.48887e-06
1.49853e-06
-2.72076e-06
1.38012e-06
-3.01195e-06
1.29949e-06
-3.41745e-06
1.27478e-06
-4.02411e-06
1.31478e-06
-4.93057e-06
1.35639e-06
-6.12044e-06
1.07274e-06
-7.15706e-06
-4.12026e-07
-6.96972e-06
-4.27468e-06
-4.34491e-06
-1.04246e-05
-1.32896e-05
-3.3077e-07
1.89599e-06
-7.65341e-07
3.03138e-06
-1.12338e-06
3.0298e-06
-1.40827e-06
2.79392e-06
-1.6488e-06
2.56133e-06
-1.8624e-06
2.35218e-06
-2.05797e-06
2.15957e-06
-2.24085e-06
1.98016e-06
-2.41631e-06
1.81598e-06
-2.59193e-06
1.67415e-06
-2.78206e-06
1.57025e-06
-3.01539e-06
1.53282e-06
-3.35118e-06
1.61057e-06
-3.88844e-06
1.85205e-06
-4.73691e-06
2.20486e-06
-5.87073e-06
2.20656e-06
-6.76756e-06
4.84803e-07
-6.46399e-06
-4.57825e-06
-4.01252e-06
-1.28761e-05
-1.73021e-05
-4.81195e-07
2.37719e-06
-1.03992e-06
3.5901e-06
-1.40274e-06
3.39263e-06
-1.64838e-06
3.03955e-06
-1.85534e-06
2.76829e-06
-2.04007e-06
2.53691e-06
-2.20255e-06
2.32206e-06
-2.34223e-06
2.11984e-06
-2.46104e-06
1.93479e-06
-2.55992e-06
1.77303e-06
-2.64253e-06
1.65286e-06
-2.71428e-06
1.60457e-06
-2.80119e-06
1.69748e-06
-2.94862e-06
1.99948e-06
-3.22252e-06
2.47876e-06
-3.58163e-06
2.56567e-06
-4.04211e-06
9.45282e-07
-3.84128e-06
-4.77908e-06
-2.82028e-06
-1.38971e-05
-2.01224e-05
-4.52449e-07
2.82964e-06
-1.202e-06
4.33965e-06
-1.66212e-06
3.85275e-06
-1.91823e-06
3.29567e-06
-2.04013e-06
2.89019e-06
-2.07883e-06
2.57561e-06
-2.05808e-06
2.30131e-06
-1.99287e-06
2.05463e-06
-1.89885e-06
1.84078e-06
-1.7754e-06
1.64958e-06
-1.62178e-06
1.49924e-06
-1.41218e-06
1.39497e-06
-1.12504e-06
1.41034e-06
-7.09036e-07
1.58348e-06
-2.04138e-07
1.97386e-06
2.59446e-07
2.10209e-06
5.9521e-07
6.09517e-07
1.08278e-07
-4.29215e-06
-1.9883e-08
-1.37689e-05
-2.01422e-05
-3.82035e-06
6.64999e-06
-3.58071e-06
4.1e-06
-2.4876e-06
2.75964e-06
-1.45531e-06
2.26338e-06
-5.17684e-07
1.95257e-06
3.66348e-07
1.69158e-06
1.19364e-06
1.47402e-06
1.96469e-06
1.28357e-06
2.67255e-06
1.13292e-06
3.3267e-06
9.95427e-07
3.93255e-06
8.93392e-07
4.51493e-06
8.12588e-07
5.10297e-06
8.22304e-07
5.79959e-06
8.86851e-07
6.78713e-06
9.86319e-07
8.11121e-06
7.78014e-07
8.80867e-06
-8.79488e-08
8.42519e-06
-3.90866e-06
4.80579e-06
-1.01495e-05
-1.53364e-05
6.64999e-06
1.075e-05
1.35096e-05
1.5773e-05
1.77256e-05
1.94172e-05
2.08912e-05
2.21747e-05
2.33077e-05
2.43031e-05
2.51965e-05
2.60091e-05
2.68314e-05
2.77182e-05
2.87046e-05
2.94826e-05
2.93946e-05
2.5486e-05
1.53364e-05
)
;

boundaryField
{
    movingWall
    {
        type            calculated;
        value           uniform 0;
    }
    fixedWalls
    {
        type            calculated;
        value           uniform 0;
    }
    frontAndBack
    {
        type            empty;
        value           nonuniform List<scalar> 0();
    }
}


// ************************************************************************* //
