/*--------------------------------*- C++ -*----------------------------------*\
| =========                 |                                                 |
| \\      /  F ield         | OpenFOAM: The Open Source CFD Toolbox           |
|  \\    /   O peration     | Version:  2212                                  |
|   \\  /    A nd           | Website:  www.openfoam.com                      |
|    \\/     M anipulation  |                                                 |
\*---------------------------------------------------------------------------*/
FoamFile
{
    version     2.0;
    format      ascii;
    arch        "LSB;label=32;scalar=64";
    class       volScalarField;
    location    "0.2";
    object      T;
}
// * * * * * * * * * * * * * * * * * * * * * * * * * * * * * * * * * * * * * //

dimensions      [0 0 0 1 0 0 0];

internalField   nonuniform List<scalar> 
400
(
1e-08
1e-08
1e-08
1e-08
1e-08
1e-08
1e-08
1e-08
1e-08
1e-08
1e-08
1e-08
1e-08
1e-08
1e-08
1e-08
1e-08
1e-08
1e-08
1e-08
1e-08
1e-08
1e-08
1e-08
1e-08
1e-08
1e-08
1e-08
1e-08
1e-08
1e-08
1e-08
1e-08
1e-08
1e-08
1e-08
1e-08
1e-08
1.00001e-08
1e-08
1e-08
1e-08
1e-08
1e-08
1e-08
1e-08
1e-08
1e-08
1e-08
1e-08
1e-08
1e-08
1e-08
1e-08
1e-08
1.00001e-08
1.00003e-08
1.00007e-08
1.00011e-08
1.00007e-08
1e-08
1e-08
1e-08
1e-08
1e-08
1e-08
1e-08
1e-08
1e-08
1e-08
1e-08
1e-08
1e-08
1.00001e-08
1.00003e-08
1.00015e-08
1.00055e-08
1.00146e-08
1.00227e-08
1.00134e-08
1e-08
1e-08
1e-08
1e-08
1e-08
1e-08
1e-08
1e-08
1e-08
1e-08
1e-08
1e-08
1.00002e-08
1.00011e-08
1.00056e-08
1.00252e-08
1.00943e-08
1.02597e-08
1.04176e-08
1.02424e-08
1e-08
1e-08
1e-08
1e-08
1e-08
1e-08
1e-08
1e-08
1e-08
1e-08
1.00001e-08
1.00006e-08
1.0003e-08
1.00159e-08
1.00825e-08
1.03845e-08
1.14838e-08
1.4222e-08
1.7022e-08
1.40979e-08
1e-08
1e-08
1e-08
1e-08
1e-08
1e-08
1e-08
1.00001e-08
1.00002e-08
1.00005e-08
1.00018e-08
1.00076e-08
1.00384e-08
1.02094e-08
1.11135e-08
1.53184e-08
3.10827e-08
7.1928e-08
1.17058e-07
7.41116e-08
1e-08
1e-08
1e-08
1e-08
1e-08
1.00001e-08
1.00002e-08
1.00007e-08
1.00021e-08
1.00063e-08
1.00214e-08
1.00893e-08
1.04522e-08
1.25029e-08
2.35449e-08
7.59271e-08
2.77276e-07
8.18779e-07
1.47017e-06
9.29364e-07
1e-08
1e-08
1e-08
1.00001e-08
1.00003e-08
1.00009e-08
1.00028e-08
1.00084e-08
1.00242e-08
1.00709e-08
1.02332e-08
1.09516e-08
1.48093e-08
3.68228e-08
1.5668e-07
7.32702e-07
2.98816e-06
9.25726e-06
1.75089e-05
1.1928e-05
1.00001e-08
1.00001e-08
1.00002e-08
1.00008e-08
1.0003e-08
1.00105e-08
1.00331e-08
1.00966e-08
1.02676e-08
1.07479e-08
1.23368e-08
1.9178e-08
5.56768e-08
2.64359e-07
1.4039e-06
6.90419e-06
2.86448e-05
9.06104e-05
0.000179899
0.00013681
1.00021e-08
1.00008e-08
1.00021e-08
1.00088e-08
1.00344e-08
1.01198e-08
1.0374e-08
1.10587e-08
1.28043e-08
1.73722e-08
3.14534e-08
8.93459e-08
3.92378e-07
2.11181e-06
1.14379e-05
5.61588e-05
0.000232358
0.000740547
0.00153586
0.00134486
1.00409e-08
1.00112e-08
1.00224e-08
1.00958e-08
1.03808e-08
1.13315e-08
1.40833e-08
2.11406e-08
3.79044e-08
7.79883e-08
1.90132e-07
6.19522e-07
2.78973e-06
1.48669e-05
7.92108e-05
0.000381616
0.00154906
0.00488516
0.0104274
0.0106966
1.0844e-08
1.02696e-08
1.02324e-08
1.10172e-08
1.41334e-08
2.44411e-08
5.32557e-08
1.22812e-07
2.74502e-07
5.99008e-07
1.39683e-06
4.14419e-06
1.72631e-05
8.78549e-05
0.000452394
0.0021036
0.00820733
0.0249424
0.0530904
0.0625829
2.78655e-08
5.66524e-08
1.94282e-08
2.00349e-08
5.40997e-08
1.63464e-07
4.56068e-07
1.1132e-06
2.41019e-06
4.84173e-06
9.89995e-06
2.47911e-05
8.97826e-05
0.000421824
0.00205589
0.00903763
0.0329666
0.0929328
0.187247
0.236542
2.43497e-07
-3.98773e-06
-3.87767e-07
2.3601e-07
4.94915e-07
1.61598e-06
4.50588e-06
1.04727e-05
2.09946e-05
3.79896e-05
6.67316e-05
0.000133724
0.000385716
0.0015757
0.00702819
0.0283197
0.0929122
0.23135
0.416035
0.521758
2.05523e-05
0.000119242
9.14706e-06
-4.63592e-06
3.40931e-06
1.65567e-05
4.44954e-05
9.66915e-05
0.000178094
0.000290398
0.000440303
0.000687465
0.00139221
0.00431819
0.0164347
0.058206
0.165886
0.354694
0.557509
0.681296
-0.00171397
-0.00168443
-0.000104067
0.000142673
0.000112705
0.000179756
0.000432541
0.000878836
0.0014841
0.00219664
0.00295415
0.00375639
0.00499735
0.00900109
0.0242647
0.0721929
0.182354
0.348875
0.512235
0.64802
0.0232596
0.0115885
0.00125923
-0.00135808
-0.000850226
0.0012948
0.00453395
0.00839102
0.0124803
0.0165675
0.0202701
0.0233057
0.0250238
0.0263899
0.0326475
0.0615747
0.138621
0.271884
0.446107
0.636227
-0.154327
-0.03558
-0.01193
0.0070315
0.0257649
0.0448324
0.0632894
0.0807671
0.0964322
0.111012
0.123343
0.134283
0.140715
0.143121
0.138502
0.143607
0.159418
0.262745
0.463242
0.68197
0.188715
0.264936
0.320189
0.361455
0.394236
0.42243
0.446988
0.469896
0.489835
0.509548
0.525171
0.543117
0.552781
0.569067
0.569996
0.583649
0.582858
0.610082
0.662441
0.754312
)
;

boundaryField
{
    movingWall
    {
        type            fixedValue;
        value           uniform 1;
    }
    fixedWalls
    {
        type            zeroGradient;
    }
    frontAndBack
    {
        type            empty;
    }
}


// ************************************************************************* //
