/*--------------------------------*- C++ -*----------------------------------*\
| =========                 |                                                 |
| \\      /  F ield         | OpenFOAM: The Open Source CFD Toolbox           |
|  \\    /   O peration     | Version:  2212                                  |
|   \\  /    A nd           | Website:  www.openfoam.com                      |
|    \\/     M anipulation  |                                                 |
\*---------------------------------------------------------------------------*/
FoamFile
{
    version     2.0;
    format      ascii;
    arch        "LSB;label=32;scalar=64";
    class       volScalarField;
    location    "0.4";
    object      T;
}
// * * * * * * * * * * * * * * * * * * * * * * * * * * * * * * * * * * * * * //

dimensions      [0 0 0 1 0 0 0];

internalField   nonuniform List<scalar> 
400
(
1e-08
1e-08
1e-08
1e-08
1e-08
1e-08
1e-08
1e-08
1.00001e-08
1.0001e-08
1.00058e-08
1.00317e-08
1.01545e-08
1.06623e-08
1.24249e-08
1.72639e-08
2.65875e-08
3.56093e-08
3.19531e-08
1.99436e-08
1e-08
1e-08
1e-08
1e-08
1e-08
1e-08
1e-08
1.00002e-08
1.00016e-08
1.00106e-08
1.00662e-08
1.03722e-08
1.18723e-08
1.82733e-08
4.12054e-08
1.06023e-07
2.33669e-07
3.56807e-07
2.97999e-07
1.27268e-07
1e-08
1e-08
1e-08
1e-08
1e-08
1e-08
1.00002e-08
1.0002e-08
1.00154e-08
1.01082e-08
1.06946e-08
1.40344e-08
3.09577e-08
1.0554e-07
3.80923e-07
1.18021e-06
2.7862e-06
4.34236e-06
3.53838e-06
1.33499e-06
1e-08
1e-08
1e-08
1e-08
1e-08
1.00002e-08
1.0002e-08
1.00171e-08
1.01354e-08
1.09817e-08
1.64867e-08
4.87516e-08
2.16701e-07
9.75297e-07
3.83564e-06
1.22789e-05
2.94475e-05
4.61438e-05
3.71667e-05
1.31395e-05
1e-08
1e-08
1e-08
1e-08
1.00002e-08
1.00016e-08
1.00152e-08
1.01341e-08
1.10871e-08
1.80695e-08
6.45032e-08
3.42002e-07
1.80991e-06
8.52366e-06
3.40299e-05
0.000109548
0.000263037
0.000412014
0.000330867
0.00011244
1e-08
1e-08
1e-08
1.00001e-08
1.00011e-08
1.00111e-08
1.01074e-08
1.09649e-08
1.79604e-08
6.99987e-08
4.20351e-07
2.53158e-06
1.37343e-05
6.4872e-05
0.000257474
0.000819497
0.00194163
0.00301643
0.00243856
0.000819164
1e-08
1e-08
1.00001e-08
1.00006e-08
1.00067e-08
1.00708e-08
1.06966e-08
1.63238e-08
6.26233e-08
4.09003e-07
2.74495e-06
1.67687e-05
9.03691e-05
0.000419889
0.00162734
0.00502134
0.0115089
0.0174969
0.0144078
0.00498439
1.00001e-08
1.00001e-08
1.00004e-08
1.00036e-08
1.00394e-08
1.04147e-08
1.40894e-08
4.7173e-08
3.19083e-07
2.34401e-06
1.58693e-05
9.57307e-05
0.00050414
0.00226317
0.0083856
0.0244558
0.0526869
0.0765317
0.065002
0.0247576
1.00009e-08
1.00005e-08
1.0002e-08
1.00195e-08
1.0209e-08
1.21822e-08
3.13429e-08
2.0226e-07
1.59082e-06
1.17733e-05
7.83512e-05
0.000459813
0.00232903
0.00990323
0.0341537
0.0910538
0.176799
0.236066
0.209326
0.097396
1.00066e-08
1.00031e-08
1.00105e-08
1.00964e-08
1.09949e-08
2.01303e-08
1.06958e-07
8.6497e-07
6.88043e-06
4.98032e-05
0.000321047
0.00180661
0.00864696
0.0340309
0.105651
0.245875
0.405856
0.474965
0.449439
0.288769
1.00303e-08
1.00178e-08
1.00515e-08
1.04326e-08
1.4187e-08
5.06525e-08
3.84059e-07
3.18935e-06
2.46284e-05
0.000171446
0.00105534
0.00560364
0.0248151
0.0877555
0.235239
0.451519
0.592129
0.589048
0.62901
0.587941
9.87163e-09
1.00734e-08
1.05485e-08
1.18259e-08
2.54442e-08
1.4833e-07
1.20246e-06
9.57134e-06
6.99738e-05
0.000459582
0.00265189
0.0130261
0.0521481
0.161203
0.362115
0.552555
0.549151
0.475077
0.607751
0.745149
3.6818e-09
-3.60489e-09
-1.5152e-08
1.46888e-08
6.27056e-08
4.06567e-07
3.07717e-06
2.24868e-05
0.000151313
0.000915383
0.00485087
0.021707
0.0780231
0.212256
0.409497
0.5176
0.411892
0.34393
0.491181
0.664154
-7.75477e-08
1.07727e-06
8.98746e-07
7.25202e-08
9.17579e-08
9.64822e-07
6.3832e-06
4.07106e-05
0.000243672
0.00132576
0.00637145
0.0260786
0.0864871
0.218556
0.392568
0.462515
0.356041
0.305249
0.440643
0.643469
-4.36665e-06
-2.8301e-05
-1.48349e-05
3.88925e-07
2.40063e-06
3.27088e-06
1.20528e-05
6.02808e-05
0.000305271
0.0014551
0.00627822
0.0236837
0.0746863
0.18527
0.334585
0.40428
0.32584
0.25194
0.39014
0.649113
3.94606e-05
0.000365923
0.000142744
-1.18403e-05
-2.54204e-05
-5.80092e-06
2.31379e-05
9.20006e-05
0.000341742
0.00132026
0.00493478
0.0168594
0.0505888
0.126229
0.240552
0.315191
0.271289
0.188487
0.356294
0.631349
-0.00189055
-0.00284823
-0.00088039
0.000147602
0.00031225
0.000246926
0.000184235
0.000212616
0.0004057
0.00102509
0.00304655
0.00931622
0.0266485
0.0665308
0.13507
0.19783
0.189207
0.145687
0.366445
0.658261
0.021377
0.0126811
0.00434179
-0.000653396
-0.00231299
-0.00214302
-0.000783925
0.00128167
0.00358296
0.00583288
0.00778651
0.0102989
0.0154723
0.0290453
0.0567418
0.0942691
0.114702
0.135989
0.383212
0.665398
-0.154784
-0.0322468
-0.0175671
-0.000668109
0.0151354
0.0314761
0.047203
0.0626105
0.0760329
0.0890172
0.0987949
0.107883
0.112662
0.117693
0.124001
0.142258
0.174314
0.242729
0.45616
0.703374
0.18304
0.26372
0.318085
0.358871
0.390478
0.417882
0.44075
0.46251
0.480338
0.498543
0.512328
0.527607
0.53727
0.54972
0.555186
0.568856
0.577924
0.610099
0.66514
0.777507
)
;

boundaryField
{
    movingWall
    {
        type            fixedValue;
        value           uniform 1;
    }
    fixedWalls
    {
        type            zeroGradient;
    }
    frontAndBack
    {
        type            empty;
    }
}


// ************************************************************************* //
