/*--------------------------------*- C++ -*----------------------------------*\
| =========                 |                                                 |
| \\      /  F ield         | OpenFOAM: The Open Source CFD Toolbox           |
|  \\    /   O peration     | Version:  2212                                  |
|   \\  /    A nd           | Website:  www.openfoam.com                      |
|    \\/     M anipulation  |                                                 |
\*---------------------------------------------------------------------------*/
FoamFile
{
    version     2.0;
    format      ascii;
    arch        "LSB;label=32;scalar=64";
    class       volScalarField;
    location    "12.7";
    object      p;
}
// * * * * * * * * * * * * * * * * * * * * * * * * * * * * * * * * * * * * * //

dimensions      [0 2 -2 0 0 0 0];

internalField   nonuniform List<scalar> 
400
(
3.33277e-07
-0.000150675
-0.000534758
-0.00107196
-0.00173269
-0.00249417
-0.0031853
-0.00359788
-0.00356567
-0.0029344
-0.00154882
0.000619149
0.00324937
0.00551388
0.00653355
0.00592266
0.00400183
0.0021494
0.0011104
0.00104134
0.00011621
-5.82063e-05
-0.000377152
-0.000764328
-0.00124425
-0.00188838
-0.0027065
-0.00354383
-0.00408034
-0.00393877
-0.00284675
-0.000825143
0.00168913
0.0039607
0.00512448
0.00474286
0.00310274
0.0013745
0.000592903
0.000683948
0.000536329
0.000264858
-7.74345e-05
-0.000559795
-0.00134751
-0.00258092
-0.00421949
-0.00598417
-0.00740299
-0.00794433
-0.00726463
-0.00546239
-0.002892
-0.000194981
0.00179143
0.00242743
0.00170849
0.000501792
-0.000396399
-0.000393107
0.00115184
0.000741156
0.000191766
-0.000774975
-0.00245139
-0.00493821
-0.00799561
-0.011121
-0.0137039
-0.0151775
-0.0152074
-0.0138404
-0.0112941
-0.00802955
-0.00475271
-0.00221021
-0.000870884
-0.000706726
-0.00128934
-0.00191866
0.00158325
0.000973639
-2.29959e-05
-0.0019243
-0.00500699
-0.00918053
-0.0139143
-0.0184804
-0.0222168
-0.0246535
-0.0255292
-0.0247234
-0.0223639
-0.0187439
-0.0143051
-0.00965619
-0.00559261
-0.00294941
-0.00219377
-0.00401849
0.00129331
0.000444952
-0.00119749
-0.00430465
-0.00900541
-0.0148811
-0.0210733
-0.0267159
-0.0311919
-0.0341792
-0.035546
-0.03519
-0.0331974
-0.0297191
-0.0248998
-0.0189614
-0.0125057
-0.00694885
-0.0044014
-0.0065247
-4.8375e-05
-0.00114764
-0.00349962
-0.00779716
-0.013933
-0.0211149
-0.0282368
-0.0344084
-0.0391294
-0.0422327
-0.0437204
-0.0436111
-0.0419732
-0.0388792
-0.0343113
-0.0281575
-0.0205394
-0.0127033
-0.00785527
-0.00774846
-0.00245056
-0.00374229
-0.00669879
-0.0119137
-0.0190404
-0.0269824
-0.0345048
-0.0407799
-0.0454515
-0.0484778
-0.0499405
-0.0499317
-0.048531
-0.0457889
-0.0416628
-0.0359271
-0.028326
-0.0193714
-0.0118227
-0.00798098
-0.00553775
-0.00691536
-0.0102639
-0.0160223
-0.0236587
-0.0318901
-0.039452
-0.0456137
-0.0501383
-0.0530584
-0.0544876
-0.0545277
-0.0532534
-0.0507264
-0.0469626
-0.0418125
-0.0348683
-0.0259481
-0.0167096
-0.00999494
-0.00873388
-0.010086
-0.0135979
-0.0195425
-0.0272869
-0.0354877
-0.0429129
-0.0489106
-0.0533104
-0.0561683
-0.0575923
-0.0576635
-0.0564451
-0.0540119
-0.0504518
-0.045761
-0.0396345
-0.0315244
-0.0223216
-0.0143403
-0.0115042
-0.0127581
-0.0162195
-0.0220546
-0.0296075
-0.0375892
-0.0448271
-0.0507
-0.0550435
-0.057895
-0.0593374
-0.0594289
-0.0582196
-0.0557896
-0.0522874
-0.0478528
-0.0424315
-0.035383
-0.0271983
-0.0191797
-0.0135495
-0.0146188
-0.0178561
-0.0233157
-0.0304313
-0.0380632
-0.0451183
-0.0509503
-0.0553297
-0.0582412
-0.0597288
-0.0598312
-0.0585892
-0.0560837
-0.0525161
-0.0481385
-0.0432072
-0.0370567
-0.0300322
-0.0224175
-0.0148375
-0.015568
-0.018352
-0.0232104
-0.0296936
-0.0368791
-0.043765
-0.0496406
-0.0541554
-0.0572015
-0.0587706
-0.0588777
-0.0575583
-0.0549163
-0.0511775
-0.0466562
-0.0419657
-0.0363003
-0.0302263
-0.0228961
-0.0154678
-0.0157221
-0.0177773
-0.0217464
-0.0273898
-0.0340318
-0.0407507
-0.0467408
-0.0514932
-0.0547686
-0.0564826
-0.0566236
-0.0552019
-0.0523532
-0.0483464
-0.043582
-0.0387308
-0.0331415
-0.0280997
-0.0202794
-0.0155744
-0.0152982
-0.016338
-0.0190878
-0.0236531
-0.0296342
-0.0361717
-0.042336
-0.0474278
-0.0510397
-0.0529804
-0.0531837
-0.0516912
-0.0485916
-0.0442268
-0.0390539
-0.0337819
-0.0280716
-0.0242316
-0.014385
-0.0152768
-0.0145501
-0.0142607
-0.0154259
-0.0186848
-0.0238946
-0.0302314
-0.0366148
-0.0421379
-0.0462014
-0.0484895
-0.0488666
-0.0473533
-0.044021
-0.0392489
-0.0335189
-0.0276412
-0.0216293
-0.0180535
-0.00383288
-0.014662
-0.0136182
-0.0117068
-0.011081
-0.0129536
-0.0173803
-0.023534
-0.0301705
-0.0361934
-0.0408116
-0.0435788
-0.0442618
-0.0428507
-0.0393764
-0.0341853
-0.0276897
-0.0206822
-0.0132761
-0.00678571
0.016053
-0.0145832
-0.0126571
-0.00864843
-0.00623458
-0.00691004
-0.0107458
-0.0168179
-0.02374
-0.0302987
-0.0355393
-0.0389037
-0.0400351
-0.0388776
-0.035448
-0.0298959
-0.0222758
-0.0128725
-0.000688074
0.0166951
0.057064
-0.0117946
-0.0118307
-0.00572606
-0.00177498
-0.00176496
-0.0054047
-0.0115752
-0.0188149
-0.0258756
-0.0316875
-0.0356624
-0.0373619
-0.0366853
-0.0333554
-0.0272242
-0.0175415
-0.00314817
0.0204904
0.0607045
0.129821
-0.0295168
-0.0106297
-0.000608824
0.00308086
0.00244828
-0.00155698
-0.00799944
-0.0155534
-0.0229762
-0.0291738
-0.0335319
-0.035588
-0.0352012
-0.0319558
-0.0252276
-0.01286
0.00942269
0.0511716
0.122878
0.226076
)
;

boundaryField
{
    movingWall
    {
        type            zeroGradient;
    }
    fixedWalls
    {
        type            zeroGradient;
    }
    frontAndBack
    {
        type            empty;
    }
}


// ************************************************************************* //
