/*--------------------------------*- C++ -*----------------------------------*\
| =========                 |                                                 |
| \\      /  F ield         | OpenFOAM: The Open Source CFD Toolbox           |
|  \\    /   O peration     | Version:  2212                                  |
|   \\  /    A nd           | Website:  www.openfoam.com                      |
|    \\/     M anipulation  |                                                 |
\*---------------------------------------------------------------------------*/
FoamFile
{
    version     2.0;
    format      ascii;
    arch        "LSB;label=32;scalar=64";
    class       volScalarField;
    location    "12.7";
    object      T;
}
// * * * * * * * * * * * * * * * * * * * * * * * * * * * * * * * * * * * * * //

dimensions      [0 0 0 1 0 0 0];

internalField   nonuniform List<scalar> 
400
(
0.938982
0.940311
0.943013
0.94701
0.951661
0.955891
0.958908
0.960649
0.961582
0.962214
0.962786
0.963377
0.964008
0.964657
0.965224
0.965542
0.965341
0.964331
0.962669
0.961308
0.940689
0.942319
0.945584
0.950253
0.955181
0.958799
0.960561
0.961177
0.961392
0.961554
0.961876
0.962485
0.963421
0.964633
0.965873
0.966767
0.966738
0.96535
0.963176
0.961609
0.943358
0.945544
0.949597
0.954473
0.958303
0.959928
0.959889
0.959152
0.958225
0.957523
0.957407
0.958129
0.959699
0.962067
0.964805
0.967281
0.968442
0.967235
0.964108
0.962168
0.945972
0.94873
0.953146
0.957101
0.958802
0.958106
0.956052
0.953432
0.95084
0.948924
0.948175
0.949011
0.951326
0.955171
0.96002
0.965116
0.969057
0.969994
0.96652
0.963481
0.947984
0.951073
0.955151
0.95738
0.956595
0.953422
0.94898
0.944081
0.939602
0.936335
0.934859
0.935659
0.938605
0.943804
0.950787
0.958802
0.966437
0.971509
0.970866
0.965926
0.949313
0.952391
0.955566
0.955703
0.952362
0.946643
0.939711
0.932589
0.92638
0.921925
0.919809
0.92042
0.923744
0.929844
0.938415
0.948815
0.959815
0.969375
0.974111
0.969507
0.950058
0.952817
0.954769
0.952797
0.947083
0.939011
0.929861
0.920922
0.913426
0.908185
0.905688
0.90613
0.909574
0.916046
0.925433
0.937346
0.950795
0.963902
0.973652
0.974641
0.950382
0.952672
0.9534
0.949584
0.941836
0.931759
0.920836
0.910588
0.902284
0.89665
0.894006
0.894382
0.897788
0.904221
0.913713
0.92623
0.941242
0.957066
0.970587
0.977393
0.95042
0.952204
0.95186
0.946579
0.937258
0.925685
0.913524
0.902438
0.893675
0.887858
0.885156
0.885504
0.888837
0.89508
0.904257
0.916595
0.93225
0.950117
0.966651
0.976166
0.950277
0.951642
0.950566
0.944373
0.934041
0.921479
0.908508
0.896882
0.88782
0.881846
0.879037
0.879307
0.882558
0.888642
0.897436
0.909168
0.924599
0.943692
0.963094
0.975239
0.950015
0.951085
0.949602
0.94298
0.932164
0.919151
0.905842
0.893988
0.884748
0.878593
0.87558
0.875653
0.878736
0.884646
0.893103
0.904111
0.91871
0.938127
0.959787
0.974647
0.949669
0.950596
0.949097
0.942642
0.931969
0.91905
0.90581
0.89395
0.884593
0.878218
0.874922
0.874683
0.877448
0.88304
0.891092
0.901323
0.914711
0.93373
0.957139
0.974324
0.949233
0.950147
0.948892
0.943031
0.933019
0.920715
0.908
0.896488
0.887253
0.880793
0.877252
0.876635
0.878925
0.883959
0.891365
0.900701
0.912614
0.930511
0.95505
0.974289
0.948677
0.949709
0.948963
0.944172
0.935419
0.924314
0.912614
0.901816
0.892942
0.886521
0.882764
0.881677
0.883306
0.887491
0.89391
0.90206
0.912313
0.928641
0.953701
0.974487
0.947948
0.949167
0.948923
0.945295
0.938113
0.928664
0.918501
0.908942
0.900902
0.894886
0.891143
0.88967
0.890542
0.893636
0.8987
0.90539
0.913872
0.928097
0.952998
0.974925
0.947082
0.948541
0.948949
0.946674
0.9414
0.934041
0.925857
0.917946
0.91109
0.905742
0.902146
0.900338
0.900341
0.902126
0.905539
0.91042
0.916983
0.928674
0.952976
0.975614
0.946221
0.947656
0.948265
0.946963
0.943443
0.9383
0.932411
0.926585
0.92139
0.917181
0.914112
0.912274
0.911608
0.912185
0.913994
0.917013
0.92185
0.93132
0.954395
0.976788
0.945613
0.94733
0.948433
0.947951
0.945991
0.942906
0.93921
0.935394
0.931817
0.928749
0.926288
0.924547
0.923515
0.923257
0.923939
0.925494
0.929053
0.936338
0.957052
0.978268
0.937471
0.945561
0.945585
0.945348
0.944298
0.942879
0.941248
0.939728
0.93833
0.937299
0.936544
0.936205
0.93623
0.936592
0.937566
0.93881
0.941997
0.947544
0.963264
0.980804
0.956073
0.961391
0.964243
0.96596
0.966884
0.967468
0.967779
0.968094
0.968318
0.968662
0.968966
0.969421
0.969843
0.970415
0.970965
0.971728
0.972698
0.974743
0.978814
0.985992
)
;

boundaryField
{
    movingWall
    {
        type            fixedValue;
        value           uniform 1;
    }
    fixedWalls
    {
        type            zeroGradient;
    }
    frontAndBack
    {
        type            empty;
    }
}


// ************************************************************************* //
