/*--------------------------------*- C++ -*----------------------------------*\
| =========                 |                                                 |
| \\      /  F ield         | OpenFOAM: The Open Source CFD Toolbox           |
|  \\    /   O peration     | Version:  2212                                  |
|   \\  /    A nd           | Website:  www.openfoam.com                      |
|    \\/     M anipulation  |                                                 |
\*---------------------------------------------------------------------------*/
FoamFile
{
    version     2.0;
    format      ascii;
    arch        "LSB;label=32;scalar=64";
    class       volScalarField;
    location    "15.3";
    object      T;
}
// * * * * * * * * * * * * * * * * * * * * * * * * * * * * * * * * * * * * * //

dimensions      [0 0 0 1 0 0 0];

internalField   nonuniform List<scalar> 
400
(
0.96356
0.964329
0.96589
0.968202
0.970901
0.973367
0.975139
0.976173
0.976734
0.977116
0.977463
0.977823
0.978208
0.978607
0.978958
0.97916
0.979052
0.97846
0.97748
0.976678
0.964543
0.965486
0.967376
0.970084
0.972953
0.975072
0.976113
0.976478
0.976603
0.976697
0.976891
0.97726
0.977831
0.978572
0.979334
0.97989
0.979891
0.979075
0.977787
0.97686
0.966077
0.967346
0.9697
0.972536
0.974771
0.975719
0.975683
0.975225
0.974653
0.974221
0.974147
0.974585
0.975542
0.976987
0.978659
0.980179
0.980907
0.980208
0.978349
0.977197
0.967581
0.969186
0.971754
0.974053
0.975032
0.97459
0.973329
0.971725
0.97014
0.968969
0.968511
0.969019
0.970429
0.972772
0.975728
0.978837
0.98125
0.981852
0.979795
0.977985
0.968737
0.970535
0.9729
0.974176
0.973667
0.971724
0.96901
0.96602
0.963287
0.961293
0.960393
0.96088
0.962676
0.965845
0.9701
0.974982
0.979634
0.982735
0.98239
0.979446
0.969497
0.971283
0.973107
0.973131
0.971079
0.967587
0.963356
0.959011
0.955223
0.952503
0.951212
0.951585
0.953614
0.957336
0.962563
0.968901
0.975599
0.981419
0.984317
0.981582
0.969915
0.971507
0.972594
0.971348
0.967857
0.962931
0.957347
0.951893
0.947315
0.944114
0.942588
0.942858
0.944962
0.948915
0.954645
0.961912
0.970108
0.978087
0.984018
0.984648
0.970089
0.971396
0.971746
0.969386
0.964657
0.958507
0.951839
0.945583
0.940508
0.937064
0.935447
0.935676
0.937759
0.941691
0.94749
0.955132
0.964288
0.973927
0.982152
0.986288
0.970095
0.971099
0.9708
0.967551
0.961863
0.9548
0.947376
0.940603
0.935246
0.931687
0.930032
0.930245
0.932284
0.936103
0.941713
0.949252
0.958806
0.969695
0.979759
0.985543
0.969997
0.970751
0.970011
0.966206
0.959901
0.952233
0.944312
0.937207
0.931664
0.928008
0.926288
0.926452
0.928441
0.932164
0.937543
0.944716
0.954139
0.965782
0.977594
0.984978
0.969831
0.970412
0.969426
0.965357
0.958756
0.950811
0.942683
0.935437
0.929785
0.926017
0.924171
0.924215
0.926102
0.929719
0.934893
0.941626
0.950545
0.962391
0.975582
0.984618
0.969617
0.970118
0.969126
0.965155
0.958638
0.950751
0.942664
0.935414
0.929691
0.925788
0.923769
0.923622
0.925314
0.928736
0.933663
0.939921
0.948105
0.959712
0.973971
0.984421
0.969351
0.969853
0.969011
0.965397
0.95928
0.951768
0.944002
0.936966
0.931318
0.927364
0.925196
0.924818
0.926219
0.929299
0.93383
0.939541
0.946825
0.957751
0.9727
0.984399
0.969016
0.969596
0.969069
0.966103
0.960748
0.953966
0.946821
0.940223
0.934797
0.93087
0.92857
0.927904
0.9289
0.93146
0.935387
0.940372
0.946642
0.956613
0.971879
0.984519
0.968577
0.969278
0.969061
0.966799
0.962397
0.956624
0.950417
0.944578
0.939664
0.935986
0.933696
0.932795
0.933327
0.93522
0.938316
0.942408
0.947596
0.956284
0.971453
0.984786
0.968057
0.96891
0.969098
0.967659
0.964414
0.959911
0.954911
0.950079
0.945891
0.942622
0.940424
0.939319
0.93932
0.940411
0.942498
0.945484
0.949497
0.956639
0.971441
0.985205
0.967539
0.968378
0.968696
0.967853
0.965675
0.96252
0.958918
0.955358
0.952184
0.949612
0.947737
0.946614
0.946208
0.946561
0.947667
0.949514
0.952471
0.958255
0.972306
0.985919
0.967173
0.968192
0.968818
0.968479
0.967252
0.96535
0.963082
0.960746
0.958559
0.956684
0.95518
0.954117
0.953487
0.95333
0.953747
0.954698
0.956871
0.961316
0.973923
0.986818
0.962226
0.96709
0.967077
0.966905
0.966244
0.965364
0.964357
0.963422
0.962562
0.961928
0.961463
0.961252
0.961263
0.961481
0.962071
0.962828
0.964766
0.968142
0.977702
0.988358
0.973469
0.976676
0.978393
0.979422
0.979972
0.980316
0.980497
0.98068
0.98081
0.981013
0.981192
0.981464
0.981717
0.98206
0.982392
0.982852
0.98344
0.98468
0.987154
0.99151
)
;

boundaryField
{
    movingWall
    {
        type            fixedValue;
        value           uniform 1;
    }
    fixedWalls
    {
        type            zeroGradient;
    }
    frontAndBack
    {
        type            empty;
    }
}


// ************************************************************************* //
