/*--------------------------------*- C++ -*----------------------------------*\
| =========                 |                                                 |
| \\      /  F ield         | OpenFOAM: The Open Source CFD Toolbox           |
|  \\    /   O peration     | Version:  2212                                  |
|   \\  /    A nd           | Website:  www.openfoam.com                      |
|    \\/     M anipulation  |                                                 |
\*---------------------------------------------------------------------------*/
FoamFile
{
    version     2.0;
    format      ascii;
    arch        "LSB;label=32;scalar=64";
    class       volScalarField;
    location    "20.2";
    object      T;
}
// * * * * * * * * * * * * * * * * * * * * * * * * * * * * * * * * * * * * * //

dimensions      [0 0 0 1 0 0 0];

internalField   nonuniform List<scalar> 
400
(
0.985836
0.986132
0.98673
0.987616
0.988651
0.989599
0.990282
0.990683
0.990902
0.991051
0.991187
0.991328
0.991479
0.991636
0.991774
0.991855
0.991815
0.991587
0.991209
0.990899
0.986213
0.986575
0.987299
0.988338
0.98944
0.990256
0.990659
0.9908
0.990848
0.990884
0.99096
0.991104
0.991328
0.991619
0.991919
0.992139
0.992142
0.991827
0.991328
0.99097
0.9868
0.987287
0.98819
0.989279
0.990138
0.990503
0.990487
0.990306
0.99008
0.98991
0.98988
0.990052
0.990427
0.990994
0.99165
0.992248
0.992537
0.992269
0.991548
0.991101
0.987374
0.987991
0.988977
0.989859
0.990233
0.990057
0.989561
0.988931
0.988309
0.987849
0.987669
0.987868
0.988421
0.989339
0.990499
0.991718
0.992666
0.992907
0.992111
0.991408
0.987816
0.988506
0.989413
0.989899
0.989695
0.988932
0.987866
0.986693
0.98562
0.984838
0.984485
0.984676
0.985381
0.986623
0.988292
0.990205
0.992029
0.993247
0.993119
0.991976
0.988105
0.98879
0.989486
0.989486
0.988678
0.987308
0.985648
0.983944
0.982457
0.98139
0.980884
0.98103
0.981826
0.983287
0.985337
0.987822
0.990447
0.992728
0.993866
0.992806
0.988263
0.988872
0.989281
0.988785
0.987414
0.985482
0.983291
0.981151
0.979354
0.978098
0.977499
0.977605
0.978431
0.979982
0.982231
0.985082
0.988295
0.991422
0.993746
0.993998
0.988327
0.988825
0.988946
0.988014
0.986159
0.983746
0.98113
0.978674
0.976683
0.97533
0.974695
0.974785
0.975603
0.977147
0.979423
0.982422
0.986013
0.989792
0.993015
0.994635
0.988326
0.988706
0.988574
0.987294
0.985063
0.982292
0.979378
0.97672
0.974616
0.973218
0.972568
0.972652
0.973453
0.974953
0.977156
0.980115
0.983863
0.988133
0.992078
0.994343
0.988286
0.988569
0.988264
0.986767
0.984293
0.981284
0.978176
0.975386
0.97321
0.971773
0.971097
0.971162
0.971943
0.973405
0.975518
0.978334
0.982033
0.986599
0.991229
0.994122
0.98822
0.988436
0.988035
0.986434
0.983844
0.980726
0.977536
0.974691
0.972471
0.970991
0.970266
0.970283
0.971024
0.972445
0.974477
0.977121
0.980623
0.98527
0.990441
0.993981
0.988136
0.988321
0.987919
0.986356
0.983798
0.980703
0.977529
0.974682
0.972434
0.970901
0.970108
0.97005
0.970714
0.972059
0.973994
0.976452
0.979665
0.984219
0.989809
0.993903
0.988032
0.988219
0.987875
0.986451
0.98405
0.981102
0.978054
0.975291
0.973073
0.97152
0.970668
0.97052
0.97107
0.97228
0.97406
0.976303
0.979163
0.983451
0.989311
0.993895
0.987901
0.98812
0.987901
0.98673
0.984627
0.981965
0.97916
0.97657
0.97444
0.972897
0.971994
0.971732
0.972123
0.973129
0.974671
0.976629
0.979091
0.983004
0.988989
0.993942
0.987729
0.987997
0.987901
0.987005
0.985274
0.983008
0.980572
0.97828
0.976351
0.974906
0.974007
0.973653
0.973862
0.974605
0.975821
0.977428
0.979466
0.982876
0.988823
0.994046
0.987527
0.987855
0.987918
0.987345
0.986067
0.984299
0.982336
0.980439
0.978795
0.977512
0.976649
0.976215
0.976216
0.976644
0.977464
0.978636
0.980212
0.983016
0.988818
0.99421
0.987325
0.987648
0.987764
0.987424
0.986565
0.985324
0.98391
0.982512
0.981266
0.980256
0.97952
0.979079
0.97892
0.979059
0.979493
0.980219
0.98138
0.98365
0.989158
0.994489
0.987182
0.987577
0.987814
0.987674
0.987187
0.986438
0.985546
0.984628
0.983769
0.983033
0.982443
0.982026
0.981778
0.981717
0.981881
0.982254
0.983107
0.984851
0.989791
0.994842
0.985245
0.987141
0.987131
0.987059
0.986796
0.986448
0.986052
0.985683
0.985345
0.985095
0.984912
0.984828
0.984832
0.984917
0.985148
0.985444
0.986204
0.987527
0.991272
0.995445
0.989637
0.990889
0.991559
0.99196
0.992173
0.992306
0.992375
0.992446
0.992495
0.992574
0.992643
0.992749
0.992847
0.992981
0.99311
0.99329
0.99352
0.994005
0.994974
0.996679
)
;

boundaryField
{
    movingWall
    {
        type            fixedValue;
        value           uniform 1;
    }
    fixedWalls
    {
        type            zeroGradient;
    }
    frontAndBack
    {
        type            empty;
    }
}


// ************************************************************************* //
