/*--------------------------------*- C++ -*----------------------------------*\
| =========                 |                                                 |
| \\      /  F ield         | OpenFOAM: The Open Source CFD Toolbox           |
|  \\    /   O peration     | Version:  2212                                  |
|   \\  /    A nd           | Website:  www.openfoam.com                      |
|    \\/     M anipulation  |                                                 |
\*---------------------------------------------------------------------------*/
FoamFile
{
    version     2.0;
    format      ascii;
    arch        "LSB;label=32;scalar=64";
    class       volScalarField;
    location    "2.2";
    object      T;
}
// * * * * * * * * * * * * * * * * * * * * * * * * * * * * * * * * * * * * * //

dimensions      [0 0 0 1 0 0 0];

internalField   nonuniform List<scalar> 
400
(
0.0582264
0.0784015
0.120255
0.184869
0.267504
0.354365
0.42764
0.476295
0.502607
0.516907
0.526024
0.531653
0.534106
0.53252
0.525488
0.509724
0.479942
0.428112
0.358393
0.304895
0.0770174
0.105322
0.162556
0.246506
0.344391
0.431569
0.48898
0.52
0.538581
0.551946
0.562071
0.569865
0.575365
0.577188
0.572639
0.55631
0.520225
0.455992
0.374436
0.316265
0.11009
0.153543
0.234861
0.33755
0.43411
0.500271
0.535691
0.555513
0.568405
0.577037
0.584194
0.591801
0.600579
0.609632
0.615371
0.609968
0.579889
0.508005
0.403505
0.337238
0.149173
0.210434
0.313041
0.419145
0.497265
0.538555
0.556036
0.56229
0.561678
0.559041
0.558746
0.563933
0.575873
0.594843
0.618281
0.638623
0.639633
0.592731
0.472844
0.380851
0.186948
0.263805
0.378336
0.474597
0.528572
0.546733
0.545664
0.534285
0.518424
0.504898
0.497529
0.499483
0.511843
0.536275
0.572789
0.617734
0.659131
0.668277
0.58997
0.454801
0.218719
0.306182
0.423621
0.503794
0.534349
0.532228
0.513988
0.488153
0.462817
0.443765
0.432853
0.431761
0.441339
0.46403
0.502236
0.556887
0.623489
0.684335
0.690039
0.555165
0.242944
0.335611
0.450191
0.513786
0.524884
0.507069
0.476776
0.443661
0.416163
0.397288
0.386589
0.383919
0.389914
0.407318
0.440048
0.49224
0.564828
0.649911
0.718929
0.68089
0.259772
0.353091
0.462333
0.512418
0.509397
0.481076
0.444367
0.409848
0.384587
0.368582
0.359423
0.355794
0.358168
0.369282
0.393929
0.438813
0.509352
0.602755
0.70039
0.754706
0.270213
0.360969
0.464661
0.505729
0.493753
0.459424
0.42049
0.387702
0.366149
0.353474
0.345947
0.341777
0.341382
0.347046
0.363159
0.397638
0.461124
0.557763
0.66934
0.747219
0.275179
0.361247
0.460082
0.496913
0.480891
0.44407
0.405208
0.374908
0.356614
0.346542
0.340234
0.335792
0.333723
0.335977
0.345892
0.370379
0.423148
0.518201
0.644751
0.740321
0.275442
0.355566
0.450741
0.487808
0.471745
0.434803
0.396955
0.368632
0.352313
0.343759
0.338233
0.333699
0.330629
0.330846
0.336912
0.353766
0.395107
0.483579
0.619973
0.736571
0.271633
0.3452
0.437011
0.477735
0.465681
0.43098
0.394612
0.367216
0.351247
0.342963
0.337789
0.333431
0.330048
0.329315
0.333405
0.345295
0.37648
0.456635
0.600876
0.734275
0.263855
0.331152
0.419908
0.466734
0.462015
0.431633
0.397134
0.369803
0.352792
0.343527
0.33805
0.333898
0.330745
0.329899
0.333225
0.342263
0.364889
0.43465
0.584268
0.734476
0.251698
0.313436
0.398082
0.451782
0.457807
0.435087
0.404219
0.377206
0.358428
0.347018
0.34021
0.33579
0.333042
0.332639
0.335898
0.343389
0.359749
0.419425
0.572605
0.736127
0.235228
0.293752
0.374225
0.433565
0.451248
0.438677
0.413796
0.388743
0.369039
0.35554
0.346944
0.341697
0.338985
0.338841
0.341826
0.348024
0.359896
0.409317
0.564347
0.739829
0.215789
0.271087
0.346043
0.408558
0.438215
0.438942
0.423989
0.404323
0.386168
0.371911
0.361756
0.35511
0.351373
0.350239
0.351807
0.355947
0.364788
0.404647
0.560875
0.745274
0.199352
0.253047
0.321531
0.381164
0.416858
0.428996
0.425643
0.414961
0.40238
0.39078
0.381276
0.374034
0.369042
0.365954
0.365401
0.36717
0.375371
0.409464
0.566558
0.754896
0.188248
0.234395
0.29803
0.352975
0.390474
0.410435
0.417445
0.41619
0.410785
0.403683
0.396649
0.390287
0.385628
0.382247
0.382319
0.384639
0.397182
0.431445
0.583702
0.767602
0.0995609
0.245043
0.282309
0.318613
0.34377
0.361526
0.373232
0.381462
0.38708
0.392294
0.397108
0.4027
0.409314
0.416361
0.427003
0.437324
0.461208
0.502133
0.629525
0.789604
0.357708
0.439258
0.489023
0.524967
0.551322
0.572584
0.589537
0.604867
0.617756
0.630504
0.641518
0.653107
0.663139
0.674147
0.683665
0.69511
0.706215
0.727943
0.764739
0.838402
)
;

boundaryField
{
    movingWall
    {
        type            fixedValue;
        value           uniform 1;
    }
    fixedWalls
    {
        type            zeroGradient;
    }
    frontAndBack
    {
        type            empty;
    }
}


// ************************************************************************* //
