/*--------------------------------*- C++ -*----------------------------------*\
| =========                 |                                                 |
| \\      /  F ield         | OpenFOAM: The Open Source CFD Toolbox           |
|  \\    /   O peration     | Version:  2212                                  |
|   \\  /    A nd           | Website:  www.openfoam.com                      |
|    \\/     M anipulation  |                                                 |
\*---------------------------------------------------------------------------*/
FoamFile
{
    version     2.0;
    format      ascii;
    arch        "LSB;label=32;scalar=64";
    class       volScalarField;
    location    "16.2";
    object      p;
}
// * * * * * * * * * * * * * * * * * * * * * * * * * * * * * * * * * * * * * //

dimensions      [0 2 -2 0 0 0 0];

internalField   nonuniform List<scalar> 
400
(
7.32373e-08
-0.000150961
-0.000535045
-0.00107225
-0.00173298
-0.00249446
-0.0031856
-0.00359818
-0.00356595
-0.00293468
-0.00154911
0.000618849
0.00324907
0.00551358
0.00653325
0.00592234
0.0040015
0.00214906
0.00111006
0.001041
0.000115923
-5.84962e-05
-0.000377439
-0.000764613
-0.00124453
-0.00188867
-0.0027068
-0.00354414
-0.00408063
-0.00393904
-0.00284704
-0.00082544
0.00168883
0.0039604
0.00512417
0.00474254
0.00310241
0.00137416
0.000592565
0.000683611
0.000536036
0.000264566
-7.77235e-05
-0.000560081
-0.00134779
-0.0025812
-0.00421979
-0.00598449
-0.00740331
-0.00794463
-0.00726493
-0.0054627
-0.00289232
-0.000195291
0.00179112
0.00242711
0.00170816
0.000501455
-0.000396738
-0.000393445
0.00115155
0.000740863
0.000191475
-0.000775267
-0.00245168
-0.00493849
-0.00799591
-0.0111213
-0.0137042
-0.0151778
-0.0152077
-0.0138407
-0.0112944
-0.00802988
-0.00475304
-0.00221054
-0.000871219
-0.000707064
-0.00128968
-0.001919
0.00158295
0.000973346
-2.32846e-05
-0.0019246
-0.00500731
-0.00918086
-0.0139146
-0.0184807
-0.0222172
-0.0246539
-0.0255296
-0.0247238
-0.0223643
-0.0187443
-0.0143055
-0.00965655
-0.00559296
-0.00294975
-0.00219411
-0.00401884
0.00129301
0.000444659
-0.00119778
-0.00430495
-0.00900576
-0.0148815
-0.0210737
-0.0267163
-0.0311923
-0.0341797
-0.0355465
-0.0351905
-0.0331978
-0.0297196
-0.0249002
-0.0189618
-0.0125061
-0.0069492
-0.00440174
-0.00652505
-4.86629e-05
-0.00114793
-0.00349992
-0.00779746
-0.0139333
-0.0211153
-0.0282373
-0.0344089
-0.0391299
-0.0422333
-0.043721
-0.0436116
-0.0419738
-0.0388797
-0.0343118
-0.028158
-0.0205398
-0.0127037
-0.00785562
-0.0077488
-0.00245085
-0.00374258
-0.00669911
-0.0119141
-0.0190407
-0.0269829
-0.0345053
-0.0407805
-0.0454522
-0.0484784
-0.0499412
-0.0499324
-0.0485316
-0.0457896
-0.0416634
-0.0359276
-0.0283265
-0.0193718
-0.0118231
-0.00798131
-0.00553804
-0.00691566
-0.0102642
-0.0160227
-0.0236591
-0.0318906
-0.0394526
-0.0456143
-0.050139
-0.0530591
-0.0544883
-0.0545284
-0.0532541
-0.0507271
-0.0469633
-0.041813
-0.0348688
-0.0259485
-0.0167099
-0.0099953
-0.00873419
-0.0100864
-0.0135983
-0.0195429
-0.0272873
-0.0354883
-0.0429135
-0.0489113
-0.0533111
-0.0561692
-0.0575931
-0.0576643
-0.0564459
-0.0540126
-0.0504524
-0.0457616
-0.0396351
-0.0315249
-0.022322
-0.0143406
-0.0115046
-0.0127584
-0.0162199
-0.022055
-0.029608
-0.0375897
-0.0448277
-0.0507007
-0.0550443
-0.0578958
-0.0593382
-0.0594298
-0.0582204
-0.0557904
-0.0522881
-0.0478535
-0.0424321
-0.0353835
-0.0271988
-0.0191801
-0.0135498
-0.0146191
-0.0178564
-0.0233161
-0.0304318
-0.0380638
-0.0451189
-0.050951
-0.0553305
-0.058242
-0.0597297
-0.0598321
-0.05859
-0.0560845
-0.0525168
-0.0481392
-0.0432078
-0.0370572
-0.0300327
-0.022418
-0.0148378
-0.0155683
-0.0183523
-0.0232108
-0.0296941
-0.0368797
-0.0437656
-0.0496413
-0.0541561
-0.0572023
-0.0587715
-0.0588785
-0.0575592
-0.0549171
-0.0511782
-0.0466568
-0.0419662
-0.0363008
-0.0302267
-0.0228965
-0.0154681
-0.0157225
-0.0177777
-0.0217468
-0.0273902
-0.0340323
-0.0407513
-0.0467415
-0.0514939
-0.0547694
-0.0564834
-0.0566244
-0.0552027
-0.052354
-0.048347
-0.0435825
-0.0387313
-0.033142
-0.0281001
-0.0202797
-0.0155747
-0.0152985
-0.0163384
-0.0190881
-0.0236535
-0.0296347
-0.0361722
-0.0423366
-0.0474285
-0.0510404
-0.0529812
-0.0531845
-0.0516919
-0.0485922
-0.0442274
-0.0390544
-0.0337823
-0.028072
-0.0242319
-0.0143853
-0.0152771
-0.0145504
-0.0142611
-0.0154263
-0.0186852
-0.0238951
-0.0302319
-0.0366154
-0.0421386
-0.046202
-0.0484902
-0.0488672
-0.0473539
-0.0440216
-0.0392494
-0.0335193
-0.0276416
-0.0216296
-0.0180537
-0.00383311
-0.0146623
-0.0136185
-0.0117071
-0.0110813
-0.0129539
-0.0173806
-0.0235345
-0.0301709
-0.0361939
-0.0408122
-0.0435794
-0.0442624
-0.0428513
-0.039377
-0.0341857
-0.02769
-0.0206825
-0.0132763
-0.00678587
0.0160528
-0.0145835
-0.0126574
-0.00864872
-0.00623485
-0.00691031
-0.0107461
-0.0168182
-0.0237404
-0.0302991
-0.0355398
-0.0389042
-0.0400357
-0.0388781
-0.0354485
-0.0298962
-0.0222761
-0.0128727
-0.000688195
0.016695
0.0570638
-0.0117948
-0.011831
-0.00572633
-0.00177523
-0.0017652
-0.00540496
-0.0115755
-0.0188153
-0.025876
-0.031688
-0.0356629
-0.0373624
-0.0366858
-0.0333558
-0.0272245
-0.0175418
-0.00314833
0.0204903
0.0607044
0.129821
-0.0295171
-0.01063
-0.000609083
0.00308062
0.00244806
-0.00155723
-0.00799972
-0.0155537
-0.0229766
-0.0291743
-0.0335324
-0.0355885
-0.0352017
-0.0319562
-0.025228
-0.0128602
0.00942252
0.0511715
0.122878
0.226076
)
;

boundaryField
{
    movingWall
    {
        type            zeroGradient;
    }
    fixedWalls
    {
        type            zeroGradient;
    }
    frontAndBack
    {
        type            empty;
    }
}


// ************************************************************************* //
