/*--------------------------------*- C++ -*----------------------------------*\
| =========                 |                                                 |
| \\      /  F ield         | OpenFOAM: The Open Source CFD Toolbox           |
|  \\    /   O peration     | Version:  2212                                  |
|   \\  /    A nd           | Website:  www.openfoam.com                      |
|    \\/     M anipulation  |                                                 |
\*---------------------------------------------------------------------------*/
FoamFile
{
    version     2.0;
    format      ascii;
    arch        "LSB;label=32;scalar=64";
    class       volScalarField;
    location    "16.2";
    object      T;
}
// * * * * * * * * * * * * * * * * * * * * * * * * * * * * * * * * * * * * * //

dimensions      [0 0 0 1 0 0 0];

internalField   nonuniform List<scalar> 
400
(
0.969411
0.970053
0.971357
0.973287
0.975542
0.977604
0.979087
0.979954
0.980426
0.980747
0.98104
0.981342
0.981667
0.982003
0.982299
0.982471
0.982381
0.981886
0.981066
0.980394
0.970231
0.971019
0.972598
0.97486
0.977258
0.979031
0.979903
0.98021
0.980314
0.980393
0.980555
0.980866
0.981347
0.981971
0.982614
0.983084
0.983087
0.982403
0.981323
0.980546
0.971511
0.972572
0.974538
0.976909
0.978778
0.979571
0.979538
0.979152
0.978669
0.978304
0.978242
0.978611
0.979416
0.980633
0.982043
0.983323
0.983939
0.983355
0.981796
0.98083
0.972766
0.974107
0.976254
0.978175
0.978991
0.978617
0.977554
0.976202
0.974867
0.97388
0.973494
0.973922
0.97511
0.977083
0.979572
0.98219
0.984224
0.984735
0.98301
0.981492
0.97373
0.975233
0.977209
0.978272
0.977839
0.976203
0.973915
0.971397
0.969095
0.967416
0.966657
0.967068
0.96858
0.971249
0.974832
0.978943
0.982861
0.985474
0.985189
0.982718
0.974363
0.975856
0.977377
0.977389
0.975659
0.972718
0.969153
0.965494
0.962303
0.960012
0.958925
0.959239
0.960948
0.964083
0.968485
0.973823
0.979463
0.984363
0.986805
0.984511
0.974711
0.976039
0.976941
0.975886
0.972945
0.968796
0.964092
0.959498
0.955642
0.952945
0.951659
0.951887
0.95366
0.956989
0.961816
0.967937
0.974839
0.981558
0.986551
0.987085
0.974854
0.975943
0.976225
0.974233
0.970249
0.965069
0.959453
0.954182
0.949907
0.947005
0.945643
0.945836
0.947591
0.950904
0.955789
0.962227
0.969938
0.978055
0.98498
0.988461
0.974857
0.975691
0.975428
0.972687
0.967897
0.961947
0.955693
0.949987
0.945473
0.942474
0.94108
0.941259
0.942977
0.946195
0.950923
0.957273
0.965321
0.974492
0.982965
0.987834
0.974773
0.975397
0.974763
0.971555
0.966244
0.959784
0.953112
0.947126
0.942455
0.939374
0.937924
0.938062
0.939739
0.942876
0.947409
0.953452
0.96139
0.971196
0.981142
0.987359
0.974632
0.975112
0.974271
0.97084
0.965279
0.958587
0.95174
0.945635
0.940872
0.937696
0.936141
0.936178
0.937768
0.940816
0.945176
0.950849
0.958363
0.968341
0.979448
0.987055
0.974452
0.974865
0.974019
0.97067
0.96518
0.958536
0.951723
0.945615
0.940792
0.937503
0.935802
0.935677
0.937103
0.939987
0.944139
0.949413
0.956308
0.966085
0.978092
0.98689
0.974228
0.974643
0.973923
0.970875
0.965721
0.959392
0.95285
0.946922
0.942163
0.938831
0.937004
0.936685
0.937866
0.940461
0.94428
0.949092
0.955229
0.964434
0.977022
0.986871
0.973946
0.974428
0.973975
0.97147
0.966958
0.961245
0.955225
0.949667
0.945095
0.941785
0.939847
0.939286
0.940125
0.942283
0.945591
0.949792
0.955076
0.963475
0.976331
0.986972
0.973577
0.974161
0.97397
0.972058
0.968347
0.963484
0.958255
0.953336
0.949196
0.946096
0.944167
0.943407
0.943856
0.945451
0.94806
0.951508
0.955879
0.963199
0.975972
0.987196
0.97314
0.973854
0.974004
0.972785
0.970048
0.966254
0.962041
0.95797
0.954442
0.951688
0.949835
0.948904
0.948906
0.949825
0.951584
0.954099
0.957481
0.963498
0.975962
0.987549
0.972705
0.973407
0.973667
0.972951
0.971112
0.968452
0.965417
0.962418
0.959744
0.957577
0.955997
0.955051
0.954709
0.955006
0.955939
0.957495
0.959987
0.964859
0.97669
0.98815
0.972397
0.973251
0.973772
0.973481
0.972444
0.970839
0.968927
0.966958
0.965115
0.963536
0.962269
0.961373
0.960842
0.96071
0.961062
0.961863
0.963694
0.967438
0.978052
0.988907
0.968233
0.972321
0.972306
0.972158
0.971598
0.970854
0.970005
0.969216
0.968491
0.967956
0.967564
0.967386
0.967395
0.967577
0.968074
0.968711
0.970343
0.973185
0.981234
0.990204
0.977689
0.980385
0.981828
0.982693
0.983154
0.983442
0.983593
0.983747
0.983855
0.984025
0.984175
0.984403
0.984616
0.984904
0.985183
0.98557
0.986065
0.987108
0.98919
0.992856
)
;

boundaryField
{
    movingWall
    {
        type            fixedValue;
        value           uniform 1;
    }
    fixedWalls
    {
        type            zeroGradient;
    }
    frontAndBack
    {
        type            empty;
    }
}


// ************************************************************************* //
