/*--------------------------------*- C++ -*----------------------------------*\
| =========                 |                                                 |
| \\      /  F ield         | OpenFOAM: The Open Source CFD Toolbox           |
|  \\    /   O peration     | Version:  2212                                  |
|   \\  /    A nd           | Website:  www.openfoam.com                      |
|    \\/     M anipulation  |                                                 |
\*---------------------------------------------------------------------------*/
FoamFile
{
    version     2.0;
    format      ascii;
    arch        "LSB;label=32;scalar=64";
    class       volScalarField;
    location    "10.2";
    object      p;
}
// * * * * * * * * * * * * * * * * * * * * * * * * * * * * * * * * * * * * * //

dimensions      [0 2 -2 0 0 0 0];

internalField   nonuniform List<scalar> 
400
(
6.00403e-07
-0.000150379
-0.000534452
-0.00107165
-0.00173236
-0.00249383
-0.00318495
-0.00359751
-0.00356528
-0.00293402
-0.00154847
0.000619459
0.00324966
0.0055142
0.00653394
0.00592314
0.00400241
0.00215003
0.00111106
0.00104202
0.000116507
-5.79042e-05
-0.000376845
-0.000764016
-0.00124393
-0.00188805
-0.00270615
-0.00354346
-0.00407993
-0.00393835
-0.00284636
-0.000824792
0.00168946
0.00396105
0.00512491
0.00474339
0.00310336
0.00137512
0.000593528
0.000684597
0.00053662
0.000265157
-7.71298e-05
-0.000559483
-0.00134718
-0.00258055
-0.00421907
-0.0059837
-0.00740246
-0.00794376
-0.00726408
-0.00546189
-0.00289155
-0.000194525
0.00179193
0.00242801
0.00170915
0.000502466
-0.000395742
-0.000392455
0.00115212
0.000741438
0.00019206
-0.000774657
-0.00245101
-0.00493773
-0.00799502
-0.0111203
-0.0137031
-0.0151766
-0.0152065
-0.0138396
-0.0112933
-0.00802885
-0.00475205
-0.00220955
-0.000870214
-0.000706042
-0.00128866
-0.00191799
0.00158348
0.000973891
-2.27072e-05
-0.00192395
-0.00500652
-0.00917989
-0.0139134
-0.0184793
-0.0222156
-0.0246522
-0.0255278
-0.0247221
-0.0223627
-0.0187429
-0.0143042
-0.00965536
-0.00559186
-0.00294872
-0.0021931
-0.0040178
0.00129351
0.000445185
-0.00119718
-0.00430421
-0.00900478
-0.0148802
-0.0210721
-0.0267144
-0.0311902
-0.0341773
-0.0355441
-0.0351881
-0.0331956
-0.0297175
-0.0248985
-0.0189603
-0.0125048
-0.00694808
-0.0044007
-0.00652396
-4.81673e-05
-0.00114739
-0.00349926
-0.00779657
-0.0139321
-0.0211137
-0.0282352
-0.0344064
-0.0391271
-0.0422302
-0.0437179
-0.0436085
-0.0419709
-0.0388771
-0.0343094
-0.028156
-0.0205382
-0.0127023
-0.00785451
-0.00774776
-0.0024503
-0.00374197
-0.00669833
-0.011913
-0.0190392
-0.0269809
-0.0345028
-0.0407774
-0.0454487
-0.0484747
-0.0499372
-0.0499285
-0.0485279
-0.0457862
-0.0416605
-0.0359252
-0.0283245
-0.0193703
-0.0118218
-0.0079803
-0.0055374
-0.00691494
-0.0102633
-0.0160214
-0.0236573
-0.0318883
-0.0394496
-0.0456108
-0.0501349
-0.0530547
-0.0544837
-0.0545238
-0.0532498
-0.0507231
-0.0469598
-0.0418102
-0.0348664
-0.0259467
-0.0167085
-0.00999416
-0.00873343
-0.0100855
-0.0135972
-0.0195414
-0.0272853
-0.0354856
-0.0429101
-0.0489073
-0.0533066
-0.0561642
-0.0575879
-0.0576591
-0.0564409
-0.0540081
-0.0504485
-0.0457583
-0.0396324
-0.0315227
-0.0223203
-0.0143393
-0.0115037
-0.0127575
-0.0162187
-0.0220534
-0.0296058
-0.0375869
-0.0448242
-0.0506965
-0.0550395
-0.0578905
-0.0593327
-0.0594242
-0.0582151
-0.0557855
-0.0522839
-0.04785
-0.0424292
-0.0353812
-0.0271969
-0.0191785
-0.0135489
-0.0146181
-0.0178552
-0.0233144
-0.0304295
-0.0380609
-0.0451153
-0.0509467
-0.0553255
-0.0582366
-0.0597241
-0.0598265
-0.0585846
-0.0560796
-0.0525126
-0.0481356
-0.0432049
-0.0370549
-0.0300308
-0.0224163
-0.0148369
-0.0155673
-0.0183511
-0.0232092
-0.0296919
-0.0368768
-0.0437621
-0.0496371
-0.0541514
-0.0571971
-0.058766
-0.0588731
-0.057554
-0.0549124
-0.0511742
-0.0466535
-0.0419636
-0.0362987
-0.030225
-0.022895
-0.0154672
-0.0157215
-0.0177765
-0.0217453
-0.0273882
-0.0340297
-0.0407481
-0.0467376
-0.0514895
-0.0547645
-0.0564783
-0.0566193
-0.0551979
-0.0523497
-0.0483434
-0.0435796
-0.0387291
-0.0331403
-0.0280987
-0.0202785
-0.0155738
-0.0152976
-0.0163374
-0.0190869
-0.0236518
-0.0296325
-0.0361695
-0.0423332
-0.0474246
-0.0510361
-0.0529766
-0.05318
-0.0516876
-0.0485885
-0.0442244
-0.0390521
-0.0337807
-0.0280709
-0.0242309
-0.0143845
-0.0152762
-0.0145496
-0.0142602
-0.0154253
-0.0186839
-0.0238934
-0.0302297
-0.0366126
-0.0421353
-0.0461983
-0.0484863
-0.0488634
-0.0473503
-0.0440185
-0.0392471
-0.0335177
-0.0276406
-0.0216291
-0.0180535
-0.00383293
-0.0146615
-0.0136177
-0.0117064
-0.0110806
-0.0129531
-0.0173794
-0.0235328
-0.0301688
-0.0361912
-0.0408092
-0.0435761
-0.0442591
-0.0428483
-0.0393745
-0.0341839
-0.027689
-0.0206822
-0.0132765
-0.00678638
0.0160525
-0.0145828
-0.0126568
-0.00864817
-0.00623441
-0.00690983
-0.0107454
-0.0168171
-0.0237388
-0.0302971
-0.0355374
-0.0389015
-0.040033
-0.0388757
-0.0354465
-0.0298949
-0.0222756
-0.012873
-0.00068903
0.016694
0.057063
-0.0117942
-0.0118304
-0.00572596
-0.00177503
-0.001765
-0.00540458
-0.0115747
-0.0188141
-0.0258743
-0.0316859
-0.0356605
-0.0373601
-0.0366836
-0.0333541
-0.0272235
-0.0175415
-0.00314885
0.0204892
0.0607031
0.12982
-0.0295164
-0.0106295
-0.00060881
0.00308071
0.00244813
-0.00155698
-0.00799913
-0.0155527
-0.022975
-0.0291723
-0.0335302
-0.0355862
-0.0351996
-0.0319545
-0.0252269
-0.0128599
0.00942209
0.0511705
0.122877
0.226075
)
;

boundaryField
{
    movingWall
    {
        type            zeroGradient;
    }
    fixedWalls
    {
        type            zeroGradient;
    }
    frontAndBack
    {
        type            empty;
    }
}


// ************************************************************************* //
