/*--------------------------------*- C++ -*----------------------------------*\
| =========                 |                                                 |
| \\      /  F ield         | OpenFOAM: The Open Source CFD Toolbox           |
|  \\    /   O peration     | Version:  2212                                  |
|   \\  /    A nd           | Website:  www.openfoam.com                      |
|    \\/     M anipulation  |                                                 |
\*---------------------------------------------------------------------------*/
FoamFile
{
    version     2.0;
    format      ascii;
    arch        "LSB;label=32;scalar=64";
    class       volScalarField;
    location    "10.2";
    object      T;
}
// * * * * * * * * * * * * * * * * * * * * * * * * * * * * * * * * * * * * * //

dimensions      [0 0 0 1 0 0 0];

internalField   nonuniform List<scalar> 
400
(
0.896664
0.899108
0.904066
0.911368
0.919807
0.927397
0.932718
0.93571
0.937267
0.938305
0.939237
0.940186
0.941189
0.942207
0.943074
0.943515
0.94308
0.941278
0.938353
0.935955
0.899841
0.902817
0.908772
0.917251
0.926126
0.93255
0.93562
0.936687
0.937081
0.937377
0.937919
0.938907
0.940406
0.942327
0.944268
0.945613
0.945417
0.942961
0.939188
0.936452
0.90479
0.90875
0.91609
0.924886
0.931748
0.934664
0.934704
0.933592
0.93216
0.931074
0.930914
0.932086
0.934604
0.938388
0.942739
0.946628
0.94833
0.946108
0.940722
0.937372
0.909626
0.914598
0.92257
0.929719
0.932876
0.931898
0.928679
0.924539
0.920419
0.917371
0.916185
0.917532
0.921247
0.927414
0.935186
0.943331
0.94956
0.95082
0.944783
0.939577
0.913357
0.918927
0.926333
0.930512
0.929486
0.924473
0.917413
0.909596
0.902435
0.897212
0.894851
0.896132
0.900848
0.909182
0.920386
0.933258
0.945511
0.95356
0.952169
0.943723
0.915852
0.921439
0.927338
0.927999
0.922769
0.913654
0.902591
0.891202
0.881279
0.874161
0.87078
0.871751
0.877056
0.886802
0.90052
0.9172
0.934884
0.950265
0.957766
0.949825
0.917303
0.922385
0.926257
0.923425
0.914342
0.901453
0.886839
0.872558
0.8606
0.852248
0.848269
0.848971
0.854451
0.864761
0.879743
0.898798
0.920368
0.941458
0.957178
0.958556
0.918
0.922313
0.924168
0.918315
0.905954
0.889861
0.872421
0.856074
0.842854
0.833895
0.829695
0.830288
0.835695
0.84592
0.861031
0.881008
0.905037
0.930448
0.952245
0.963253
0.918181
0.921652
0.921748
0.913517
0.898634
0.880158
0.860755
0.843094
0.829168
0.819935
0.815649
0.816199
0.821481
0.831384
0.845963
0.865613
0.890624
0.919274
0.945887
0.961264
0.91803
0.920786
0.91968
0.909984
0.893487
0.873438
0.852758
0.834257
0.819869
0.810398
0.805949
0.806375
0.811523
0.821162
0.835115
0.853768
0.878377
0.908954
0.940163
0.959773
0.917656
0.919889
0.918113
0.907744
0.890486
0.86972
0.848509
0.829653
0.81499
0.805237
0.800467
0.800582
0.80546
0.814821
0.828229
0.84571
0.868958
0.900015
0.934829
0.958818
0.917121
0.919071
0.917249
0.907174
0.890161
0.86955
0.84845
0.829587
0.814737
0.804634
0.799415
0.799036
0.80341
0.812267
0.825032
0.84127
0.862567
0.892958
0.930567
0.9583
0.91642
0.918294
0.916842
0.907757
0.891827
0.8722
0.851932
0.833613
0.818947
0.808703
0.803092
0.802115
0.805739
0.813715
0.825459
0.840276
0.85921
0.887783
0.927195
0.958244
0.915507
0.917512
0.916845
0.909507
0.895629
0.877924
0.859272
0.842079
0.82797
0.817777
0.811817
0.810092
0.812672
0.819307
0.829492
0.84243
0.858721
0.884771
0.925019
0.958565
0.914297
0.916557
0.916661
0.911217
0.899891
0.88485
0.868645
0.853413
0.840615
0.83105
0.825103
0.822763
0.824144
0.829055
0.837094
0.847718
0.861193
0.883877
0.923877
0.959273
0.912852
0.915456
0.916548
0.913283
0.905055
0.893387
0.880355
0.867747
0.856824
0.848308
0.842583
0.839706
0.839707
0.842538
0.847959
0.855711
0.866139
0.884778
0.923832
0.960388
0.911426
0.913975
0.915341
0.913612
0.908211
0.900112
0.890766
0.881492
0.873216
0.866508
0.861618
0.858686
0.857621
0.85853
0.8614
0.866193
0.873885
0.88899
0.926104
0.962285
0.910415
0.913367
0.915472
0.91502
0.912116
0.907331
0.901511
0.895466
0.889783
0.8849
0.880977
0.8782
0.87655
0.876131
0.877213
0.879683
0.885369
0.89702
0.930379
0.964677
0.897238
0.9107
0.910935
0.910754
0.909222
0.907062
0.904535
0.902166
0.899977
0.898367
0.897193
0.896679
0.896746
0.897349
0.898934
0.900948
0.906088
0.915024
0.940392
0.968779
0.927773
0.936551
0.941285
0.944162
0.945743
0.94676
0.947328
0.947893
0.948304
0.948903
0.949432
0.950201
0.950913
0.951866
0.952777
0.954033
0.955617
0.958941
0.965529
0.977182
)
;

boundaryField
{
    movingWall
    {
        type            fixedValue;
        value           uniform 1;
    }
    fixedWalls
    {
        type            zeroGradient;
    }
    frontAndBack
    {
        type            empty;
    }
}


// ************************************************************************* //
