/*--------------------------------*- C++ -*----------------------------------*\
| =========                 |                                                 |
| \\      /  F ield         | OpenFOAM: The Open Source CFD Toolbox           |
|  \\    /   O peration     | Version:  2212                                  |
|   \\  /    A nd           | Website:  www.openfoam.com                      |
|    \\/     M anipulation  |                                                 |
\*---------------------------------------------------------------------------*/
FoamFile
{
    version     2.0;
    format      ascii;
    arch        "LSB;label=32;scalar=64";
    class       volScalarField;
    location    "10.4";
    object      p;
}
// * * * * * * * * * * * * * * * * * * * * * * * * * * * * * * * * * * * * * //

dimensions      [0 2 -2 0 0 0 0];

internalField   nonuniform List<scalar> 
400
(
6.29458e-07
-0.000150349
-0.000534424
-0.00107162
-0.00173234
-0.00249381
-0.00318493
-0.00359749
-0.00356527
-0.002934
-0.00154845
0.000619485
0.0032497
0.00551423
0.00653396
0.00592316
0.00400241
0.00215001
0.00111097
0.00104188
0.000116538
-5.78746e-05
-0.000376818
-0.00076399
-0.0012439
-0.00188803
-0.00270613
-0.00354344
-0.00407992
-0.00393834
-0.00284635
-0.000824775
0.00168948
0.00396106
0.0051249
0.00474336
0.00310334
0.00137514
0.00059355
0.000684533
0.000536654
0.000265188
-7.71013e-05
-0.000559457
-0.00134716
-0.00258053
-0.00421907
-0.00598371
-0.00740247
-0.00794378
-0.00726409
-0.00546189
-0.00289154
-0.000194517
0.00179192
0.00242797
0.00170909
0.000502423
-0.000395744
-0.000392487
0.00115216
0.000741475
0.000192093
-0.000774631
-0.00245099
-0.00493773
-0.00799504
-0.0111203
-0.0137031
-0.0151767
-0.0152066
-0.0138396
-0.0112934
-0.00802888
-0.00475207
-0.00220958
-0.000870262
-0.000706102
-0.00128869
-0.00191802
0.00158353
0.000973935
-2.2671e-05
-0.00192393
-0.00500652
-0.00917992
-0.0139135
-0.0184794
-0.0222157
-0.0246523
-0.025528
-0.0247222
-0.0223629
-0.018743
-0.0143042
-0.00965541
-0.0055919
-0.00294876
-0.00219314
-0.00401784
0.00129356
0.000445233
-0.00119715
-0.0043042
-0.00900482
-0.0148803
-0.0210723
-0.0267146
-0.0311904
-0.0341776
-0.0355443
-0.0351884
-0.0331958
-0.0297178
-0.0248986
-0.0189604
-0.0125049
-0.00694813
-0.00440074
-0.00652401
-4.81127e-05
-0.00114735
-0.00349924
-0.00779659
-0.0139322
-0.0211139
-0.0282354
-0.0344067
-0.0391274
-0.0422306
-0.0437182
-0.0436089
-0.0419712
-0.0388774
-0.0343097
-0.0281562
-0.0205383
-0.0127024
-0.00785455
-0.0077478
-0.00245026
-0.00374194
-0.00669832
-0.011913
-0.0190393
-0.0269811
-0.0345031
-0.0407778
-0.0454491
-0.0484751
-0.0499377
-0.049929
-0.0485284
-0.0457866
-0.0416608
-0.0359254
-0.0283247
-0.0193704
-0.0118219
-0.00798033
-0.00553737
-0.00691492
-0.0102633
-0.0160215
-0.0236575
-0.0318885
-0.03945
-0.0456112
-0.0501354
-0.0530553
-0.0544843
-0.0545244
-0.0532503
-0.0507236
-0.0469602
-0.0418105
-0.0348666
-0.0259468
-0.0167086
-0.00999421
-0.00873343
-0.0100855
-0.0135972
-0.0195416
-0.0272855
-0.0354859
-0.0429105
-0.0489078
-0.0533072
-0.0561648
-0.0575886
-0.0576598
-0.0564416
-0.0540087
-0.050449
-0.0457587
-0.0396327
-0.031523
-0.0223205
-0.0143393
-0.0115037
-0.0127575
-0.0162187
-0.0220535
-0.029606
-0.0375872
-0.0448246
-0.0506971
-0.0550401
-0.0578913
-0.0593334
-0.059425
-0.0582159
-0.0557862
-0.0522845
-0.0478504
-0.0424296
-0.0353814
-0.0271971
-0.0191786
-0.0135489
-0.0146182
-0.0178553
-0.0233146
-0.0304298
-0.0380612
-0.0451158
-0.0509473
-0.0553262
-0.0582373
-0.0597249
-0.0598272
-0.0585854
-0.0560802
-0.0525131
-0.0481361
-0.0432053
-0.0370551
-0.0300309
-0.0224164
-0.0148369
-0.0155673
-0.0183512
-0.0232093
-0.0296921
-0.0368772
-0.0437626
-0.0496377
-0.054152
-0.0571978
-0.0587667
-0.0588738
-0.0575547
-0.054913
-0.0511747
-0.0466539
-0.0419639
-0.0362989
-0.0302251
-0.0228951
-0.0154672
-0.0157215
-0.0177766
-0.0217454
-0.0273884
-0.03403
-0.0407485
-0.0467381
-0.0514901
-0.0547652
-0.056479
-0.05662
-0.0551985
-0.0523502
-0.0483438
-0.04358
-0.0387293
-0.0331404
-0.0280988
-0.0202786
-0.0155738
-0.0152976
-0.0163374
-0.019087
-0.023652
-0.0296327
-0.0361698
-0.0423336
-0.0474251
-0.0510367
-0.0529772
-0.0531806
-0.0516882
-0.048589
-0.0442247
-0.0390523
-0.0337808
-0.0280709
-0.0242309
-0.0143845
-0.0152763
-0.0145496
-0.0142602
-0.0154253
-0.018684
-0.0238935
-0.0302299
-0.0366129
-0.0421357
-0.0461988
-0.0484868
-0.0488639
-0.0473508
-0.0440189
-0.0392473
-0.0335178
-0.0276406
-0.021629
-0.0180534
-0.00383283
-0.0146615
-0.0136177
-0.0117064
-0.0110806
-0.0129531
-0.0173795
-0.023533
-0.030169
-0.0361915
-0.0408095
-0.0435765
-0.0442595
-0.0428487
-0.0393748
-0.0341841
-0.0276891
-0.0206821
-0.0132764
-0.00678617
0.0160526
-0.0145828
-0.0126567
-0.00864813
-0.00623436
-0.00690978
-0.0107454
-0.0168171
-0.0237389
-0.0302973
-0.0355376
-0.0389019
-0.0400333
-0.038876
-0.0354467
-0.029895
-0.0222755
-0.0128728
-0.00068877
0.0166943
0.0570633
-0.0117942
-0.0118303
-0.00572589
-0.00177493
-0.00176491
-0.00540452
-0.0115747
-0.0188142
-0.0258744
-0.0316861
-0.0356608
-0.0373603
-0.0366839
-0.0333542
-0.0272235
-0.0175414
-0.00314864
0.0204895
0.0607034
0.129821
-0.0295164
-0.0106294
-0.000608727
0.00308083
0.00244824
-0.00155689
-0.0079991
-0.0155527
-0.0229752
-0.0291725
-0.0335304
-0.0355865
-0.0351998
-0.0319547
-0.0252269
-0.0128598
0.00942228
0.0511708
0.122877
0.226076
)
;

boundaryField
{
    movingWall
    {
        type            zeroGradient;
    }
    fixedWalls
    {
        type            zeroGradient;
    }
    frontAndBack
    {
        type            empty;
    }
}


// ************************************************************************* //
