/*--------------------------------*- C++ -*----------------------------------*\
| =========                 |                                                 |
| \\      /  F ield         | OpenFOAM: The Open Source CFD Toolbox           |
|  \\    /   O peration     | Version:  2212                                  |
|   \\  /    A nd           | Website:  www.openfoam.com                      |
|    \\/     M anipulation  |                                                 |
\*---------------------------------------------------------------------------*/
FoamFile
{
    version     2.0;
    format      ascii;
    arch        "LSB;label=32;scalar=64";
    class       volScalarField;
    location    "10.4";
    object      T;
}
// * * * * * * * * * * * * * * * * * * * * * * * * * * * * * * * * * * * * * //

dimensions      [0 0 0 1 0 0 0];

internalField   nonuniform List<scalar> 
400
(
0.901121
0.903437
0.908138
0.915065
0.923079
0.930295
0.935364
0.938225
0.93972
0.940716
0.941612
0.942525
0.943491
0.944474
0.945313
0.945747
0.945342
0.943627
0.940841
0.938557
0.904128
0.906951
0.912601
0.920651
0.929087
0.935203
0.938134
0.939154
0.939527
0.939806
0.940323
0.941271
0.942714
0.944566
0.946442
0.947749
0.947579
0.945242
0.941643
0.939035
0.908815
0.912575
0.919547
0.927905
0.934433
0.937207
0.937234
0.936153
0.934765
0.933711
0.933551
0.934675
0.9371
0.940745
0.944942
0.9487
0.95036
0.948258
0.943115
0.939918
0.913396
0.918122
0.925696
0.93249
0.935483
0.934526
0.931415
0.927416
0.923439
0.920496
0.919349
0.920643
0.924219
0.930159
0.937647
0.945497
0.951512
0.952759
0.947003
0.94203
0.916931
0.922225
0.929258
0.933217
0.932203
0.927364
0.920553
0.913014
0.906109
0.901071
0.898792
0.900023
0.904565
0.912592
0.923385
0.935783
0.947588
0.955356
0.954065
0.945996
0.919292
0.924599
0.930189
0.930778
0.925726
0.916937
0.90627
0.895292
0.885725
0.87886
0.875597
0.876529
0.881639
0.89103
0.904247
0.920317
0.937348
0.952163
0.959405
0.951829
0.92066
0.92548
0.929127
0.926364
0.917606
0.905181
0.891094
0.877328
0.865797
0.857739
0.853897
0.854567
0.859847
0.869784
0.884224
0.902588
0.923369
0.943679
0.958816
0.960175
0.921311
0.925393
0.927104
0.92144
0.909526
0.894015
0.877204
0.861444
0.848693
0.840047
0.835987
0.836552
0.841761
0.851617
0.866185
0.885443
0.908598
0.933077
0.954064
0.96466
0.921471
0.924747
0.924769
0.916818
0.902476
0.884668
0.865966
0.848937
0.835502
0.826588
0.822444
0.822965
0.828053
0.8376
0.851658
0.870603
0.894711
0.922315
0.947945
0.962745
0.921317
0.923908
0.922778
0.913416
0.897521
0.878198
0.858263
0.840423
0.826541
0.817397
0.813094
0.813494
0.818452
0.827744
0.841198
0.859184
0.882909
0.912374
0.942432
0.96131
0.92095
0.923045
0.921271
0.911261
0.894632
0.874619
0.854173
0.835992
0.821844
0.812427
0.807815
0.807915
0.812612
0.821634
0.834562
0.851417
0.873832
0.903764
0.937297
0.96039
0.920432
0.922261
0.920445
0.910717
0.894323
0.874461
0.854123
0.835935
0.821609
0.811856
0.806811
0.806434
0.810645
0.81918
0.831485
0.847141
0.867674
0.896966
0.933193
0.959891
0.919756
0.921518
0.920062
0.911282
0.895931
0.877018
0.857484
0.839823
0.825677
0.81579
0.810369
0.809417
0.812903
0.820587
0.831906
0.846188
0.864442
0.891983
0.929948
0.959837
0.918878
0.920772
0.920075
0.912976
0.899598
0.882538
0.864563
0.84799
0.834385
0.82455
0.818794
0.817122
0.819601
0.825992
0.835804
0.848273
0.863975
0.889084
0.927854
0.960147
0.917717
0.919861
0.919909
0.91463
0.903707
0.889213
0.873599
0.858919
0.84658
0.837355
0.831615
0.829351
0.830675
0.835401
0.843143
0.853378
0.866363
0.888228
0.926756
0.960829
0.916331
0.91881
0.919815
0.916633
0.908689
0.897442
0.884884
0.872735
0.862206
0.853995
0.848472
0.845692
0.845686
0.848408
0.853626
0.861091
0.871137
0.8891
0.926714
0.961902
0.914964
0.91739
0.918663
0.916961
0.911737
0.903925
0.894917
0.88598
0.878003
0.871537
0.86682
0.86399
0.862958
0.863828
0.866588
0.871201
0.878608
0.893164
0.928905
0.963728
0.913995
0.916814
0.918803
0.918333
0.915513
0.910889
0.905275
0.899447
0.893967
0.88926
0.885477
0.882797
0.881203
0.880796
0.881834
0.884209
0.889681
0.900904
0.933023
0.966031
0.901315
0.914223
0.914427
0.914231
0.91274
0.910648
0.908205
0.905916
0.903802
0.902246
0.90111
0.90061
0.900669
0.901245
0.902766
0.904702
0.909646
0.918247
0.942664
0.969978
0.930643
0.939068
0.943609
0.946365
0.947876
0.948847
0.949386
0.949924
0.950313
0.950885
0.951389
0.952126
0.952807
0.95372
0.954594
0.9558
0.957321
0.960517
0.966856
0.978064
)
;

boundaryField
{
    movingWall
    {
        type            fixedValue;
        value           uniform 1;
    }
    fixedWalls
    {
        type            zeroGradient;
    }
    frontAndBack
    {
        type            empty;
    }
}


// ************************************************************************* //
