/*--------------------------------*- C++ -*----------------------------------*\
| =========                 |                                                 |
| \\      /  F ield         | OpenFOAM: The Open Source CFD Toolbox           |
|  \\    /   O peration     | Version:  2212                                  |
|   \\  /    A nd           | Website:  www.openfoam.com                      |
|    \\/     M anipulation  |                                                 |
\*---------------------------------------------------------------------------*/
FoamFile
{
    version     2.0;
    format      ascii;
    arch        "LSB;label=32;scalar=64";
    class       surfaceScalarField;
    location    "6.4";
    object      phi;
}
// * * * * * * * * * * * * * * * * * * * * * * * * * * * * * * * * * * * * * //

dimensions      [0 3 -1 0 0 0 0];

oriented        oriented;

internalField   nonuniform List<scalar> 
760
(
1.55906e-07
-1.55883e-07
2.93191e-07
-1.37285e-07
3.09436e-07
-1.62446e-08
1.83129e-07
1.26307e-07
-1.20723e-07
3.03851e-07
-6.65982e-07
5.45259e-07
-1.48469e-06
8.18711e-07
-2.48955e-06
1.00485e-06
-3.47848e-06
9.88932e-07
-4.21832e-06
7.39843e-07
-4.5422e-06
3.23877e-07
-4.3526e-06
-1.89599e-07
-3.5937e-06
-7.58903e-07
-2.37997e-06
-1.21373e-06
-9.41828e-07
-1.43814e-06
3.45557e-07
-1.28739e-06
1.08812e-06
-7.42566e-07
1.03208e-06
5.60477e-08
4.6066e-07
5.71415e-07
4.60661e-07
1.24694e-07
-2.80576e-07
7.39501e-08
-8.65419e-08
-2.97645e-07
3.5535e-07
-1.07908e-06
9.07744e-07
-2.31522e-06
1.53999e-06
-3.92546e-06
2.1555e-06
-5.65916e-06
2.55241e-06
-7.20304e-06
2.54873e-06
-8.33254e-06
2.11844e-06
-8.93793e-06
1.34523e-06
-8.97229e-06
3.58231e-07
-8.41306e-06
-7.48822e-07
-7.29158e-06
-1.88039e-06
-5.64122e-06
-2.86409e-06
-3.60618e-06
-3.47317e-06
-1.49145e-06
-3.40212e-06
1.77076e-07
-2.41109e-06
8.57791e-07
-6.2467e-07
5.25254e-07
9.0395e-07
9.85915e-07
-1.27886e-07
-1.5269e-07
-6.34206e-07
4.19777e-07
-1.62467e-06
1.34581e-06
-3.14009e-06
2.42317e-06
-5.05463e-06
3.45452e-06
-7.06897e-06
4.16984e-06
-8.86785e-06
4.35129e-06
-1.02712e-05
3.95213e-06
-1.12275e-05
3.07468e-06
-1.17289e-05
1.84661e-06
-1.17233e-05
3.52646e-07
-1.1265e-05
-1.20713e-06
-1.03332e-05
-2.81212e-06
-8.87387e-06
-4.32346e-06
-6.8671e-06
-5.47995e-06
-4.40222e-06
-5.867e-06
-1.87889e-06
-4.93442e-06
-8.70208e-08
-2.41654e-06
2.94452e-07
5.22476e-07
1.28037e-06
-5.00427e-07
3.47737e-07
-1.55937e-06
1.47872e-06
-3.11774e-06
2.90418e-06
-5.07803e-06
4.38346e-06
-7.18021e-06
5.5567e-06
-9.11669e-06
6.10633e-06
-1.06853e-05
5.91994e-06
-1.18436e-05
5.11041e-06
-1.26196e-05
3.85066e-06
-1.30479e-05
2.27495e-06
-1.31132e-05
4.17939e-07
-1.28743e-05
-1.44611e-06
-1.22924e-05
-3.39401e-06
-1.12657e-05
-5.35009e-06
-9.66356e-06
-7.08212e-06
-7.36118e-06
-8.16939e-06
-4.39714e-06
-7.89846e-06
-1.37804e-06
-5.43564e-06
1.20482e-07
-9.76046e-07
1.40085e-06
-8.6139e-07
1.20913e-06
-2.36004e-06
2.97737e-06
-4.22956e-06
4.7737e-06
-6.27515e-06
6.42904e-06
-8.21589e-06
7.49745e-06
-9.82924e-06
7.71967e-06
-1.10385e-05
7.12917e-06
-1.18701e-05
5.94204e-06
-1.2386e-05
4.36652e-06
-1.26588e-05
2.54776e-06
-1.27793e-05
5.38495e-07
-1.27342e-05
-1.49122e-06
-1.25145e-05
-3.61371e-06
-1.20412e-05
-5.82339e-06
-1.1128e-05
-7.99533e-06
-9.48692e-06
-9.81047e-06
-6.81862e-06
-1.05668e-05
-3.22168e-06
-9.03258e-06
-2.61371e-07
-3.93635e-06
1.13948e-06
-1.0861e-06
2.29522e-06
-2.78215e-06
4.67343e-06
-4.67423e-06
6.66578e-06
-6.53058e-06
8.2854e-06
-8.12706e-06
9.09392e-06
-9.33265e-06
8.92526e-06
-1.01433e-05
7.93978e-06
-1.0624e-05
6.42277e-06
-1.08651e-05
4.60764e-06
-1.09664e-05
2.64908e-06
-1.10494e-05
6.21461e-07
-1.11004e-05
-1.44016e-06
-1.11357e-05
-3.57849e-06
-1.1126e-05
-5.83305e-06
-1.09179e-05
-8.20343e-06
-1.01843e-05
-1.05441e-05
-8.43088e-06
-1.23202e-05
-5.24193e-06
-1.22215e-05
-1.15825e-06
-8.02004e-06
-1.87664e-08
-1.10995e-06
3.40517e-06
-2.75644e-06
6.31992e-06
-4.45277e-06
8.36211e-06
-5.98725e-06
9.81988e-06
-7.19987e-06
1.03065e-05
-8.02822e-06
9.75361e-06
-8.50996e-06
8.42152e-06
-8.73205e-06
6.64486e-06
-8.79807e-06
4.67365e-06
-8.80495e-06
2.65596e-06
-8.8351e-06
6.51605e-07
-8.90687e-06
-1.36839e-06
-9.04016e-06
-3.44519e-06
-9.2465e-06
-5.62672e-06
-9.46952e-06
-7.9804e-06
-9.47808e-06
-1.05355e-05
-8.75327e-06
-1.3045e-05
-6.53707e-06
-1.44377e-05
-2.42334e-06
-1.21338e-05
-2.4421e-06
-9.35345e-07
4.34052e-06
-2.34615e-06
7.73072e-06
-3.73262e-06
9.74858e-06
-4.91129e-06
1.09985e-05
-5.78121e-06
1.11765e-05
-6.32546e-06
1.02979e-05
-6.60115e-06
8.69721e-06
-6.69926e-06
6.74297e-06
-6.71582e-06
4.69021e-06
-6.72379e-06
2.66394e-06
-6.75883e-06
6.86636e-07
-6.83784e-06
-1.28938e-06
-6.98183e-06
-3.30121e-06
-7.22137e-06
-5.38717e-06
-7.57379e-06
-7.62798e-06
-7.94854e-06
-1.01608e-05
-7.93608e-06
-1.30574e-05
-6.7185e-06
-1.56553e-05
-3.58716e-06
-1.52651e-05
-6.02926e-06
-6.25026e-07
4.96554e-06
-1.68741e-06
8.7931e-06
-2.72046e-06
1.07816e-05
-3.55952e-06
1.18376e-05
-4.14905e-06
1.1766e-05
-4.49914e-06
1.0648e-05
-4.66863e-06
8.8667e-06
-4.73591e-06
6.81025e-06
-4.77326e-06
4.72756e-06
-4.82414e-06
2.71481e-06
-4.89851e-06
7.61014e-07
-5.0027e-06
-1.18519e-06
-5.14651e-06
-3.15739e-06
-5.35854e-06
-5.17514e-06
-5.6939e-06
-7.29262e-06
-6.16639e-06
-9.68831e-06
-6.55852e-06
-1.26653e-05
-6.12958e-06
-1.60842e-05
-3.92477e-06
-1.74699e-05
-9.95403e-06
-2.32697e-07
5.19824e-06
-8.93539e-07
9.45395e-06
-1.56525e-06
1.14533e-05
-2.09498e-06
1.23673e-05
-2.45501e-06
1.2126e-05
-2.66959e-06
1.08625e-05
-2.7869e-06
8.98401e-06
-2.86018e-06
6.88354e-06
-2.93405e-06
4.80142e-06
-3.03043e-06
2.8112e-06
-3.15208e-06
8.82665e-07
-3.29856e-06
-1.03871e-06
-3.46998e-06
-2.98597e-06
-3.67849e-06
-4.96663e-06
-3.97464e-06
-6.99647e-06
-4.44072e-06
-9.22223e-06
-5.02471e-06
-1.20813e-05
-5.12515e-06
-1.59838e-05
-3.55931e-06
-1.90358e-05
-1.35133e-05
1.63723e-07
5.03452e-06
-7.00545e-08
9.68772e-06
-4.03076e-07
1.17864e-05
-6.54172e-07
1.26184e-05
-8.09228e-07
1.22811e-05
-8.99362e-07
1.09527e-05
-9.63963e-07
9.04861e-06
-1.03492e-06
6.95449e-06
-1.12881e-06
4.89532e-06
-1.25341e-06
2.93579e-06
-1.41125e-06
1.0405e-06
-1.60446e-06
-8.45494e-07
-1.83156e-06
-2.75888e-06
-2.0903e-06
-4.7079e-06
-2.40806e-06
-6.67871e-06
-2.87654e-06
-8.75375e-06
-3.56077e-06
-1.13971e-05
-4.02609e-06
-1.55185e-05
-3.0262e-06
-2.00357e-05
-1.65395e-05
5.01853e-07
4.53267e-06
6.99955e-07
9.48962e-06
7.43315e-07
1.1743e-05
7.79068e-07
1.25827e-05
8.24076e-07
1.22361e-05
8.52994e-07
1.09238e-05
8.46127e-07
9.05548e-06
7.95264e-07
7.00536e-06
7.01327e-07
4.98925e-06
5.66069e-07
3.07105e-06
3.84351e-07
1.22222e-06
1.49984e-07
-6.11127e-07
-1.38659e-07
-2.47024e-06
-4.88233e-07
-4.35832e-06
-9.0255e-07
-6.2644e-06
-1.42541e-06
-8.23088e-06
-2.20425e-06
-1.06182e-05
-2.95421e-06
-1.47685e-05
-2.46108e-06
-2.05288e-05
-1.90006e-05
7.58575e-07
3.77409e-06
1.35764e-06
8.89056e-06
1.7516e-06
1.1349e-05
2.08219e-06
1.22521e-05
2.35633e-06
1.19619e-05
2.5438e-06
1.07363e-05
2.63646e-06
8.96282e-06
2.64502e-06
6.9968e-06
2.58354e-06
5.05073e-06
2.4586e-06
3.19599e-06
2.26269e-06
1.41813e-06
1.98174e-06
-3.30182e-07
1.61629e-06
-2.10479e-06
1.16137e-06
-3.9034e-06
6.12599e-07
-5.71562e-06
-8.14061e-08
-7.53688e-06
-9.55188e-07
-9.74446e-06
-1.91832e-06
-1.38054e-05
-1.92484e-06
-2.05223e-05
-2.09255e-05
8.73974e-07
2.90012e-06
1.81615e-06
7.94838e-06
2.56019e-06
1.0605e-05
3.20335e-06
1.16089e-05
3.75307e-06
1.14122e-05
4.16608e-06
1.03233e-05
4.42652e-06
8.70238e-06
4.54834e-06
6.87497e-06
4.55451e-06
5.04456e-06
4.46018e-06
3.29032e-06
4.26332e-06
1.61499e-06
3.93146e-06
1.68206e-09
3.4851e-06
-1.65843e-06
2.89864e-06
-3.31694e-06
2.1732e-06
-4.99019e-06
1.32763e-06
-6.69131e-06
2.71339e-07
-8.68816e-06
-9.55559e-07
-1.25785e-05
-1.42602e-06
-2.00518e-05
-2.23515e-05
8.09854e-07
2.09026e-06
1.96159e-06
6.79665e-06
3.00775e-06
9.55884e-06
3.98446e-06
1.06322e-05
4.86474e-06
1.05319e-05
5.58254e-06
9.60546e-06
6.09873e-06
8.18619e-06
6.41628e-06
6.55743e-06
6.55603e-06
4.90481e-06
6.536e-06
3.31035e-06
6.35452e-06
1.79647e-06
6.00895e-06
3.47248e-07
5.46625e-06
-1.11573e-06
4.73383e-06
-2.58451e-06
3.80374e-06
-4.0601e-06
2.70492e-06
-5.59248e-06
1.39745e-06
-7.3807e-06
-1.5111e-07
-1.10299e-05
-9.10659e-07
-1.92923e-05
-2.32621e-05
5.80261e-07
1.51e-06
1.76698e-06
5.60993e-06
3.11022e-06
8.21561e-06
4.46605e-06
9.27639e-06
5.73699e-06
9.26098e-06
6.82444e-06
8.51801e-06
7.66296e-06
7.34768e-06
8.23987e-06
5.98051e-06
8.56756e-06
4.57713e-06
8.66278e-06
3.21513e-06
8.53228e-06
1.92697e-06
8.17326e-06
7.06271e-07
7.54167e-06
-4.84145e-07
6.65485e-06
-1.69769e-06
5.5001e-06
-2.90536e-06
4.11842e-06
-4.2108e-06
2.58306e-06
-5.84535e-06
9.65148e-07
-9.41203e-06
-1.40713e-07
-1.81864e-05
-2.34028e-05
1.5366e-07
1.35634e-06
1.04609e-06
4.7175e-06
2.5288e-06
6.73289e-06
4.25669e-06
7.5485e-06
5.98451e-06
7.53316e-06
7.52457e-06
6.97796e-06
8.77418e-06
6.09807e-06
9.70355e-06
5.05114e-06
1.03078e-05
3.97289e-06
1.05984e-05
2.92453e-06
1.05813e-05
1.94405e-06
1.02621e-05
1.02543e-06
9.59504e-06
1.82954e-07
8.60182e-06
-7.04461e-07
7.27269e-06
-1.57623e-06
5.65959e-06
-2.5977e-06
3.92334e-06
-4.1091e-06
2.24737e-06
-7.73605e-06
6.55663e-07
-1.65947e-05
-2.27472e-05
-5.18605e-07
1.87495e-06
2.02888e-07
3.99601e-06
1.76477e-06
5.17101e-06
3.83571e-06
5.47757e-06
5.99873e-06
5.37013e-06
7.96704e-06
5.00965e-06
9.60403e-06
4.46107e-06
1.08682e-05
3.78697e-06
1.17421e-05
3.09904e-06
1.22418e-05
2.42476e-06
1.23711e-05
1.81479e-06
1.21497e-05
1.24685e-06
1.16015e-05
7.31169e-07
1.06972e-05
1.9977e-07
9.44161e-06
-3.20611e-07
7.90776e-06
-1.06386e-06
6.28154e-06
-2.48287e-06
4.46396e-06
-5.91847e-06
2.05858e-06
-1.41893e-05
-2.06886e-05
-4.18094e-06
6.05588e-06
-3.64359e-06
3.45867e-06
-1.24466e-06
2.77207e-06
1.55969e-06
2.67322e-06
4.30587e-06
2.62395e-06
6.84706e-06
2.46847e-06
9.06974e-06
2.23839e-06
1.09135e-05
1.94316e-06
1.236e-05
1.65256e-06
1.34362e-05
1.34863e-06
1.4159e-05
1.09193e-06
1.45733e-05
8.32536e-07
1.46668e-05
6.3768e-07
1.44486e-05
4.17977e-07
1.39141e-05
2.13948e-07
1.30789e-05
-2.28719e-07
1.19314e-05
-1.33533e-06
1.01155e-05
-4.10261e-06
5.63911e-06
-9.71291e-06
-1.50495e-05
6.05588e-06
9.51455e-06
1.22866e-05
1.49598e-05
1.75838e-05
2.00523e-05
2.22906e-05
2.42338e-05
2.58864e-05
2.7235e-05
2.83269e-05
2.91595e-05
2.97971e-05
3.02151e-05
3.04291e-05
3.02003e-05
2.8865e-05
2.47624e-05
1.50495e-05
)
;

boundaryField
{
    movingWall
    {
        type            calculated;
        value           uniform 0;
    }
    fixedWalls
    {
        type            calculated;
        value           uniform 0;
    }
    frontAndBack
    {
        type            empty;
        value           nonuniform List<scalar> 0();
    }
}


// ************************************************************************* //
