/*--------------------------------*- C++ -*----------------------------------*\
| =========                 |                                                 |
| \\      /  F ield         | OpenFOAM: The Open Source CFD Toolbox           |
|  \\    /   O peration     | Version:  2212                                  |
|   \\  /    A nd           | Website:  www.openfoam.com                      |
|    \\/     M anipulation  |                                                 |
\*---------------------------------------------------------------------------*/
FoamFile
{
    version     2.0;
    format      ascii;
    arch        "LSB;label=32;scalar=64";
    class       volScalarField;
    location    "6.4";
    object      T;
}
// * * * * * * * * * * * * * * * * * * * * * * * * * * * * * * * * * * * * * //

dimensions      [0 0 0 1 0 0 0];

internalField   nonuniform List<scalar> 
400
(
0.731546
0.73976
0.756257
0.780321
0.807697
0.831678
0.847733
0.856046
0.859879
0.86224
0.86425
0.866159
0.86803
0.869735
0.870883
0.870799
0.868368
0.862183
0.852648
0.844781
0.74254
0.752346
0.771893
0.799466
0.827758
0.847533
0.856513
0.859631
0.861033
0.862096
0.863503
0.865639
0.868603
0.872139
0.875345
0.876794
0.874325
0.866196
0.854601
0.845978
0.759509
0.772317
0.796044
0.82425
0.845963
0.855395
0.856758
0.855443
0.853305
0.85167
0.85172
0.854267
0.859341
0.866722
0.874892
0.881516
0.882645
0.874191
0.858211
0.848154
0.776045
0.791968
0.81763
0.840852
0.852082
0.851848
0.846382
0.838915
0.831199
0.825484
0.823348
0.826192
0.833707
0.846076
0.86155
0.877439
0.888563
0.887645
0.869021
0.853943
0.78895
0.806888
0.831278
0.846462
0.847199
0.83815
0.824838
0.809724
0.795742
0.785557
0.780981
0.783591
0.792999
0.809652
0.832162
0.858141
0.882698
0.897519
0.889605
0.865398
0.79792
0.816329
0.837143
0.84354
0.834675
0.817165
0.795716
0.773392
0.754024
0.740203
0.733692
0.735627
0.745981
0.765072
0.792187
0.825578
0.861466
0.892801
0.906344
0.882627
0.803654
0.821161
0.837277
0.835472
0.81832
0.793243
0.764752
0.736917
0.713891
0.697961
0.690489
0.691923
0.70245
0.722264
0.751307
0.788753
0.831891
0.874911
0.907301
0.906992
0.807014
0.822835
0.834353
0.825789
0.801881
0.770525
0.736626
0.705102
0.680017
0.663234
0.655525
0.656782
0.667023
0.686355
0.715165
0.753812
0.801188
0.852373
0.897328
0.920396
0.808722
0.822547
0.830136
0.816498
0.787544
0.751598
0.714081
0.68037
0.654273
0.637245
0.629539
0.630759
0.640677
0.659157
0.686521
0.723939
0.772605
0.829742
0.884086
0.916217
0.809292
0.821241
0.826125
0.809517
0.777444
0.738534
0.698748
0.663707
0.636983
0.619707
0.611812
0.612842
0.622475
0.640342
0.666271
0.701325
0.748581
0.808995
0.872451
0.913233
0.809051
0.819429
0.822782
0.805018
0.771579
0.731346
0.690665
0.655102
0.627987
0.610285
0.601852
0.602328
0.61145
0.628754
0.653551
0.686109
0.730243
0.791047
0.861452
0.911277
0.808201
0.81741
0.820462
0.803595
0.770855
0.730983
0.690566
0.655018
0.627554
0.609207
0.599947
0.599521
0.607727
0.624116
0.647715
0.677832
0.717898
0.776962
0.852784
0.910254
0.806769
0.815207
0.818795
0.804324
0.774018
0.736096
0.69723
0.662617
0.635381
0.616681
0.606646
0.605109
0.611959
0.626768
0.648536
0.676007
0.711392
0.766541
0.845817
0.910162
0.80466
0.812733
0.817529
0.806946
0.781109
0.747051
0.711239
0.678607
0.652219
0.633437
0.622642
0.61969
0.624639
0.637043
0.65601
0.680058
0.710397
0.760427
0.841336
0.910863
0.801714
0.809832
0.815783
0.80932
0.789004
0.760337
0.72921
0.700142
0.675991
0.658166
0.647239
0.643071
0.645808
0.65507
0.670128
0.689937
0.715001
0.758394
0.838874
0.912349
0.798085
0.806452
0.813776
0.811773
0.798108
0.776437
0.751602
0.72751
0.706749
0.690694
0.680007
0.674717
0.674831
0.680215
0.690414
0.704892
0.724314
0.759892
0.838683
0.91469
0.794625
0.802749
0.810069
0.810876
0.803013
0.788676
0.771243
0.753671
0.737944
0.725224
0.715995
0.710486
0.708513
0.710221
0.71561
0.724536
0.738965
0.767907
0.843177
0.918651
0.792132
0.800474
0.808691
0.811618
0.808691
0.801115
0.790865
0.779764
0.769142
0.759928
0.752501
0.747211
0.744072
0.743232
0.745289
0.749935
0.760923
0.783659
0.851864
0.923675
0.764262
0.797111
0.799943
0.801981
0.800767
0.797883
0.793947
0.790084
0.786416
0.783778
0.781926
0.781315
0.781818
0.783328
0.786789
0.791043
0.801648
0.819939
0.872462
0.932285
0.833858
0.854442
0.865843
0.873097
0.877453
0.880488
0.882463
0.884337
0.885797
0.887591
0.889161
0.891205
0.893053
0.895403
0.897583
0.900512
0.904005
0.911201
0.925065
0.950076
)
;

boundaryField
{
    movingWall
    {
        type            fixedValue;
        value           uniform 1;
    }
    fixedWalls
    {
        type            zeroGradient;
    }
    frontAndBack
    {
        type            empty;
    }
}


// ************************************************************************* //
