/*--------------------------------*- C++ -*----------------------------------*\
| =========                 |                                                 |
| \\      /  F ield         | OpenFOAM: The Open Source CFD Toolbox           |
|  \\    /   O peration     | Version:  2212                                  |
|   \\  /    A nd           | Website:  www.openfoam.com                      |
|    \\/     M anipulation  |                                                 |
\*---------------------------------------------------------------------------*/
FoamFile
{
    version     2.0;
    format      ascii;
    arch        "LSB;label=32;scalar=64";
    class       volScalarField;
    location    "20.6";
    object      T;
}
// * * * * * * * * * * * * * * * * * * * * * * * * * * * * * * * * * * * * * //

dimensions      [0 0 0 1 0 0 0];

internalField   nonuniform List<scalar> 
400
(
0.986882
0.987155
0.987709
0.988529
0.989488
0.990365
0.990998
0.99137
0.991572
0.99171
0.991836
0.991967
0.992107
0.992252
0.992381
0.992456
0.992418
0.992207
0.991857
0.99157
0.98723
0.987565
0.988236
0.989198
0.990218
0.990974
0.991347
0.991478
0.991522
0.991556
0.991626
0.99176
0.991967
0.992237
0.992514
0.992718
0.992722
0.99243
0.991967
0.991635
0.987774
0.988224
0.989061
0.990069
0.990865
0.991203
0.991187
0.99102
0.990811
0.990653
0.990626
0.990785
0.991132
0.991657
0.992266
0.992819
0.993087
0.992839
0.992171
0.991757
0.988306
0.988876
0.989789
0.990607
0.990953
0.990789
0.99033
0.989746
0.98917
0.988744
0.988577
0.988761
0.989274
0.990125
0.991198
0.992328
0.993207
0.99343
0.992692
0.992041
0.988714
0.989353
0.990193
0.990644
0.990454
0.989747
0.98876
0.987673
0.986679
0.985955
0.985628
0.985805
0.986457
0.987609
0.989154
0.990927
0.992616
0.993745
0.993626
0.992568
0.988982
0.989616
0.990261
0.99026
0.989512
0.988243
0.986705
0.985126
0.983749
0.982761
0.982292
0.982427
0.983165
0.984517
0.986417
0.988719
0.991151
0.993264
0.994318
0.993336
0.989129
0.989692
0.99007
0.989611
0.988341
0.986551
0.984521
0.982539
0.980875
0.979711
0.979156
0.979254
0.980019
0.981456
0.98354
0.98618
0.989157
0.992054
0.994207
0.99444
0.989187
0.989648
0.98976
0.988897
0.987178
0.984943
0.982519
0.980245
0.978399
0.977147
0.976558
0.976642
0.977399
0.97883
0.980939
0.983717
0.987043
0.990544
0.993529
0.99503
0.989187
0.989538
0.989415
0.98823
0.986163
0.983596
0.980897
0.978434
0.976485
0.97519
0.974588
0.974665
0.975407
0.976797
0.978838
0.981579
0.985052
0.989008
0.992661
0.994759
0.98915
0.989411
0.989128
0.987742
0.98545
0.982662
0.979783
0.977199
0.975182
0.973852
0.973225
0.973285
0.974009
0.975363
0.977321
0.97993
0.983356
0.987586
0.991875
0.994554
0.989089
0.989288
0.988917
0.987433
0.985034
0.982146
0.97919
0.976555
0.974498
0.973127
0.972455
0.972471
0.973157
0.974474
0.976357
0.978806
0.98205
0.986355
0.991145
0.994424
0.98901
0.989182
0.988809
0.98736
0.984991
0.982124
0.979183
0.976546
0.974464
0.973043
0.972308
0.972255
0.97287
0.974116
0.975909
0.978186
0.981163
0.985382
0.99056
0.994352
0.988914
0.989087
0.988768
0.987449
0.985224
0.982493
0.97967
0.977111
0.975056
0.973617
0.972828
0.97269
0.9732
0.974321
0.97597
0.978048
0.980697
0.984669
0.990098
0.994344
0.988792
0.988995
0.988792
0.987707
0.985759
0.983293
0.980695
0.978296
0.976322
0.974893
0.974056
0.973813
0.974176
0.975107
0.976536
0.97835
0.980631
0.984256
0.989801
0.994388
0.988634
0.988882
0.988792
0.987962
0.986359
0.984259
0.982002
0.979879
0.978092
0.976754
0.975921
0.975593
0.975787
0.976475
0.977602
0.97909
0.980978
0.984137
0.989646
0.994484
0.988446
0.98875
0.988809
0.988278
0.987094
0.985455
0.983637
0.98188
0.980357
0.979168
0.978368
0.977966
0.977967
0.978364
0.979123
0.980209
0.981669
0.984266
0.989642
0.994636
0.988259
0.988559
0.988665
0.988351
0.987554
0.986405
0.985095
0.9838
0.982645
0.98171
0.981028
0.98062
0.980472
0.980601
0.981003
0.981676
0.982751
0.984854
0.989956
0.994895
0.988127
0.988493
0.988712
0.988582
0.988131
0.987437
0.98661
0.98576
0.984964
0.984283
0.983736
0.983349
0.98312
0.983063
0.983215
0.983561
0.984351
0.985966
0.990543
0.995221
0.986333
0.988089
0.98808
0.988013
0.987769
0.987447
0.987079
0.986738
0.986424
0.986193
0.986023
0.985946
0.985949
0.986028
0.986242
0.986516
0.98722
0.988446
0.991915
0.99578
0.990401
0.991561
0.992181
0.992552
0.99275
0.992873
0.992937
0.993002
0.993048
0.993121
0.993185
0.993283
0.993374
0.993498
0.993618
0.993784
0.993997
0.994447
0.995344
0.996924
)
;

boundaryField
{
    movingWall
    {
        type            fixedValue;
        value           uniform 1;
    }
    fixedWalls
    {
        type            zeroGradient;
    }
    frontAndBack
    {
        type            empty;
    }
}


// ************************************************************************* //
