/*--------------------------------*- C++ -*----------------------------------*\
| =========                 |                                                 |
| \\      /  F ield         | OpenFOAM: The Open Source CFD Toolbox           |
|  \\    /   O peration     | Version:  2212                                  |
|   \\  /    A nd           | Website:  www.openfoam.com                      |
|    \\/     M anipulation  |                                                 |
\*---------------------------------------------------------------------------*/
FoamFile
{
    version     2.0;
    format      ascii;
    arch        "LSB;label=32;scalar=64";
    class       volScalarField;
    location    "7.3";
    object      T;
}
// * * * * * * * * * * * * * * * * * * * * * * * * * * * * * * * * * * * * * //

dimensions      [0 0 0 1 0 0 0];

internalField   nonuniform List<scalar> 
400
(
0.791151
0.797119
0.809125
0.826667
0.846688
0.864326
0.876263
0.882578
0.885596
0.887508
0.88917
0.890795
0.89244
0.894014
0.895204
0.895479
0.893966
0.889614
0.8828
0.877189
0.799084
0.806232
0.820492
0.840645
0.861411
0.876034
0.882745
0.885057
0.886033
0.88677
0.887854
0.88962
0.892161
0.895288
0.898267
0.89995
0.898588
0.892806
0.884365
0.878138
0.811338
0.820707
0.838065
0.85873
0.874665
0.881508
0.882213
0.880764
0.878678
0.87709
0.877
0.8791
0.883417
0.889782
0.896946
0.903014
0.904793
0.899018
0.887249
0.879872
0.823272
0.834938
0.853709
0.870631
0.878582
0.877773
0.872756
0.866093
0.859319
0.854306
0.852399
0.854772
0.861154
0.871697
0.884927
0.898631
0.908604
0.909054
0.895509
0.884316
0.832546
0.845656
0.863363
0.874078
0.87375
0.865666
0.854018
0.840934
0.828881
0.820098
0.816141
0.818351
0.826387
0.840601
0.859773
0.881858
0.902797
0.915907
0.910993
0.892955
0.838923
0.852281
0.8671
0.870868
0.862734
0.847524
0.828982
0.809771
0.793077
0.781137
0.775494
0.777147
0.786072
0.802502
0.825749
0.85423
0.884668
0.911208
0.923293
0.905857
0.842902
0.855446
0.866451
0.863606
0.848594
0.826941
0.802371
0.778363
0.758404
0.744539
0.737993
0.739206
0.74834
0.76553
0.790633
0.822816
0.859623
0.896036
0.923345
0.924182
0.845133
0.85628
0.863534
0.855152
0.834444
0.807393
0.778123
0.750813
0.728934
0.714214
0.707392
0.70844
0.71738
0.734268
0.759346
0.792779
0.83344
0.876986
0.91487
0.934189
0.846155
0.855695
0.859724
0.847115
0.822103
0.791076
0.758612
0.72928
0.706395
0.691358
0.684477
0.685475
0.694166
0.710403
0.734383
0.76697
0.808967
0.857775
0.903754
0.930693
0.846359
0.85444
0.856257
0.841125
0.813417
0.779798
0.745296
0.714708
0.691183
0.675853
0.668761
0.669576
0.67803
0.693775
0.716597
0.747299
0.788306
0.84011
0.893891
0.928147
0.845991
0.852901
0.853472
0.837292
0.808367
0.773579
0.738255
0.707155
0.683239
0.667496
0.659908
0.660226
0.668234
0.683501
0.705375
0.734002
0.772486
0.824821
0.884622
0.926494
0.845198
0.851307
0.85169
0.836176
0.807777
0.773279
0.738166
0.707068
0.682845
0.666533
0.658214
0.657731
0.664926
0.679379
0.7002
0.726731
0.761803
0.812795
0.877276
0.925616
0.84399
0.849643
0.850552
0.836948
0.81054
0.777711
0.74396
0.713714
0.689735
0.673147
0.664164
0.662704
0.66869
0.681731
0.700915
0.725119
0.756183
0.80393
0.871411
0.925531
0.84229
0.847835
0.849896
0.839486
0.816771
0.787234
0.756152
0.727691
0.704531
0.687939
0.67833
0.675635
0.679932
0.690823
0.707504
0.728671
0.755343
0.798748
0.867633
0.926109
0.839959
0.845691
0.848866
0.841867
0.82373
0.798774
0.771763
0.746469
0.725353
0.709683
0.700018
0.696281
0.698627
0.706727
0.719938
0.737348
0.759395
0.797102
0.865595
0.927353
0.837117
0.843201
0.847747
0.844526
0.831918
0.812852
0.791232
0.770281
0.752185
0.738142
0.728755
0.724077
0.724136
0.728829
0.73776
0.750474
0.767547
0.798488
0.865468
0.929313
0.834377
0.840294
0.845017
0.844284
0.836585
0.823717
0.808407
0.793074
0.779365
0.768267
0.760199
0.755374
0.753635
0.755132
0.759854
0.7677
0.780344
0.805472
0.869322
0.932635
0.832413
0.83871
0.844386
0.845608
0.842146
0.835009
0.825791
0.81598
0.80666
0.798606
0.792124
0.787517
0.784782
0.784066
0.785858
0.789923
0.799429
0.819018
0.876686
0.936838
0.809176
0.835197
0.836828
0.837766
0.83611
0.833166
0.82943
0.825835
0.822462
0.820011
0.818259
0.817594
0.817895
0.819078
0.82193
0.825481
0.834416
0.849874
0.894061
0.944043
0.865646
0.882179
0.891251
0.896934
0.900248
0.9025
0.903901
0.905249
0.906277
0.907605
0.90877
0.910342
0.911774
0.913627
0.915365
0.917722
0.92059
0.926541
0.938131
0.958881
)
;

boundaryField
{
    movingWall
    {
        type            fixedValue;
        value           uniform 1;
    }
    fixedWalls
    {
        type            zeroGradient;
    }
    frontAndBack
    {
        type            empty;
    }
}


// ************************************************************************* //
