/*--------------------------------*- C++ -*----------------------------------*\
| =========                 |                                                 |
| \\      /  F ield         | OpenFOAM: The Open Source CFD Toolbox           |
|  \\    /   O peration     | Version:  2212                                  |
|   \\  /    A nd           | Website:  www.openfoam.com                      |
|    \\/     M anipulation  |                                                 |
\*---------------------------------------------------------------------------*/
FoamFile
{
    version     2.0;
    format      ascii;
    arch        "LSB;label=32;scalar=64";
    class       volScalarField;
    location    "5.5";
    object      p;
}
// * * * * * * * * * * * * * * * * * * * * * * * * * * * * * * * * * * * * * //

dimensions      [0 2 -2 0 0 0 0];

internalField   nonuniform List<scalar> 
400
(
-3.52799e-07
-0.000151563
-0.000535058
-0.00107139
-0.00173102
-0.00249097
-0.00318082
-0.00359269
-0.00356033
-0.00292969
-0.00154592
0.000619204
0.00324746
0.00551307
0.00653811
0.00593583
0.00402261
0.0021741
0.00113553
0.00106569
0.000115226
-5.90451e-05
-0.000377394
-0.000764058
-0.00124339
-0.00188633
-0.00270251
-0.00353759
-0.00407248
-0.00393087
-0.00284068
-0.000821938
0.00169022
0.00396271
0.00513158
0.00475796
0.00312603
0.00140032
0.000618891
0.000708626
0.000534103
0.00026336
-7.8213e-05
-0.000559804
-0.00134592
-0.00257618
-0.00421006
-0.00596938
-0.00738386
-0.00792365
-0.00724565
-0.00544653
-0.00287936
-0.000183544
0.00180514
0.00244638
0.00173341
0.000529325
-0.000368626
-0.000366917
0.00114729
0.000737526
0.000189684
-0.000774502
-0.00244604
-0.00492511
-0.00797264
-0.0110878
-0.0136622
-0.0151314
-0.0151615
-0.0137979
-0.0112571
-0.00799791
-0.00472455
-0.00218311
-0.000843421
-0.00067882
-0.00126086
-0.00189096
0.00157476
0.00096703
-2.60953e-05
-0.00192089
-0.00499293
-0.00915193
-0.013869
-0.0184187
-0.0221416
-0.0245698
-0.0254431
-0.0246412
-0.0222903
-0.018681
-0.0142529
-0.00961351
-0.00555751
-0.00291963
-0.00216654
-0.00398862
0.00128218
0.000436751
-0.0011992
-0.00429431
-0.00897714
-0.0148305
-0.0209989
-0.0266188
-0.0310761
-0.0340509
-0.035413
-0.0350611
-0.0330796
-0.029617
-0.0248154
-0.0188949
-0.0124558
-0.00691233
-0.00437159
-0.00649117
-5.90196e-05
-0.00115418
-0.00349614
-0.00777558
-0.013886
-0.0210384
-0.0281297
-0.0342727
-0.0389696
-0.0420563
-0.0435371
-0.0434314
-0.0418067
-0.0387329
-0.0341893
-0.0280612
-0.0204678
-0.0126536
-0.00781984
-0.00771837
-0.00245663
-0.0037432
-0.00668629
-0.0118777
-0.0189725
-0.0268787
-0.0343645
-0.0406051
-0.0452472
-0.0482521
-0.0497047
-0.0496987
-0.0483129
-0.0455958
-0.0415006
-0.0357977
-0.0282282
-0.019303
-0.0117789
-0.00795283
-0.00553585
-0.00690756
-0.0102401
-0.0159707
-0.0235703
-0.0317607
-0.0392809
-0.0454027
-0.0498925
-0.0527867
-0.0542026
-0.0542443
-0.0529865
-0.0504883
-0.0467614
-0.0416508
-0.0347439
-0.0258581
-0.0166505
-0.00995789
-0.00872293
-0.0100688
-0.0135628
-0.019477
-0.0271811
-0.0353372
-0.0427166
-0.0486702
-0.0530311
-0.0558597
-0.057268
-0.0573401
-0.056139
-0.0537374
-0.0502184
-0.0455725
-0.0394881
-0.0314152
-0.0222444
-0.0142851
-0.0114857
-0.0127331
-0.0161758
-0.0219793
-0.0294903
-0.0374252
-0.0446149
-0.0504412
-0.0547435
-0.0575635
-0.0589889
-0.0590808
-0.0578895
-0.0554929
-0.0520347
-0.0476484
-0.0422726
-0.0352626
-0.0271084
-0.0191086
-0.0135266
-0.0145894
-0.0178082
-0.0232366
-0.0303107
-0.0378957
-0.044902
-0.0506867
-0.0550242
-0.0579037
-0.0593741
-0.0594768
-0.0582532
-0.0557823
-0.0522603
-0.0479331
-0.0430491
-0.0369372
-0.0299405
-0.0223406
-0.0148134
-0.0155383
-0.0183053
-0.0231347
-0.0295788
-0.0367192
-0.0435577
-0.0493869
-0.0538604
-0.0568752
-0.0584273
-0.0585351
-0.0572347
-0.0546279
-0.0509355
-0.0464658
-0.0418234
-0.0361961
-0.0301456
-0.022827
-0.0154447
-0.0156956
-0.017737
-0.0216812
-0.0272899
-0.0338903
-0.0405646
-0.0465105
-0.0512233
-0.0544686
-0.0561663
-0.0563082
-0.0549061
-0.0520932
-0.0481334
-0.0434211
-0.0386191
-0.0330664
-0.0280407
-0.0202326
-0.0155533
-0.0152766
-0.0163078
-0.019039
-0.0235759
-0.0295206
-0.0360172
-0.0421399
-0.0471941
-0.0507772
-0.0527029
-0.052908
-0.0514347
-0.0483712
-0.0440543
-0.0389341
-0.0337113
-0.0280367
-0.0242059
-0.0143734
-0.015259
-0.0145342
-0.0142422
-0.0153971
-0.0186356
-0.0238154
-0.0301155
-0.0364599
-0.0419472
-0.045983
-0.0482566
-0.0486355
-0.0471417
-0.0438459
-0.0391223
-0.0334456
-0.0276167
-0.0216388
-0.018079
-0.0038633
-0.0146486
-0.013608
-0.0117005
-0.0110738
-0.0129346
-0.0173377
-0.0234588
-0.0300587
-0.0360469
-0.040638
-0.0433903
-0.0440744
-0.0426818
-0.0392441
-0.0341016
-0.0276605
-0.0207036
-0.013335
-0.00686568
0.0159823
-0.0145767
-0.0126535
-0.00865402
-0.00624793
-0.00691903
-0.0107368
-0.0167799
-0.0236675
-0.0301922
-0.0354056
-0.0387545
-0.0398864
-0.0387466
-0.0353501
-0.029845
-0.0222807
-0.0129327
-0.000791133
0.0165726
0.0569619
-0.0117951
-0.0118346
-0.00574492
-0.00180615
-0.00179544
-0.00542052
-0.0115642
-0.0187704
-0.0257972
-0.0315812
-0.0355392
-0.0372365
-0.0365739
-0.0332753
-0.0271916
-0.0175653
-0.0032292
0.0203651
0.0605666
0.129709
-0.0295144
-0.0106384
-0.000635442
0.00304154
0.00240868
-0.00158283
-0.00799938
-0.0155203
-0.0229091
-0.0290781
-0.0334181
-0.0354704
-0.0350961
-0.0318799
-0.0251947
-0.0128791
0.00934793
0.0510565
0.122755
0.225976
)
;

boundaryField
{
    movingWall
    {
        type            zeroGradient;
    }
    fixedWalls
    {
        type            zeroGradient;
    }
    frontAndBack
    {
        type            empty;
    }
}


// ************************************************************************* //
