/*--------------------------------*- C++ -*----------------------------------*\
| =========                 |                                                 |
| \\      /  F ield         | OpenFOAM: The Open Source CFD Toolbox           |
|  \\    /   O peration     | Version:  2212                                  |
|   \\  /    A nd           | Website:  www.openfoam.com                      |
|    \\/     M anipulation  |                                                 |
\*---------------------------------------------------------------------------*/
FoamFile
{
    version     2.0;
    format      ascii;
    arch        "LSB;label=32;scalar=64";
    class       surfaceScalarField;
    location    "5.5";
    object      phi;
}
// * * * * * * * * * * * * * * * * * * * * * * * * * * * * * * * * * * * * * //

dimensions      [0 3 -1 0 0 0 0];

oriented        oriented;

internalField   nonuniform List<scalar> 
760
(
1.55615e-07
-1.55583e-07
2.92558e-07
-1.36942e-07
3.08647e-07
-1.60901e-08
1.82352e-07
1.26295e-07
-1.21299e-07
3.03651e-07
-6.66045e-07
5.44746e-07
-1.48387e-06
8.17821e-07
-2.48769e-06
1.00382e-06
-3.47584e-06
9.88154e-07
-4.21546e-06
7.39613e-07
-4.53965e-06
3.24196e-07
-4.35102e-06
-1.88636e-07
-3.59344e-06
-7.57571e-07
-2.38112e-06
-1.21232e-06
-9.44146e-07
-1.43698e-06
3.42672e-07
-1.28682e-06
1.08569e-06
-7.43017e-07
1.03071e-06
5.49835e-08
4.60198e-07
5.70507e-07
4.60198e-07
1.24182e-07
-2.79763e-07
7.30237e-08
-8.57843e-08
-2.98495e-07
3.55427e-07
-1.07928e-06
9.07083e-07
-2.31414e-06
1.53851e-06
-3.92267e-06
2.15327e-06
-5.65471e-06
2.54986e-06
-7.19742e-06
2.54654e-06
-8.3264e-06
2.11713e-06
-8.93185e-06
1.34507e-06
-8.96679e-06
3.59138e-07
-8.40862e-06
-7.46807e-07
-7.2886e-06
-1.87759e-06
-5.63992e-06
-2.861e-06
-3.6065e-06
-3.47039e-06
-1.49296e-06
-3.40036e-06
1.74925e-07
-2.4109e-06
8.56201e-07
-6.26294e-07
5.24644e-07
9.02062e-07
9.84842e-07
-1.28278e-07
-1.51486e-07
-6.34557e-07
4.20494e-07
-1.62423e-06
1.34511e-06
-3.13806e-06
2.42091e-06
-5.05049e-06
3.45094e-06
-7.06277e-06
4.16555e-06
-8.86004e-06
4.34713e-06
-1.02623e-05
3.94881e-06
-1.12179e-05
3.0727e-06
-1.1719e-05
1.84623e-06
-1.1714e-05
3.54069e-07
-1.12565e-05
-1.2043e-06
-1.0326e-05
-2.80803e-06
-8.86838e-06
-4.31866e-06
-6.86359e-06
-5.47519e-06
-4.40071e-06
-5.86324e-06
-1.87898e-06
-4.93263e-06
-8.78073e-08
-2.41747e-06
2.94142e-07
5.20112e-07
1.27898e-06
-5.00259e-07
3.48773e-07
-1.55843e-06
1.47866e-06
-3.11517e-06
2.90185e-06
-5.07323e-06
4.37897e-06
-7.17308e-06
5.55079e-06
-9.10757e-06
6.10004e-06
-1.06747e-05
5.91423e-06
-1.18318e-05
5.10593e-06
-1.26069e-05
3.84787e-06
-1.30349e-05
2.27421e-06
-1.31006e-05
4.19706e-07
-1.28623e-05
-1.44257e-06
-1.22816e-05
-3.38871e-06
-1.12567e-05
-5.34362e-06
-9.65649e-06
-7.07536e-06
-7.35641e-06
-8.16332e-06
-4.39482e-06
-7.89422e-06
-1.37793e-06
-5.43436e-06
1.2016e-07
-9.77974e-07
1.39914e-06
-8.60574e-07
1.20935e-06
-2.35763e-06
2.97572e-06
-4.22496e-06
4.76917e-06
-6.26812e-06
6.42213e-06
-8.20665e-06
7.48932e-06
-9.81819e-06
7.71157e-06
-1.10259e-05
7.12198e-06
-1.18563e-05
5.93634e-06
-1.23713e-05
4.36283e-06
-1.26437e-05
2.54655e-06
-1.27642e-05
5.40239e-07
-1.27198e-05
-1.487e-06
-1.25013e-05
-3.60717e-06
-1.20296e-05
-5.81528e-06
-1.11183e-05
-7.98666e-06
-9.47941e-06
-9.80225e-06
-6.81368e-06
-1.05599e-05
-3.2198e-06
-9.02824e-06
-2.61609e-07
-3.93617e-06
1.13753e-06
-1.08467e-06
2.29402e-06
-2.77864e-06
4.66969e-06
-4.66834e-06
6.65887e-06
-6.52238e-06
8.27617e-06
-8.11687e-06
9.08381e-06
-9.32078e-06
8.91548e-06
-1.01299e-05
7.93107e-06
-1.06092e-05
6.41565e-06
-1.08491e-05
4.60273e-06
-1.09496e-05
2.64707e-06
-1.10323e-05
6.22906e-07
-1.1084e-05
-1.43527e-06
-1.11206e-05
-3.57055e-06
-1.11128e-05
-5.82306e-06
-1.09068e-05
-8.19268e-06
-1.01752e-05
-1.05339e-05
-8.42395e-06
-1.23112e-05
-5.23771e-06
-1.22145e-05
-1.15763e-06
-8.01624e-06
-2.00993e-08
-1.10818e-06
3.4022e-06
-2.75243e-06
6.31394e-06
-4.4465e-06
8.35295e-06
-5.97891e-06
9.80858e-06
-7.18973e-06
1.02946e-05
-8.01642e-06
9.74218e-06
-8.49646e-06
8.41111e-06
-8.71678e-06
6.63597e-06
-8.7811e-06
4.66705e-06
-8.78667e-06
2.65264e-06
-8.8163e-06
6.52531e-07
-8.88861e-06
-1.36296e-06
-9.02343e-06
-3.43573e-06
-9.23207e-06
-5.61441e-06
-9.4577e-06
-7.96705e-06
-9.46863e-06
-1.05229e-05
-8.74571e-06
-1.30341e-05
-6.53153e-06
-1.44287e-05
-2.42115e-06
-1.21266e-05
-2.44125e-06
-9.33616e-07
4.33581e-06
-2.34233e-06
7.72265e-06
-3.72684e-06
9.73746e-06
-4.90371e-06
1.09855e-05
-5.77197e-06
1.11629e-05
-6.31455e-06
1.02848e-05
-6.58837e-06
8.68493e-06
-6.68443e-06
6.73203e-06
-6.69899e-06
4.68161e-06
-6.70539e-06
2.65904e-06
-6.73966e-06
6.86801e-07
-6.81893e-06
-1.28369e-06
-6.96428e-06
-3.29038e-06
-7.20621e-06
-5.37248e-06
-7.56169e-06
-7.61158e-06
-7.93942e-06
-1.01452e-05
-7.92919e-06
-1.30444e-05
-6.71317e-06
-1.56447e-05
-3.58358e-06
-1.52562e-05
-6.02484e-06
-6.2365e-07
4.95946e-06
-1.68431e-06
8.78331e-06
-2.71578e-06
1.07689e-05
-3.55338e-06
1.1823e-05
-4.14147e-06
1.1751e-05
-4.49002e-06
1.06333e-05
-4.65774e-06
8.85265e-06
-4.72309e-06
6.79737e-06
-4.75857e-06
4.71709e-06
-4.80798e-06
2.70845e-06
-4.88151e-06
7.60332e-07
-4.98564e-06
-1.17955e-06
-5.13032e-06
-3.14571e-06
-5.34421e-06
-5.15859e-06
-5.68235e-06
-7.27344e-06
-6.15803e-06
-9.66951e-06
-6.55274e-06
-1.26497e-05
-6.12524e-06
-1.60722e-05
-3.92174e-06
-1.74597e-05
-9.94657e-06
-2.31952e-07
5.19142e-06
-8.91597e-07
9.44295e-06
-1.56221e-06
1.14396e-05
-2.09091e-06
1.23517e-05
-2.44986e-06
1.21099e-05
-2.66323e-06
1.08467e-05
-2.77918e-06
8.9686e-06
-2.85102e-06
6.86921e-06
-2.92353e-06
4.7896e-06
-3.01884e-06
2.80375e-06
-3.13974e-06
8.81234e-07
-3.28591e-06
-1.03338e-06
-3.45757e-06
-2.97405e-06
-3.66701e-06
-4.94915e-06
-3.96508e-06
-6.97537e-06
-4.43387e-06
-9.20072e-06
-5.02044e-06
-1.20631e-05
-5.12232e-06
-1.59703e-05
-3.55745e-06
-1.90246e-05
-1.3504e-05
1.63646e-07
5.02777e-06
-6.95573e-08
9.67615e-06
-4.01996e-07
1.1772e-05
-6.52536e-07
1.26023e-05
-8.06995e-07
1.22644e-05
-8.96454e-07
1.09361e-05
-9.60348e-07
9.0325e-06
-1.03061e-06
6.93947e-06
-1.12389e-06
4.88288e-06
-1.24794e-06
2.9278e-06
-1.40524e-06
1.03854e-06
-1.59795e-06
-8.40668e-07
-1.82469e-06
-2.74732e-06
-2.08341e-06
-4.69042e-06
-2.40179e-06
-6.65699e-06
-2.87197e-06
-8.73054e-06
-3.55826e-06
-1.13768e-05
-4.02473e-06
-1.55038e-05
-3.02533e-06
-2.0024e-05
-1.65294e-05
5.00986e-07
4.52679e-06
6.98886e-07
9.47825e-06
7.42186e-07
1.17287e-05
7.77936e-07
1.25665e-05
8.23003e-07
1.22193e-05
8.51977e-07
1.09072e-05
8.45082e-07
9.03939e-06
7.9407e-07
6.99049e-06
7.00034e-07
4.97691e-06
5.64808e-07
3.06303e-06
3.83393e-07
1.21995e-06
1.49594e-07
-6.06869e-07
-1.38348e-07
-2.45937e-06
-4.87087e-07
-4.34168e-06
-9.0083e-07
-6.24325e-06
-1.42398e-06
-8.2074e-06
-2.20388e-06
-1.05969e-05
-2.95447e-06
-1.47532e-05
-2.46123e-06
-2.05172e-05
-1.89906e-05
7.56929e-07
3.76986e-06
1.35501e-06
8.88017e-06
1.74826e-06
1.13354e-05
2.07825e-06
1.22365e-05
2.35187e-06
1.19457e-05
2.5388e-06
1.07202e-05
2.63077e-06
8.94742e-06
2.63851e-06
6.98274e-06
2.57624e-06
5.03918e-06
2.45084e-06
3.18842e-06
2.25505e-06
1.41575e-06
1.97483e-06
-3.26649e-07
1.61046e-06
-2.09501e-06
1.15691e-06
-3.88812e-06
6.09584e-07
-5.69592e-06
-8.33022e-08
-7.51451e-06
-9.57132e-07
-9.72307e-06
-1.92027e-06
-1.37901e-05
-1.92576e-06
-2.05117e-05
-2.09163e-05
8.71849e-07
2.89801e-06
1.81224e-06
7.93978e-06
2.55492e-06
1.05928e-05
3.19688e-06
1.15946e-05
3.74549e-06
1.13971e-05
4.15738e-06
1.03083e-05
4.41657e-06
8.68824e-06
4.53705e-06
6.86226e-06
4.542e-06
5.03424e-06
4.44682e-06
3.28359e-06
4.24971e-06
1.61286e-06
3.9188e-06
4.25942e-09
3.47365e-06
-1.64987e-06
2.88903e-06
-3.3035e-06
2.16577e-06
-4.97266e-06
1.32224e-06
-6.67098e-06
2.67457e-07
-8.66828e-06
-9.58697e-07
-1.25639e-05
-1.42749e-06
-2.00429e-05
-2.23438e-05
8.07731e-07
2.09028e-06
1.95697e-06
6.79055e-06
3.00115e-06
9.54857e-06
3.9761e-06
1.06196e-05
4.85471e-06
1.05185e-05
5.57088e-06
9.59218e-06
6.08538e-06
8.17374e-06
6.40121e-06
6.54642e-06
6.53945e-06
4.896e-06
6.5184e-06
3.30464e-06
6.33669e-06
1.79456e-06
5.99144e-06
3.49518e-07
5.45023e-06
-1.10866e-06
4.71994e-06
-2.57321e-06
3.79254e-06
-4.04526e-06
2.69673e-06
-5.57517e-06
1.39192e-06
-7.36348e-06
-1.53966e-07
-1.10181e-05
-9.12778e-07
-1.92841e-05
-2.32566e-05
5.78654e-07
1.51162e-06
1.76256e-06
5.60664e-06
3.10322e-06
8.20791e-06
4.45661e-06
9.26625e-06
5.72524e-06
9.24985e-06
6.81049e-06
8.50693e-06
7.64691e-06
7.33732e-06
8.22184e-06
5.97149e-06
8.54782e-06
4.57002e-06
8.64189e-06
3.21058e-06
8.51096e-06
1.9255e-06
8.15238e-06
7.08089e-07
7.52229e-06
-4.78566e-07
6.63778e-06
-1.6887e-06
5.48607e-06
-2.89355e-06
4.10809e-06
-4.19719e-06
2.576e-06
-5.83139e-06
9.60016e-07
-9.40207e-06
-1.4306e-07
-1.8181e-05
-2.33997e-05
1.52752e-07
1.35887e-06
1.04258e-06
4.71681e-06
2.52247e-06
6.72802e-06
4.24742e-06
7.54129e-06
5.9724e-06
7.52488e-06
7.50979e-06
6.96954e-06
8.75691e-06
6.0902e-06
9.68404e-06
5.04436e-06
1.02864e-05
3.96768e-06
1.05757e-05
2.92129e-06
1.0558e-05
1.94318e-06
1.02391e-05
1.02701e-06
9.57375e-06
1.86756e-07
8.58274e-06
-6.97693e-07
7.25693e-06
-1.56774e-06
5.64786e-06
-2.58812e-06
3.9158e-06
-4.09933e-06
2.243e-06
-7.72927e-06
6.53996e-07
-1.6592e-05
-2.27457e-05
-5.17875e-07
1.87675e-06
2.01721e-07
3.99722e-06
1.76051e-06
5.16923e-06
3.82789e-06
5.47391e-06
5.98733e-06
5.36543e-06
7.95232e-06
5.00455e-06
9.58631e-06
4.45621e-06
1.08479e-05
3.78277e-06
1.17197e-05
3.09591e-06
1.22181e-05
2.42288e-06
1.23469e-05
1.81434e-06
1.21262e-05
1.24777e-06
1.15792e-05
7.33705e-07
1.06776e-05
2.03925e-07
9.42577e-06
-3.1591e-07
7.89606e-06
-1.05841e-06
6.27425e-06
-2.47752e-06
4.46017e-06
-5.91519e-06
2.05702e-06
-1.41889e-05
-2.06887e-05
-4.18009e-06
6.05684e-06
-3.64289e-06
3.46002e-06
-1.24591e-06
2.77225e-06
1.55556e-06
2.67244e-06
4.29854e-06
2.62246e-06
6.83651e-06
2.46658e-06
9.05625e-06
2.23647e-06
1.08976e-05
1.94142e-06
1.23423e-05
1.65125e-06
1.34173e-05
1.3478e-06
1.41399e-05
1.09172e-06
1.45548e-05
8.32918e-07
1.46498e-05
6.38708e-07
1.44343e-05
4.19385e-07
1.39028e-05
2.15641e-07
1.30708e-05
-2.26392e-07
1.19269e-05
-1.33365e-06
1.01139e-05
-4.10218e-06
5.63846e-06
-9.71348e-06
-1.50502e-05
6.05684e-06
9.51686e-06
1.22891e-05
1.49615e-05
1.7584e-05
2.00506e-05
2.2287e-05
2.42285e-05
2.58797e-05
2.72275e-05
2.83192e-05
2.91522e-05
2.97909e-05
3.02103e-05
3.04259e-05
3.01995e-05
2.88659e-05
2.47637e-05
1.50502e-05
)
;

boundaryField
{
    movingWall
    {
        type            calculated;
        value           uniform 0;
    }
    fixedWalls
    {
        type            calculated;
        value           uniform 0;
    }
    frontAndBack
    {
        type            empty;
        value           nonuniform List<scalar> 0();
    }
}


// ************************************************************************* //
