/*--------------------------------*- C++ -*----------------------------------*\
| =========                 |                                                 |
| \\      /  F ield         | OpenFOAM: The Open Source CFD Toolbox           |
|  \\    /   O peration     | Version:  2212                                  |
|   \\  /    A nd           | Website:  www.openfoam.com                      |
|    \\/     M anipulation  |                                                 |
\*---------------------------------------------------------------------------*/
FoamFile
{
    version     2.0;
    format      ascii;
    arch        "LSB;label=32;scalar=64";
    class       volScalarField;
    location    "5.5";
    object      T;
}
// * * * * * * * * * * * * * * * * * * * * * * * * * * * * * * * * * * * * * //

dimensions      [0 0 0 1 0 0 0];

internalField   nonuniform List<scalar> 
400
(
0.648688
0.660121
0.683076
0.716519
0.754496
0.787655
0.8097
0.820919
0.825913
0.828886
0.83134
0.833573
0.835649
0.83738
0.838267
0.837423
0.83339
0.824202
0.810265
0.798748
0.664065
0.677704
0.704877
0.743152
0.782333
0.809612
0.821955
0.826327
0.828437
0.830039
0.83193
0.834543
0.837969
0.841852
0.845064
0.845796
0.841323
0.829382
0.812766
0.800304
0.687819
0.705613
0.738567
0.777715
0.807891
0.821258
0.823824
0.822998
0.821072
0.819589
0.819935
0.82306
0.828997
0.837445
0.846548
0.85337
0.852937
0.840014
0.817405
0.803111
0.711026
0.733151
0.768867
0.801361
0.817621
0.818636
0.813044
0.804975
0.796405
0.790046
0.787746
0.791172
0.79999
0.814415
0.832376
0.850562
0.862484
0.858777
0.832075
0.810933
0.729246
0.754267
0.788528
0.810518
0.813328
0.803599
0.788722
0.771533
0.75552
0.743863
0.738649
0.741727
0.752666
0.772048
0.798336
0.828758
0.857373
0.873637
0.860495
0.826715
0.742063
0.76795
0.797798
0.808567
0.799467
0.77968
0.755216
0.729578
0.707387
0.691611
0.684219
0.686472
0.698342
0.720277
0.751613
0.790519
0.832691
0.869586
0.884215
0.850629
0.750448
0.775398
0.799448
0.799957
0.780832
0.752192
0.71957
0.687715
0.661567
0.643605
0.635271
0.636973
0.64891
0.671385
0.704518
0.74763
0.797861
0.848571
0.886967
0.884249
0.755555
0.778485
0.79688
0.789096
0.761964
0.726089
0.687351
0.651529
0.623332
0.604653
0.596204
0.597731
0.609233
0.630907
0.663395
0.707425
0.762089
0.821957
0.875295
0.902902
0.758364
0.7788
0.792398
0.778517
0.745502
0.704408
0.66169
0.62365
0.594583
0.575854
0.56755
0.569077
0.580144
0.600661
0.63117
0.673329
0.72899
0.795404
0.859495
0.897902
0.759554
0.777546
0.787825
0.770467
0.733889
0.689477
0.644332
0.605008
0.575443
0.556605
0.548194
0.549548
0.560272
0.580005
0.608692
0.647807
0.701367
0.771173
0.845818
0.894429
0.759573
0.775419
0.783804
0.765221
0.727158
0.681291
0.635233
0.595446
0.565553
0.546328
0.537374
0.53814
0.548292
0.567362
0.59469
0.63077
0.680386
0.750224
0.832772
0.892122
0.758701
0.772816
0.780717
0.763368
0.726254
0.68085
0.635132
0.595387
0.565111
0.545178
0.535316
0.535097
0.544253
0.562328
0.588326
0.621586
0.666333
0.733842
0.822574
0.890943
0.756987
0.769823
0.778212
0.763905
0.729797
0.686654
0.642662
0.603893
0.573778
0.553379
0.542619
0.541171
0.548855
0.565231
0.589255
0.61958
0.658903
0.721649
0.814297
0.89085
0.754317
0.766343
0.7759
0.766349
0.737672
0.699036
0.658466
0.6218
0.592468
0.571831
0.560135
0.557093
0.562707
0.576491
0.5975
0.624094
0.657719
0.714453
0.80898
0.891707
0.750501
0.762306
0.772958
0.768391
0.746391
0.714066
0.678793
0.646008
0.618991
0.599237
0.587261
0.582813
0.585987
0.596347
0.613098
0.635058
0.66281
0.711892
0.805979
0.893487
0.745737
0.757582
0.769452
0.770118
0.756129
0.732095
0.704089
0.676887
0.653538
0.635594
0.623736
0.617938
0.61816
0.624217
0.635601
0.651677
0.673209
0.713406
0.805681
0.896292
0.741253
0.752751
0.764274
0.768021
0.760856
0.745464
0.726074
0.706336
0.688646
0.674367
0.664043
0.657903
0.655728
0.657638
0.663646
0.673547
0.689634
0.722421
0.810868
0.901024
0.738001
0.749377
0.761589
0.767519
0.766034
0.75857
0.747598
0.735374
0.723544
0.713222
0.704888
0.698929
0.695401
0.694426
0.696745
0.701944
0.714459
0.740542
0.821086
0.907047
0.704366
0.746695
0.751548
0.75551
0.755331
0.752946
0.749132
0.745245
0.741476
0.738822
0.737023
0.736616
0.737471
0.739449
0.743692
0.748805
0.761391
0.783003
0.845486
0.917367
0.791365
0.817434
0.832041
0.841515
0.8474
0.851616
0.85449
0.857184
0.859325
0.861828
0.864015
0.866747
0.869196
0.872245
0.875033
0.878737
0.883034
0.891803
0.908449
0.9388
)
;

boundaryField
{
    movingWall
    {
        type            fixedValue;
        value           uniform 1;
    }
    fixedWalls
    {
        type            zeroGradient;
    }
    frontAndBack
    {
        type            empty;
    }
}


// ************************************************************************* //
