/*--------------------------------*- C++ -*----------------------------------*\
| =========                 |                                                 |
| \\      /  F ield         | OpenFOAM: The Open Source CFD Toolbox           |
|  \\    /   O peration     | Version:  2212                                  |
|   \\  /    A nd           | Website:  www.openfoam.com                      |
|    \\/     M anipulation  |                                                 |
\*---------------------------------------------------------------------------*/
FoamFile
{
    version     2.0;
    format      ascii;
    arch        "LSB;label=32;scalar=64";
    class       volScalarField;
    location    "16.3";
    object      T;
}
// * * * * * * * * * * * * * * * * * * * * * * * * * * * * * * * * * * * * * //

dimensions      [0 0 0 1 0 0 0];

internalField   nonuniform List<scalar> 
400
(
0.969998
0.970628
0.971906
0.973798
0.976009
0.97803
0.979485
0.980335
0.980798
0.981113
0.9814
0.981697
0.982015
0.982345
0.982636
0.982804
0.982717
0.982231
0.981426
0.980768
0.970802
0.971575
0.973122
0.97534
0.977691
0.97943
0.980285
0.980585
0.980688
0.980765
0.980924
0.981229
0.981701
0.982314
0.982944
0.983405
0.983409
0.982738
0.981679
0.980917
0.972057
0.973097
0.975025
0.977349
0.979181
0.979959
0.979927
0.979547
0.979074
0.978716
0.978655
0.979017
0.979807
0.981001
0.982383
0.98364
0.984245
0.983672
0.982143
0.981195
0.973287
0.974602
0.976706
0.97859
0.97939
0.979023
0.97798
0.976653
0.975344
0.974376
0.973997
0.974417
0.975582
0.977517
0.97996
0.982528
0.984524
0.985025
0.983334
0.981844
0.974232
0.975705
0.977643
0.978685
0.97826
0.976654
0.97441
0.971939
0.96968
0.968033
0.967289
0.967692
0.969176
0.971794
0.97531
0.979343
0.983186
0.98575
0.985471
0.983048
0.974853
0.976316
0.977807
0.977818
0.976121
0.973235
0.969738
0.966148
0.963017
0.96077
0.959703
0.960011
0.961688
0.964764
0.969083
0.974319
0.979853
0.98466
0.987056
0.984806
0.975194
0.976495
0.977379
0.976344
0.973458
0.969387
0.964772
0.960265
0.956482
0.953836
0.952574
0.952798
0.954537
0.957804
0.96254
0.968545
0.975316
0.981907
0.986807
0.98733
0.975333
0.976401
0.976676
0.974721
0.970813
0.965731
0.960221
0.95505
0.950856
0.948009
0.946671
0.946861
0.948583
0.951833
0.956627
0.962942
0.970508
0.978471
0.985265
0.98868
0.975336
0.976153
0.975894
0.973205
0.968505
0.962668
0.956532
0.950934
0.946505
0.943563
0.942195
0.94237
0.944056
0.947214
0.951852
0.958083
0.965978
0.974976
0.983289
0.988065
0.975254
0.975865
0.975242
0.972094
0.966883
0.960546
0.954
0.948127
0.943544
0.940521
0.939098
0.939234
0.940879
0.943957
0.948404
0.954334
0.962122
0.971742
0.9815
0.987599
0.975116
0.975585
0.974759
0.971393
0.965937
0.959371
0.952653
0.946664
0.94199
0.938875
0.937348
0.937385
0.938945
0.941935
0.946213
0.951779
0.959152
0.968941
0.979838
0.987301
0.974938
0.975343
0.974512
0.971226
0.965839
0.959321
0.952637
0.946644
0.941912
0.938685
0.937016
0.936894
0.938293
0.941123
0.945196
0.95037
0.957135
0.966728
0.978507
0.987138
0.974719
0.975125
0.974418
0.971427
0.96637
0.960162
0.953743
0.947927
0.943257
0.939989
0.938195
0.937883
0.939041
0.941588
0.945334
0.950056
0.956077
0.965108
0.977457
0.98712
0.974442
0.974915
0.974469
0.972011
0.967584
0.961979
0.956073
0.950619
0.946134
0.942887
0.940985
0.940435
0.941258
0.943375
0.946621
0.950742
0.955926
0.964167
0.97678
0.98722
0.97408
0.974653
0.974465
0.972588
0.968947
0.964175
0.959045
0.954219
0.950157
0.947116
0.945223
0.944478
0.944918
0.946483
0.949043
0.952426
0.956714
0.963896
0.976428
0.987439
0.973652
0.974351
0.974498
0.973302
0.970616
0.966893
0.96276
0.958766
0.955304
0.952602
0.950785
0.949871
0.949872
0.950774
0.9525
0.954968
0.958286
0.964189
0.976417
0.987785
0.973224
0.973913
0.974168
0.973464
0.97166
0.96905
0.966073
0.96313
0.960506
0.95838
0.95683
0.955902
0.955566
0.955858
0.956773
0.9583
0.960745
0.965525
0.977132
0.988375
0.972923
0.973761
0.974271
0.973985
0.972967
0.971392
0.969516
0.967584
0.965776
0.964226
0.962983
0.962105
0.961584
0.961455
0.961799
0.962585
0.964381
0.968055
0.978469
0.989117
0.968838
0.972847
0.972833
0.972687
0.972138
0.971407
0.970574
0.9698
0.969089
0.968564
0.968179
0.968004
0.968013
0.968192
0.96868
0.969304
0.970905
0.973694
0.98159
0.99039
0.978113
0.980758
0.982174
0.983022
0.983474
0.983757
0.983905
0.984055
0.984161
0.984328
0.984476
0.984699
0.984908
0.985191
0.985464
0.985844
0.986329
0.987353
0.989395
0.992992
)
;

boundaryField
{
    movingWall
    {
        type            fixedValue;
        value           uniform 1;
    }
    fixedWalls
    {
        type            zeroGradient;
    }
    frontAndBack
    {
        type            empty;
    }
}


// ************************************************************************* //
