/*--------------------------------*- C++ -*----------------------------------*\
| =========                 |                                                 |
| \\      /  F ield         | OpenFOAM: The Open Source CFD Toolbox           |
|  \\    /   O peration     | Version:  2212                                  |
|   \\  /    A nd           | Website:  www.openfoam.com                      |
|    \\/     M anipulation  |                                                 |
\*---------------------------------------------------------------------------*/
FoamFile
{
    version     2.0;
    format      ascii;
    arch        "LSB;label=32;scalar=64";
    class       surfaceScalarField;
    location    "2.4";
    object      phi;
}
// * * * * * * * * * * * * * * * * * * * * * * * * * * * * * * * * * * * * * //

dimensions      [0 3 -1 0 0 0 0];

oriented        oriented;

internalField   nonuniform List<scalar> 
760
(
1.26011e-07
-1.26008e-07
2.29927e-07
-1.03915e-07
2.32349e-07
-2.42262e-09
1.11507e-07
1.20842e-07
-1.68488e-07
2.79995e-07
-6.62511e-07
4.94023e-07
-1.40019e-06
7.37681e-07
-2.31416e-06
9.13964e-07
-3.23065e-06
9.16492e-07
-3.93569e-06
7.05036e-07
-4.26328e-06
3.2759e-07
-4.11799e-06
-1.45282e-07
-3.43342e-06
-6.84569e-07
-2.3129e-06
-1.12052e-06
-9.70813e-07
-1.34209e-06
2.41322e-07
-1.21214e-06
9.6111e-07
-7.19788e-07
9.4047e-07
2.06406e-08
4.24967e-07
5.15503e-07
4.24967e-07
7.69747e-08
-2.02983e-07
-8.37344e-09
-1.85668e-08
-3.60517e-07
3.49722e-07
-1.06821e-06
8.28536e-07
-2.17942e-06
1.3912e-06
-3.64012e-06
1.95473e-06
-5.24534e-06
2.3429e-06
-6.71252e-06
2.38114e-06
-7.81463e-06
2.0186e-06
-8.42853e-06
1.31894e-06
-8.5011e-06
4.00157e-07
-8.00169e-06
-6.44691e-07
-6.96055e-06
-1.72571e-06
-5.40844e-06
-2.67263e-06
-3.48247e-06
-3.26806e-06
-1.47288e-06
-3.22173e-06
1.14189e-07
-2.30685e-06
7.81459e-07
-6.46629e-07
4.88666e-07
8.08296e-07
9.13633e-07
-1.55437e-07
-4.75456e-08
-6.408e-07
4.66796e-07
-1.54261e-06
1.25154e-06
-2.90782e-06
2.19374e-06
-4.65428e-06
3.13766e-06
-6.53749e-06
3.83794e-06
-8.26509e-06
4.0705e-06
-9.64393e-06
3.75998e-06
-1.06015e-05
2.97613e-06
-1.11199e-05
1.83742e-06
-1.11557e-05
4.35953e-07
-1.07393e-05
-1.06114e-06
-9.8633e-06
-2.60169e-06
-8.47734e-06
-4.05859e-06
-6.56192e-06
-5.18348e-06
-4.20925e-06
-5.5744e-06
-1.80138e-06
-4.71473e-06
-9.43548e-08
-2.35365e-06
2.82034e-07
4.31908e-07
1.19567e-06
-4.67954e-07
4.20409e-07
-1.43939e-06
1.43823e-06
-2.85005e-06
2.6622e-06
-4.64358e-06
3.98727e-06
-6.61376e-06
5.10784e-06
-8.48191e-06
5.70609e-06
-1.00364e-05
5.62502e-06
-1.1205e-05
4.92858e-06
-1.2001e-05
3.77212e-06
-1.2453e-05
2.28934e-06
-1.25487e-05
5.31739e-07
-1.23351e-05
-1.27474e-06
-1.17867e-05
-3.15012e-06
-1.08049e-05
-5.04045e-06
-9.26402e-06
-6.72431e-06
-7.0446e-06
-7.79382e-06
-4.19545e-06
-7.56388e-06
-1.31705e-06
-5.23205e-06
1.13917e-07
-9.99059e-07
1.30958e-06
-7.75911e-07
1.19632e-06
-2.13143e-06
2.79374e-06
-3.83844e-06
4.36921e-06
-5.74942e-06
5.89825e-06
-7.61899e-06
6.97741e-06
-9.22191e-06
7.30901e-06
-1.04538e-05
6.85688e-06
-1.13176e-05
5.79243e-06
-1.18645e-05
4.31904e-06
-1.21624e-05
2.5872e-06
-1.22926e-05
6.6199e-07
-1.22618e-05
-1.30554e-06
-1.20591e-05
-3.35285e-06
-1.16056e-05
-5.49394e-06
-1.07197e-05
-7.61023e-06
-9.12151e-06
-9.392e-06
-6.53279e-06
-1.01526e-05
-3.07056e-06
-8.69428e-06
-2.52004e-07
-3.81762e-06
1.05758e-06
-9.65052e-07
2.16137e-06
-2.50265e-06
4.33134e-06
-4.25236e-06
6.11892e-06
-6.02044e-06
7.66633e-06
-7.59298e-06
8.54995e-06
-8.82052e-06
8.53655e-06
-9.66915e-06
7.70551e-06
-1.01854e-05
6.30865e-06
-1.04508e-05
4.58447e-06
-1.05633e-05
2.69972e-06
-1.0643e-05
7.41666e-07
-1.07005e-05
-1.24805e-06
-1.0744e-05
-3.30931e-06
-1.07467e-05
-5.49131e-06
-1.05537e-05
-7.80317e-06
-9.83814e-06
-1.01076e-05
-8.11887e-06
-1.18719e-05
-5.01203e-06
-1.18011e-05
-1.10229e-06
-7.72737e-06
-4.47056e-08
-9.82356e-07
3.14373e-06
-2.48346e-06
5.83244e-06
-4.07217e-06
7.70763e-06
-5.55275e-06
9.1469e-06
-6.76528e-06
9.76248e-06
-7.62391e-06
9.39518e-06
-8.1394e-06
8.221e-06
-8.38336e-06
6.5526e-06
-8.45389e-06
4.655e-06
-8.45111e-06
2.69694e-06
-8.46608e-06
7.56635e-07
-8.53156e-06
-1.18257e-06
-8.66948e-06
-3.17139e-06
-8.89396e-06
-5.26683e-06
-9.14417e-06
-7.55297e-06
-9.1782e-06
-1.00735e-05
-8.47357e-06
-1.25765e-05
-6.29924e-06
-1.39754e-05
-2.30896e-06
-1.17177e-05
-2.35366e-06
-8.27887e-07
3.97162e-06
-2.12043e-06
7.12499e-06
-3.42904e-06
9.01623e-06
-4.57519e-06
1.02931e-05
-5.45088e-06
1.06382e-05
-6.01838e-06
9.96267e-06
-6.31388e-06
8.5165e-06
-6.41692e-06
6.65564e-06
-6.42152e-06
4.6596e-06
-6.40755e-06
2.68297e-06
-6.42092e-06
7.70005e-07
-6.48418e-06
-1.11932e-06
-6.62495e-06
-3.03062e-06
-6.8807e-06
-5.01108e-06
-7.26943e-06
-7.16424e-06
-7.68935e-06
-9.65361e-06
-7.71188e-06
-1.2554e-05
-6.51936e-06
-1.5168e-05
-3.42782e-06
-1.48092e-05
-5.78148e-06
-5.52174e-07
4.52379e-06
-1.5281e-06
8.10092e-06
-2.50662e-06
9.99475e-06
-3.32324e-06
1.11097e-05
-3.91468e-06
1.12296e-05
-4.27615e-06
1.03241e-05
-4.45273e-06
8.69308e-06
-4.51536e-06
6.71828e-06
-4.53698e-06
4.68122e-06
-4.56668e-06
2.71267e-06
-4.61978e-06
8.23109e-07
-4.70442e-06
-1.03469e-06
-4.83639e-06
-2.89864e-06
-5.05284e-06
-4.79463e-06
-5.41849e-06
-6.79859e-06
-5.94403e-06
-9.12807e-06
-6.38541e-06
-1.21126e-05
-5.98068e-06
-1.55727e-05
-3.80845e-06
-1.69814e-05
-9.58993e-06
-2.04218e-07
4.72801e-06
-8.10285e-07
8.70699e-06
-1.44544e-06
1.06299e-05
-1.9574e-06
1.16216e-05
-2.31223e-06
1.15845e-05
-2.52601e-06
1.05379e-05
-2.64091e-06
8.80798e-06
-2.70718e-06
6.78455e-06
-2.76909e-06
4.74313e-06
-2.85124e-06
2.79482e-06
-2.95679e-06
9.28663e-07
-3.0847e-06
-9.06784e-07
-3.23818e-06
-2.74516e-06
-3.43743e-06
-4.59538e-06
-3.7478e-06
-6.48822e-06
-4.26016e-06
-8.6157e-06
-4.9014e-06
-1.14714e-05
-5.03404e-06
-1.54401e-05
-3.49311e-06
-1.85224e-05
-1.3083e-05
1.45864e-07
4.58214e-06
-6.17714e-08
8.91462e-06
-3.71832e-07
1.094e-05
-6.08641e-07
1.18584e-05
-7.53595e-07
1.17294e-05
-8.34556e-07
1.06189e-05
-8.90336e-07
8.86376e-06
-9.54107e-07
6.84832e-06
-1.04222e-06
4.83125e-06
-1.16059e-06
2.91319e-06
-1.30891e-06
1.07698e-06
-1.48752e-06
-7.28183e-07
-1.69641e-06
-2.53627e-06
-1.93731e-06
-4.35448e-06
-2.25116e-06
-6.17437e-06
-2.74838e-06
-8.11849e-06
-3.4844e-06
-1.07353e-05
-3.98181e-06
-1.49426e-05
-2.99477e-06
-1.95094e-05
-1.60778e-05
4.38909e-07
4.14323e-06
6.2143e-07
8.7321e-06
6.69169e-07
1.08922e-05
7.18477e-07
1.18091e-05
7.83484e-07
1.16644e-05
8.32934e-07
1.05694e-05
8.40901e-07
8.8558e-06
7.97658e-07
6.89156e-06
7.05478e-07
4.92343e-06
5.71247e-07
3.04742e-06
3.94175e-07
1.25406e-06
1.69736e-07
-5.03744e-07
-1.0281e-07
-2.26372e-06
-4.35442e-07
-4.02184e-06
-8.36147e-07
-5.77366e-06
-1.36798e-06
-7.58665e-06
-2.18427e-06
-9.91906e-06
-2.95901e-06
-1.41679e-05
-2.46399e-06
-2.00044e-05
-1.85418e-05
6.53466e-07
3.48977e-06
1.1975e-06
8.18807e-06
1.57351e-06
1.05162e-05
1.91036e-06
1.14723e-05
2.21017e-06
1.13646e-05
2.42825e-06
1.03514e-05
2.54328e-06
8.74077e-06
2.56165e-06
6.87319e-06
2.50058e-06
4.9845e-06
2.37283e-06
3.17517e-06
2.17756e-06
1.44933e-06
1.90151e-06
-2.27699e-07
1.54557e-06
-1.90778e-06
1.10653e-06
-3.5828e-06
5.76443e-07
-5.24357e-06
-1.07811e-07
-6.90239e-06
-1.00017e-06
-9.0267e-06
-1.97841e-06
-1.31897e-05
-1.95334e-06
-2.00295e-05
-2.04951e-05
7.42784e-07
2.74698e-06
1.58601e-06
7.34484e-06
2.281e-06
9.82121e-06
2.91383e-06
1.08395e-05
3.4813e-06
1.07971e-05
3.92548e-06
9.90718e-06
4.2139e-06
8.45234e-06
4.35189e-06
6.7352e-06
4.36271e-06
4.97368e-06
4.26609e-06
3.27179e-06
4.06491e-06
1.65052e-06
3.74231e-06
9.48977e-08
3.30012e-06
-1.46559e-06
2.72818e-06
-3.01087e-06
2.02634e-06
-4.54173e-06
1.20618e-06
-6.08224e-06
1.60663e-07
-7.98118e-06
-1.06064e-06
-1.19684e-05
-1.47597e-06
-1.96141e-05
-2.19711e-05
6.78099e-07
2.06888e-06
1.68769e-06
6.33525e-06
2.64873e-06
8.86018e-06
3.58664e-06
9.90155e-06
4.46417e-06
9.91957e-06
5.20221e-06
9.16914e-06
5.74408e-06
7.91047e-06
6.0802e-06
6.39908e-06
6.22823e-06
4.82565e-06
6.20922e-06
3.29079e-06
6.02863e-06
1.83111e-06
5.68083e-06
4.42703e-07
5.14657e-06
-9.31326e-07
4.43155e-06
-2.29586e-06
3.53257e-06
-3.64274e-06
2.48137e-06
-5.03104e-06
1.22258e-06
-6.7224e-06
-2.57412e-07
-1.04884e-05
-9.89755e-07
-1.88818e-05
-2.29609e-05
4.75485e-07
1.5934e-06
1.49041e-06
5.32032e-06
2.70116e-06
7.64944e-06
3.96611e-06
8.6366e-06
5.19219e-06
8.69349e-06
6.27108e-06
8.09025e-06
7.1203e-06
7.06125e-06
7.71138e-06
5.80801e-06
8.04923e-06
4.4878e-06
8.15031e-06
3.18971e-06
8.0236e-06
1.95781e-06
7.67189e-06
7.94411e-07
7.05525e-06
-3.14687e-07
6.19689e-06
-1.43749e-06
5.08918e-06
-2.53504e-06
3.78273e-06
-3.72459e-06
2.32672e-06
-5.2664e-06
7.61704e-07
-8.92335e-06
-2.38413e-07
-1.78817e-05
-2.31993e-05
9.08125e-08
1.50259e-06
8.09699e-07
4.60144e-06
2.12604e-06
6.3331e-06
3.71166e-06
7.05097e-06
5.34166e-06
7.06349e-06
6.82974e-06
6.60217e-06
8.05846e-06
5.83254e-06
8.98242e-06
4.88405e-06
9.58604e-06
3.88417e-06
9.87874e-06
2.89702e-06
9.86403e-06
1.97252e-06
9.55192e-06
1.10652e-06
8.92074e-06
3.16498e-07
7.96627e-06
-4.83015e-07
6.71029e-06
-1.27906e-06
5.20354e-06
-2.21783e-06
3.60163e-06
-3.66449e-06
2.04722e-06
-7.36893e-06
5.76499e-07
-1.6411e-05
-2.26228e-05
-4.81078e-07
1.98366e-06
9.17596e-08
4.0286e-06
1.43054e-06
4.99432e-06
3.28418e-06
5.19733e-06
5.27608e-06
5.07159e-06
7.13038e-06
4.74787e-06
8.69892e-06
4.26401e-06
9.92679e-06
3.65617e-06
1.07832e-05
3.02772e-06
1.12809e-05
2.39934e-06
1.14222e-05
1.83129e-06
1.12304e-05
1.29829e-06
1.07174e-05
8.29457e-07
9.88475e-06
3.49652e-07
8.74721e-06
-1.41519e-07
7.35799e-06
-8.28612e-07
5.91135e-06
-2.21785e-06
4.25737e-06
-5.71496e-06
1.97145e-06
-1.4125e-05
-2.06513e-05
-4.14289e-06
6.12655e-06
-3.65494e-06
3.54065e-06
-1.41591e-06
2.75529e-06
1.1878e-06
2.59362e-06
3.74671e-06
2.51269e-06
6.13868e-06
2.3559e-06
8.25816e-06
2.14453e-06
1.00406e-05
1.87377e-06
1.14586e-05
1.60965e-06
1.25309e-05
1.32706e-06
1.32698e-05
1.09236e-06
1.37177e-05
8.50488e-07
1.387e-05
6.77102e-07
1.37496e-05
4.70093e-07
1.33254e-05
2.8262e-07
1.26137e-05
-1.16861e-07
1.16386e-05
-1.24272e-06
9.98293e-06
-4.05933e-06
5.58395e-06
-9.72606e-06
-1.50674e-05
6.12655e-06
9.6672e-06
1.24225e-05
1.50161e-05
1.75288e-05
1.98847e-05
2.20292e-05
2.3903e-05
2.55126e-05
2.68397e-05
2.79321e-05
2.87825e-05
2.94596e-05
2.99297e-05
3.02124e-05
3.00955e-05
2.88528e-05
2.47934e-05
1.50674e-05
)
;

boundaryField
{
    movingWall
    {
        type            calculated;
        value           uniform 0;
    }
    fixedWalls
    {
        type            calculated;
        value           uniform 0;
    }
    frontAndBack
    {
        type            empty;
        value           nonuniform List<scalar> 0();
    }
}


// ************************************************************************* //
