/*--------------------------------*- C++ -*----------------------------------*\
| =========                 |                                                 |
| \\      /  F ield         | OpenFOAM: The Open Source CFD Toolbox           |
|  \\    /   O peration     | Version:  2212                                  |
|   \\  /    A nd           | Website:  www.openfoam.com                      |
|    \\/     M anipulation  |                                                 |
\*---------------------------------------------------------------------------*/
FoamFile
{
    version     2.0;
    format      ascii;
    arch        "LSB;label=32;scalar=64";
    class       volScalarField;
    location    "2.4";
    object      T;
}
// * * * * * * * * * * * * * * * * * * * * * * * * * * * * * * * * * * * * * //

dimensions      [0 0 0 1 0 0 0];

internalField   nonuniform List<scalar> 
400
(
0.0930182
0.116748
0.16488
0.236852
0.324824
0.412141
0.481293
0.524544
0.546865
0.558553
0.565642
0.569867
0.571612
0.570115
0.564016
0.550275
0.523929
0.477163
0.412548
0.361779
0.116712
0.148545
0.211602
0.301469
0.401604
0.485183
0.536064
0.561622
0.576057
0.585902
0.593334
0.599347
0.603969
0.605944
0.602623
0.588905
0.557207
0.499575
0.42507
0.370652
0.157074
0.203856
0.289515
0.394165
0.487371
0.546143
0.574309
0.588219
0.59595
0.600646
0.605175
0.611358
0.619717
0.629336
0.636555
0.633867
0.608271
0.54365
0.448157
0.38701
0.202598
0.266443
0.370423
0.473319
0.543722
0.576108
0.585983
0.585745
0.58012
0.574283
0.572184
0.576867
0.589054
0.609045
0.633968
0.656485
0.660826
0.619853
0.509494
0.424225
0.244517
0.322677
0.435081
0.52389
0.567874
0.576691
0.567787
0.55007
0.530009
0.513994
0.505513
0.50761
0.520813
0.546776
0.58504
0.631864
0.675387
0.688101
0.61755
0.490796
0.278451
0.365748
0.477985
0.54795
0.567602
0.556094
0.53007
0.498412
0.469416
0.448139
0.436467
0.435899
0.446941
0.471799
0.512418
0.569305
0.637595
0.699938
0.709505
0.583974
0.303647
0.394855
0.501975
0.553798
0.553768
0.526671
0.488746
0.450111
0.418925
0.397681
0.386301
0.384427
0.392398
0.412509
0.448353
0.50363
0.578543
0.664548
0.734104
0.702283
0.320844
0.411769
0.512188
0.549784
0.535714
0.498218
0.453928
0.413826
0.38449
0.365866
0.356158
0.353737
0.358497
0.372529
0.400451
0.448892
0.522698
0.61781
0.714796
0.768901
0.331459
0.419307
0.513585
0.541975
0.519152
0.475785
0.429266
0.390662
0.364642
0.349266
0.341549
0.339216
0.341667
0.35028
0.369283
0.406959
0.473973
0.573209
0.684737
0.760288
0.33656
0.419579
0.509067
0.533481
0.506957
0.461327
0.414907
0.378574
0.355547
0.342767
0.336575
0.334487
0.335692
0.340974
0.353306
0.380154
0.435987
0.533908
0.660789
0.754319
0.337011
0.414257
0.500662
0.525868
0.499757
0.454421
0.40925
0.374871
0.353706
0.342343
0.336873
0.334775
0.335197
0.338614
0.34683
0.365133
0.408634
0.499917
0.636712
0.750547
0.333416
0.404446
0.488456
0.51824
0.496802
0.454358
0.411169
0.377955
0.357201
0.345918
0.340351
0.337988
0.337914
0.340441
0.346595
0.359181
0.391333
0.473784
0.618447
0.748713
0.325836
0.391017
0.473173
0.510243
0.496964
0.459699
0.419205
0.386672
0.36527
0.352981
0.346567
0.343613
0.343105
0.345128
0.350233
0.359321
0.381738
0.452987
0.60261
0.748956
0.313874
0.373834
0.453169
0.498556
0.49703
0.468444
0.432671
0.401421
0.379005
0.364876
0.356793
0.352689
0.351518
0.353002
0.35726
0.364035
0.379047
0.439286
0.591931
0.750864
0.297615
0.354524
0.430757
0.483236
0.494435
0.477015
0.448412
0.420313
0.398031
0.382488
0.372645
0.367024
0.36469
0.365044
0.367807
0.372391
0.381948
0.430996
0.584596
0.75457
0.27829
0.332108
0.403708
0.460779
0.485033
0.481764
0.464033
0.442337
0.42256
0.406942
0.39571
0.388225
0.383824
0.38187
0.382013
0.383763
0.389657
0.428381
0.582181
0.760126
0.261669
0.31392
0.379449
0.434765
0.466078
0.474874
0.469268
0.457079
0.443394
0.430838
0.420398
0.41213
0.405924
0.401318
0.398722
0.397841
0.402996
0.435532
0.588766
0.769579
0.249871
0.295246
0.356288
0.407698
0.441699
0.458856
0.463816
0.461087
0.454536
0.44641
0.438313
0.430762
0.424663
0.419615
0.41759
0.417529
0.42734
0.459451
0.606364
0.782009
0.169375
0.305248
0.33951
0.372745
0.395214
0.410634
0.420397
0.426931
0.43108
0.434864
0.438299
0.442451
0.447542
0.453042
0.461819
0.470414
0.491955
0.529996
0.651429
0.803232
0.407374
0.483406
0.529374
0.562329
0.586268
0.605453
0.620664
0.634414
0.64595
0.6574
0.667275
0.677719
0.686726
0.696671
0.705213
0.715594
0.725773
0.745877
0.780616
0.849655
)
;

boundaryField
{
    movingWall
    {
        type            fixedValue;
        value           uniform 1;
    }
    fixedWalls
    {
        type            zeroGradient;
    }
    frontAndBack
    {
        type            empty;
    }
}


// ************************************************************************* //
