/*--------------------------------*- C++ -*----------------------------------*\
| =========                 |                                                 |
| \\      /  F ield         | OpenFOAM: The Open Source CFD Toolbox           |
|  \\    /   O peration     | Version:  2212                                  |
|   \\  /    A nd           | Website:  www.openfoam.com                      |
|    \\/     M anipulation  |                                                 |
\*---------------------------------------------------------------------------*/
FoamFile
{
    version     2.0;
    format      ascii;
    arch        "LSB;label=32;scalar=64";
    class       volScalarField;
    location    "19.6";
    object      T;
}
// * * * * * * * * * * * * * * * * * * * * * * * * * * * * * * * * * * * * * //

dimensions      [0 0 0 1 0 0 0];

internalField   nonuniform List<scalar> 
400
(
0.984109
0.984441
0.985113
0.986107
0.987269
0.988333
0.9891
0.98955
0.989795
0.989962
0.990115
0.990273
0.990443
0.990618
0.990774
0.990864
0.990819
0.990563
0.990138
0.98979
0.984532
0.984938
0.985751
0.986917
0.988154
0.98907
0.989522
0.989681
0.989735
0.989775
0.98986
0.990022
0.990273
0.990599
0.990936
0.991182
0.991186
0.990832
0.990272
0.98987
0.985191
0.985737
0.986751
0.987973
0.988938
0.989348
0.989329
0.989126
0.988874
0.988683
0.98865
0.988842
0.989263
0.989898
0.990635
0.991305
0.991629
0.991328
0.990519
0.990018
0.985836
0.986528
0.987634
0.988625
0.989045
0.988848
0.988291
0.987584
0.986887
0.986371
0.986169
0.986393
0.987013
0.988043
0.989343
0.990711
0.991774
0.992044
0.99115
0.990362
0.986332
0.987106
0.988125
0.988671
0.988441
0.987585
0.98639
0.985074
0.983872
0.982995
0.982599
0.982813
0.983603
0.984997
0.986868
0.989014
0.99106
0.992426
0.992282
0.990999
0.986656
0.987425
0.988207
0.988207
0.987301
0.985765
0.983903
0.981991
0.980324
0.979128
0.97856
0.978724
0.979617
0.981254
0.983554
0.986341
0.989286
0.991844
0.99312
0.99193
0.986834
0.987517
0.987977
0.987421
0.985884
0.983716
0.981259
0.978859
0.976844
0.975435
0.974763
0.974882
0.975809
0.977549
0.98007
0.983268
0.986872
0.990379
0.992986
0.993267
0.986906
0.987464
0.987601
0.986557
0.984476
0.98177
0.978836
0.976082
0.973848
0.972331
0.971619
0.97172
0.972637
0.974369
0.976922
0.980285
0.984312
0.988551
0.992165
0.993982
0.986905
0.987331
0.987184
0.985749
0.983247
0.980139
0.976871
0.97389
0.97153
0.969963
0.969234
0.969328
0.970226
0.971908
0.974379
0.977697
0.981901
0.98669
0.991114
0.993655
0.98686
0.987177
0.986836
0.985158
0.982383
0.979009
0.975522
0.972394
0.969953
0.968342
0.967584
0.967656
0.968533
0.970173
0.972542
0.975701
0.979848
0.984969
0.990162
0.993406
0.986786
0.987028
0.98658
0.984785
0.981879
0.978383
0.974805
0.971615
0.969125
0.967465
0.966652
0.966671
0.967502
0.969096
0.971375
0.97434
0.978267
0.983479
0.989278
0.993248
0.986692
0.9869
0.986449
0.984696
0.981828
0.978357
0.974797
0.971605
0.969084
0.967364
0.966474
0.966409
0.967155
0.968663
0.970833
0.97359
0.977193
0.982301
0.98857
0.993161
0.986575
0.986785
0.9864
0.984804
0.98211
0.978804
0.975386
0.972288
0.9698
0.968059
0.967103
0.966936
0.967554
0.96891
0.970906
0.973422
0.97663
0.981438
0.988011
0.993152
0.986428
0.986674
0.986429
0.985116
0.982757
0.979772
0.976627
0.973722
0.971333
0.969603
0.96859
0.968296
0.968735
0.969863
0.971592
0.973788
0.976549
0.980938
0.987651
0.993205
0.986236
0.986536
0.986428
0.985424
0.983483
0.980942
0.97821
0.975639
0.973476
0.971856
0.970848
0.970451
0.970685
0.971518
0.972882
0.974684
0.976969
0.980794
0.987463
0.993322
0.986009
0.986377
0.986448
0.985806
0.984373
0.98239
0.980188
0.978061
0.976217
0.974778
0.97381
0.973324
0.973324
0.973805
0.974724
0.976039
0.977807
0.98095
0.987458
0.993506
0.985782
0.986145
0.986275
0.985895
0.984931
0.983539
0.981953
0.980385
0.978988
0.977856
0.97703
0.976536
0.976357
0.976513
0.977
0.977814
0.979116
0.981662
0.987839
0.993819
0.985622
0.986065
0.986331
0.986174
0.985629
0.984788
0.983788
0.982759
0.981795
0.98097
0.980308
0.97984
0.979563
0.979494
0.979678
0.980096
0.981053
0.983009
0.98855
0.994214
0.983449
0.985576
0.985565
0.985485
0.98519
0.9848
0.984355
0.983942
0.983562
0.983282
0.983077
0.982983
0.982988
0.983083
0.983342
0.983674
0.984526
0.98601
0.990211
0.994891
0.988376
0.98978
0.990531
0.990981
0.99122
0.99137
0.991447
0.991527
0.991582
0.99167
0.991748
0.991867
0.991977
0.992127
0.992272
0.992474
0.992732
0.993276
0.994362
0.996275
)
;

boundaryField
{
    movingWall
    {
        type            fixedValue;
        value           uniform 1;
    }
    fixedWalls
    {
        type            zeroGradient;
    }
    frontAndBack
    {
        type            empty;
    }
}


// ************************************************************************* //
