/*--------------------------------*- C++ -*----------------------------------*\
| =========                 |                                                 |
| \\      /  F ield         | OpenFOAM: The Open Source CFD Toolbox           |
|  \\    /   O peration     | Version:  2212                                  |
|   \\  /    A nd           | Website:  www.openfoam.com                      |
|    \\/     M anipulation  |                                                 |
\*---------------------------------------------------------------------------*/
FoamFile
{
    version     2.0;
    format      ascii;
    arch        "LSB;label=32;scalar=64";
    class       volScalarField;
    location    "18.1";
    object      T;
}
// * * * * * * * * * * * * * * * * * * * * * * * * * * * * * * * * * * * * * //

dimensions      [0 0 0 1 0 0 0];

internalField   nonuniform List<scalar> 
400
(
0.978803
0.979246
0.980144
0.981473
0.983026
0.984448
0.985473
0.986073
0.9864
0.986623
0.986827
0.987037
0.987263
0.987497
0.987704
0.987824
0.987763
0.987421
0.986854
0.98639
0.979368
0.979911
0.980998
0.982556
0.98421
0.985434
0.986037
0.986249
0.986321
0.986375
0.986488
0.986704
0.987038
0.987473
0.987921
0.988249
0.988253
0.98778
0.987033
0.986496
0.980249
0.980979
0.982334
0.983969
0.985258
0.985805
0.985781
0.985511
0.985175
0.98492
0.984876
0.985133
0.985693
0.98654
0.987521
0.988413
0.988843
0.988441
0.987362
0.986693
0.981112
0.982036
0.983516
0.98484
0.985401
0.985139
0.984399
0.983458
0.982528
0.981842
0.981573
0.981871
0.982696
0.984069
0.985801
0.987622
0.989038
0.989397
0.988203
0.987152
0.981775
0.98281
0.984172
0.984903
0.984598
0.983459
0.981867
0.980114
0.978513
0.977344
0.976817
0.977102
0.978155
0.980011
0.982504
0.985363
0.988088
0.989906
0.989713
0.988002
0.98221
0.983238
0.984284
0.984286
0.983081
0.981034
0.978554
0.976008
0.973788
0.972194
0.971437
0.971656
0.972845
0.975026
0.978089
0.981802
0.985724
0.989132
0.990832
0.989244
0.982448
0.983361
0.983978
0.983239
0.981192
0.978305
0.975033
0.971836
0.969153
0.967276
0.966381
0.96654
0.967773
0.97009
0.973449
0.977708
0.982509
0.987181
0.990653
0.991027
0.982544
0.983292
0.983478
0.982088
0.979317
0.975712
0.971805
0.968137
0.965162
0.963142
0.962194
0.962328
0.96355
0.965856
0.969256
0.973735
0.979099
0.984745
0.98956
0.991981
0.982544
0.983115
0.982923
0.981013
0.97768
0.97354
0.969188
0.965217
0.962076
0.959988
0.959018
0.959142
0.960338
0.962578
0.965869
0.970288
0.975888
0.982267
0.98816
0.991545
0.982485
0.982911
0.98246
0.980225
0.97653
0.972035
0.967392
0.963226
0.959975
0.95783
0.956821
0.956917
0.958084
0.960268
0.963423
0.967629
0.973153
0.979975
0.986892
0.991214
0.982386
0.982712
0.982118
0.979728
0.975859
0.971202
0.966437
0.962188
0.958873
0.956662
0.955579
0.955605
0.956711
0.958833
0.961869
0.965817
0.971047
0.977989
0.985714
0.991003
0.982261
0.982541
0.981944
0.97961
0.97579
0.971167
0.966425
0.962175
0.958817
0.956528
0.955343
0.955256
0.956249
0.958257
0.961147
0.964818
0.969617
0.976419
0.98477
0.990888
0.982105
0.982387
0.981878
0.979753
0.976166
0.971763
0.96721
0.963084
0.959771
0.957452
0.95618
0.955958
0.95678
0.958587
0.961245
0.964595
0.968866
0.975271
0.984027
0.990875
0.981909
0.982239
0.981916
0.980168
0.977027
0.973052
0.968863
0.964994
0.961812
0.959508
0.958159
0.957769
0.958353
0.959855
0.962158
0.965082
0.968759
0.974604
0.983546
0.990945
0.981653
0.982055
0.981914
0.980579
0.977995
0.97461
0.970971
0.967548
0.964666
0.962509
0.961166
0.960638
0.96095
0.96206
0.963876
0.966276
0.969319
0.974412
0.983297
0.991101
0.98135
0.981842
0.98194
0.981086
0.979179
0.976538
0.973606
0.970773
0.968317
0.966401
0.965112
0.964464
0.964464
0.965104
0.966329
0.96808
0.970434
0.974621
0.98329
0.991346
0.981048
0.981532
0.981708
0.981204
0.979921
0.978069
0.975956
0.973868
0.972007
0.9705
0.9694
0.968742
0.968504
0.968711
0.96936
0.970443
0.972178
0.975568
0.983796
0.991764
0.980834
0.981426
0.981783
0.981576
0.98085
0.979731
0.9784
0.977029
0.975746
0.974647
0.973765
0.973142
0.972773
0.972681
0.972926
0.973483
0.974757
0.977362
0.984744
0.99229
0.97794
0.980776
0.980762
0.980656
0.980265
0.979745
0.979153
0.978603
0.978098
0.977725
0.977452
0.977328
0.977334
0.97746
0.977806
0.978248
0.979383
0.98136
0.986956
0.993192
0.984506
0.986378
0.98738
0.987979
0.988299
0.988498
0.988602
0.988708
0.988782
0.9889
0.989004
0.989162
0.989309
0.989509
0.989703
0.989971
0.990315
0.99104
0.992488
0.995036
)
;

boundaryField
{
    movingWall
    {
        type            fixedValue;
        value           uniform 1;
    }
    fixedWalls
    {
        type            zeroGradient;
    }
    frontAndBack
    {
        type            empty;
    }
}


// ************************************************************************* //
