/*--------------------------------*- C++ -*----------------------------------*\
| =========                 |                                                 |
| \\      /  F ield         | OpenFOAM: The Open Source CFD Toolbox           |
|  \\    /   O peration     | Version:  2212                                  |
|   \\  /    A nd           | Website:  www.openfoam.com                      |
|    \\/     M anipulation  |                                                 |
\*---------------------------------------------------------------------------*/
FoamFile
{
    version     2.0;
    format      ascii;
    arch        "LSB;label=32;scalar=64";
    class       volScalarField;
    location    "14.1";
    object      p;
}
// * * * * * * * * * * * * * * * * * * * * * * * * * * * * * * * * * * * * * //

dimensions      [0 2 -2 0 0 0 0];

internalField   nonuniform List<scalar> 
400
(
1.97251e-07
-0.000150824
-0.000534909
-0.00107211
-0.00173284
-0.00249433
-0.00318546
-0.00359804
-0.00356581
-0.00293454
-0.00154898
0.000618983
0.00324921
0.00551372
0.00653339
0.00592249
0.00400166
0.00214922
0.00111021
0.00104116
0.000116061
-5.83572e-05
-0.000377304
-0.00076448
-0.0012444
-0.00188853
-0.00270666
-0.003544
-0.00408049
-0.00393891
-0.00284691
-0.000825307
0.00168897
0.00396054
0.00512432
0.00474269
0.00310256
0.00137431
0.00059272
0.000683765
0.000536178
0.000264707
-7.75869e-05
-0.000559947
-0.00134766
-0.00258107
-0.00421965
-0.00598435
-0.00740317
-0.00794449
-0.00726479
-0.00546256
-0.00289218
-0.000195146
0.00179126
0.00242726
0.00170831
0.000501607
-0.000396585
-0.000393293
0.00115169
0.000741005
0.000191613
-0.000775131
-0.00245154
-0.00493835
-0.00799577
-0.0111212
-0.0137041
-0.0151777
-0.0152075
-0.0138406
-0.0112943
-0.00802973
-0.00475289
-0.00221039
-0.000871072
-0.000706915
-0.00128953
-0.00191885
0.0015831
0.000973488
-2.31464e-05
-0.00192446
-0.00500716
-0.00918071
-0.0139144
-0.0184806
-0.022217
-0.0246537
-0.0255294
-0.0247236
-0.0223642
-0.0187442
-0.0143053
-0.0096564
-0.00559281
-0.00294961
-0.00219396
-0.00401869
0.00129315
0.0004448
-0.00119764
-0.00430481
-0.00900561
-0.0148813
-0.0210736
-0.0267161
-0.0311922
-0.0341795
-0.0355463
-0.0351903
-0.0331977
-0.0297194
-0.0249001
-0.0189616
-0.012506
-0.00694905
-0.00440159
-0.0065249
-4.8524e-05
-0.0011478
-0.00349978
-0.00779732
-0.0139332
-0.0211152
-0.0282371
-0.0344087
-0.0391297
-0.0422331
-0.0437208
-0.0436114
-0.0419736
-0.0388795
-0.0343116
-0.0281578
-0.0205397
-0.0127035
-0.00785546
-0.00774865
-0.00245071
-0.00374245
-0.00669897
-0.0119139
-0.0190406
-0.0269827
-0.0345051
-0.0407803
-0.0454519
-0.0484782
-0.0499409
-0.0499322
-0.0485314
-0.0457893
-0.0416631
-0.0359274
-0.0283263
-0.0193717
-0.0118229
-0.00798116
-0.00553791
-0.00691552
-0.0102641
-0.0160225
-0.0236589
-0.0318904
-0.0394524
-0.0456141
-0.0501387
-0.0530589
-0.0544881
-0.0545282
-0.0532539
-0.0507268
-0.046963
-0.0418128
-0.0348686
-0.0259483
-0.0167098
-0.00999514
-0.00873405
-0.0100862
-0.0135981
-0.0195428
-0.0272872
-0.0354881
-0.0429132
-0.048911
-0.0533108
-0.0561689
-0.0575928
-0.0576641
-0.0564456
-0.0540124
-0.0504522
-0.0457613
-0.0396349
-0.0315247
-0.0223219
-0.0143405
-0.0115044
-0.0127583
-0.0162197
-0.0220549
-0.0296078
-0.0375895
-0.0448275
-0.0507005
-0.055044
-0.0578956
-0.0593379
-0.0594295
-0.0582201
-0.0557901
-0.0522879
-0.0478532
-0.0424319
-0.0353833
-0.0271986
-0.0191799
-0.0135496
-0.014619
-0.0178563
-0.0233159
-0.0304316
-0.0380636
-0.0451187
-0.0509508
-0.0553302
-0.0582417
-0.0597294
-0.0598318
-0.0585897
-0.0560842
-0.0525165
-0.0481389
-0.0432076
-0.037057
-0.0300325
-0.0224178
-0.0148377
-0.0155681
-0.0183522
-0.0232106
-0.0296939
-0.0368795
-0.0437654
-0.0496411
-0.0541559
-0.0572021
-0.0587712
-0.0588783
-0.0575589
-0.0549168
-0.051178
-0.0466565
-0.041966
-0.0363006
-0.0302266
-0.0228964
-0.015468
-0.0157223
-0.0177775
-0.0217466
-0.02739
-0.0340321
-0.0407511
-0.0467412
-0.0514937
-0.0547691
-0.0564831
-0.0566241
-0.0552024
-0.0523537
-0.0483468
-0.0435823
-0.0387311
-0.0331418
-0.0281
-0.0202796
-0.0155746
-0.0152984
-0.0163382
-0.019088
-0.0236533
-0.0296345
-0.036172
-0.0423364
-0.0474283
-0.0510402
-0.0529809
-0.0531842
-0.0516916
-0.048592
-0.0442272
-0.0390542
-0.0337821
-0.0280718
-0.0242317
-0.0143852
-0.015277
-0.0145503
-0.0142609
-0.0154261
-0.018685
-0.0238949
-0.0302317
-0.0366151
-0.0421383
-0.0462018
-0.04849
-0.048867
-0.0473537
-0.0440214
-0.0392493
-0.0335192
-0.0276414
-0.0216294
-0.0180536
-0.00383302
-0.0146622
-0.0136183
-0.011707
-0.0110812
-0.0129538
-0.0173805
-0.0235343
-0.0301707
-0.0361937
-0.040812
-0.0435792
-0.0442622
-0.0428511
-0.0393768
-0.0341855
-0.0276899
-0.0206823
-0.0132762
-0.00678576
0.0160529
-0.0145833
-0.0126573
-0.00864858
-0.00623472
-0.00691018
-0.010746
-0.0168181
-0.0237402
-0.0302989
-0.0355396
-0.038904
-0.0400355
-0.0388779
-0.0354483
-0.0298961
-0.0222759
-0.0128726
-0.000688106
0.0166951
0.0570639
-0.0117947
-0.0118308
-0.0057262
-0.0017751
-0.00176508
-0.00540484
-0.0115753
-0.0188151
-0.0258758
-0.0316878
-0.0356627
-0.0373622
-0.0366856
-0.0333556
-0.0272244
-0.0175416
-0.00314822
0.0204904
0.0607045
0.129821
-0.029517
-0.0106298
-0.000608955
0.00308074
0.00244817
-0.0015571
-0.00799959
-0.0155536
-0.0229764
-0.0291741
-0.0335322
-0.0355883
-0.0352015
-0.031956
-0.0252278
-0.0128601
0.00942263
0.0511716
0.122878
0.226076
)
;

boundaryField
{
    movingWall
    {
        type            zeroGradient;
    }
    fixedWalls
    {
        type            zeroGradient;
    }
    frontAndBack
    {
        type            empty;
    }
}


// ************************************************************************* //
