/*--------------------------------*- C++ -*----------------------------------*\
| =========                 |                                                 |
| \\      /  F ield         | OpenFOAM: The Open Source CFD Toolbox           |
|  \\    /   O peration     | Version:  2212                                  |
|   \\  /    A nd           | Website:  www.openfoam.com                      |
|    \\/     M anipulation  |                                                 |
\*---------------------------------------------------------------------------*/
FoamFile
{
    version     2.0;
    format      ascii;
    arch        "LSB;label=32;scalar=64";
    class       volScalarField;
    location    "14.1";
    object      T;
}
// * * * * * * * * * * * * * * * * * * * * * * * * * * * * * * * * * * * * * //

dimensions      [0 0 0 1 0 0 0];

internalField   nonuniform List<scalar> 
400
(
0.953881
0.954864
0.956862
0.95982
0.963269
0.966416
0.968671
0.969983
0.970691
0.971173
0.97161
0.972062
0.972547
0.973046
0.973485
0.973736
0.973594
0.97284
0.971595
0.970575
0.95514
0.956346
0.958764
0.962225
0.965888
0.968588
0.96991
0.970374
0.970533
0.970653
0.970898
0.971363
0.97208
0.97301
0.973966
0.97466
0.974654
0.973615
0.971981
0.970804
0.957107
0.958728
0.961736
0.965358
0.968209
0.969419
0.969378
0.968806
0.96809
0.967548
0.967456
0.968008
0.96921
0.971026
0.973127
0.975033
0.97594
0.975046
0.97269
0.97123
0.959034
0.961084
0.964363
0.9673
0.968555
0.968007
0.966426
0.964412
0.962422
0.96095
0.960375
0.961014
0.962787
0.965732
0.969448
0.973355
0.976384
0.977128
0.974518
0.972225
0.960517
0.962812
0.965836
0.967475
0.966847
0.964409
0.960999
0.957242
0.953808
0.951302
0.95017
0.950783
0.95304
0.957024
0.962373
0.968511
0.97436
0.978255
0.977802
0.974074
0.961493
0.963776
0.966115
0.966171
0.963598
0.959211
0.953894
0.948433
0.943672
0.940255
0.938633
0.9391
0.94165
0.946327
0.952896
0.960864
0.969287
0.976606
0.980245
0.976778
0.962034
0.964072
0.965482
0.963935
0.95955
0.953359
0.946343
0.939488
0.933737
0.929716
0.927798
0.928137
0.93078
0.935744
0.942945
0.952078
0.962381
0.972416
0.979877
0.980658
0.962262
0.963942
0.964422
0.961469
0.955528
0.9478
0.939422
0.931561
0.925187
0.920862
0.91883
0.919118
0.921732
0.926671
0.933954
0.943556
0.955063
0.967183
0.97753
0.982735
0.962276
0.963574
0.963236
0.959165
0.952018
0.943143
0.933815
0.925307
0.918579
0.91411
0.912032
0.912298
0.914858
0.919652
0.926698
0.936167
0.948172
0.961862
0.974519
0.981797
0.962158
0.963138
0.962244
0.957474
0.949551
0.939917
0.929966
0.921043
0.914082
0.909492
0.907331
0.907537
0.910034
0.914707
0.92146
0.930468
0.942307
0.956941
0.971796
0.981087
0.961952
0.962712
0.961508
0.956407
0.948113
0.938132
0.927921
0.918821
0.911723
0.906992
0.904675
0.90473
0.907098
0.911637
0.918133
0.926587
0.937791
0.952678
0.969265
0.980634
0.961684
0.962341
0.961127
0.956152
0.947964
0.938055
0.927896
0.918792
0.911605
0.906706
0.904171
0.903985
0.906108
0.910404
0.916589
0.924446
0.934724
0.94931
0.967239
0.980386
0.96135
0.962004
0.960978
0.956454
0.94877
0.939333
0.929577
0.920741
0.913648
0.908685
0.905962
0.905487
0.907245
0.911111
0.916799
0.923969
0.933116
0.946844
0.96564
0.980359
0.960927
0.961677
0.961045
0.957336
0.950614
0.942094
0.933118
0.924831
0.918017
0.913085
0.910198
0.909362
0.910611
0.913825
0.918754
0.925013
0.932886
0.945412
0.964608
0.98051
0.960372
0.961271
0.961028
0.958206
0.952683
0.945432
0.937635
0.930301
0.924129
0.91951
0.916635
0.915502
0.91617
0.918546
0.922433
0.92757
0.934083
0.944998
0.964071
0.980845
0.959716
0.960803
0.961065
0.959279
0.955212
0.94956
0.94328
0.93721
0.931949
0.927844
0.925082
0.923694
0.923695
0.925065
0.927685
0.931433
0.936472
0.945443
0.964055
0.981373
0.959062
0.960132
0.960554
0.959515
0.956791
0.952834
0.948312
0.94384
0.939853
0.936623
0.934267
0.932856
0.932345
0.932788
0.934177
0.936495
0.940208
0.947473
0.965142
0.982271
0.9586
0.959892
0.960698
0.960292
0.958763
0.956381
0.953537
0.950605
0.947858
0.945503
0.943614
0.942279
0.941486
0.941289
0.941812
0.943005
0.945735
0.951321
0.967177
0.983402
0.952374
0.958517
0.958512
0.958308
0.957486
0.956385
0.955125
0.953953
0.952875
0.95208
0.951498
0.951234
0.95125
0.951525
0.952268
0.95322
0.955658
0.959904
0.971931
0.985341
0.966547
0.970593
0.97276
0.974061
0.974758
0.975196
0.975427
0.975661
0.975826
0.976084
0.976313
0.976656
0.976976
0.97741
0.977828
0.978409
0.979149
0.980711
0.983823
0.989307
)
;

boundaryField
{
    movingWall
    {
        type            fixedValue;
        value           uniform 1;
    }
    fixedWalls
    {
        type            zeroGradient;
    }
    frontAndBack
    {
        type            empty;
    }
}


// ************************************************************************* //
