/*--------------------------------*- C++ -*----------------------------------*\
| =========                 |                                                 |
| \\      /  F ield         | OpenFOAM: The Open Source CFD Toolbox           |
|  \\    /   O peration     | Version:  2212                                  |
|   \\  /    A nd           | Website:  www.openfoam.com                      |
|    \\/     M anipulation  |                                                 |
\*---------------------------------------------------------------------------*/
FoamFile
{
    version     2.0;
    format      ascii;
    arch        "LSB;label=32;scalar=64";
    class       volScalarField;
    location    "16.7";
    object      T;
}
// * * * * * * * * * * * * * * * * * * * * * * * * * * * * * * * * * * * * * //

dimensions      [0 0 0 1 0 0 0];

internalField   nonuniform List<scalar> 
400
(
0.972233
0.972815
0.973996
0.975745
0.977787
0.979656
0.981001
0.981788
0.982216
0.982508
0.982773
0.983049
0.983344
0.983649
0.983919
0.984075
0.983995
0.983545
0.982801
0.982192
0.972976
0.97369
0.97512
0.977169
0.979342
0.98095
0.981741
0.982019
0.982113
0.982185
0.982332
0.982615
0.983052
0.983619
0.984204
0.984631
0.984635
0.984015
0.983035
0.982331
0.974135
0.975096
0.976878
0.979026
0.980719
0.981438
0.981408
0.981056
0.980618
0.980286
0.980229
0.980564
0.981296
0.982402
0.983683
0.984848
0.985409
0.98488
0.983465
0.982588
0.975271
0.976487
0.978432
0.980172
0.980912
0.980571
0.979604
0.978375
0.977161
0.976264
0.975913
0.976302
0.977381
0.979175
0.981437
0.983817
0.985666
0.986132
0.984567
0.983189
0.976145
0.977506
0.979296
0.980259
0.979864
0.978375
0.976296
0.974007
0.971914
0.970388
0.969698
0.970072
0.971446
0.973872
0.977129
0.980865
0.984426
0.986802
0.986545
0.984302
0.976717
0.978069
0.979446
0.979455
0.977882
0.975208
0.971967
0.968641
0.96574
0.963658
0.96267
0.962955
0.964509
0.967359
0.97136
0.976211
0.981338
0.985791
0.988011
0.98593
0.977032
0.978234
0.979049
0.978088
0.975415
0.971643
0.967367
0.963191
0.959685
0.957234
0.956065
0.956272
0.957883
0.96091
0.965298
0.970862
0.977135
0.983241
0.98778
0.988266
0.97716
0.978146
0.978397
0.976585
0.972964
0.968255
0.96315
0.958359
0.954472
0.951834
0.950595
0.950771
0.952366
0.955378
0.959819
0.965671
0.97268
0.980058
0.986351
0.989515
0.977162
0.977916
0.977673
0.97518
0.970826
0.965417
0.959732
0.954545
0.950441
0.947715
0.946447
0.94661
0.948172
0.951097
0.955395
0.961169
0.968484
0.97682
0.984521
0.988945
0.977085
0.977649
0.977068
0.974151
0.969323
0.963451
0.957386
0.951944
0.947698
0.944896
0.943578
0.943703
0.945228
0.948079
0.952201
0.957695
0.964911
0.973824
0.982864
0.988513
0.976957
0.977389
0.976621
0.973501
0.968446
0.962363
0.956138
0.950588
0.946258
0.943371
0.941956
0.94199
0.943435
0.946206
0.950171
0.955328
0.962159
0.971229
0.981324
0.988238
0.976793
0.977166
0.976392
0.973347
0.968356
0.962317
0.956123
0.950571
0.946186
0.943195
0.941648
0.941535
0.942831
0.945453
0.949228
0.954022
0.960291
0.969178
0.980091
0.988087
0.976589
0.976964
0.976306
0.973533
0.968848
0.963095
0.957148
0.951759
0.947432
0.944403
0.942741
0.942451
0.943524
0.945884
0.949356
0.953731
0.95931
0.967678
0.979119
0.98807
0.976333
0.976769
0.976353
0.974075
0.969973
0.964779
0.959307
0.954254
0.950098
0.947088
0.945326
0.944816
0.945579
0.94754
0.950548
0.954367
0.959171
0.966806
0.978491
0.988162
0.975998
0.976527
0.97635
0.97461
0.971236
0.966814
0.962061
0.957589
0.953825
0.951008
0.949254
0.948563
0.948971
0.95042
0.952792
0.955927
0.959901
0.966555
0.978165
0.988366
0.975601
0.976248
0.976382
0.975271
0.972782
0.969332
0.965503
0.961802
0.958594
0.956091
0.954407
0.95356
0.953561
0.954397
0.955996
0.958283
0.961358
0.966827
0.978156
0.988686
0.975206
0.975843
0.976077
0.975423
0.97375
0.971332
0.968572
0.965845
0.963415
0.961445
0.960009
0.959148
0.958837
0.959108
0.959955
0.96137
0.963636
0.968065
0.978818
0.989232
0.974927
0.975702
0.976173
0.975906
0.974962
0.973502
0.971763
0.969973
0.968298
0.966862
0.96571
0.964896
0.964413
0.964293
0.964613
0.965341
0.967005
0.970409
0.980056
0.98992
0.971143
0.974855
0.97484
0.974704
0.974194
0.973517
0.972745
0.972027
0.971368
0.970881
0.970524
0.970362
0.97037
0.970536
0.970988
0.971566
0.973049
0.975633
0.982948
0.991099
0.979732
0.982182
0.983492
0.984277
0.984696
0.984957
0.985094
0.985233
0.985331
0.985485
0.985622
0.985829
0.986021
0.986283
0.986537
0.986888
0.987338
0.988286
0.990178
0.993509
)
;

boundaryField
{
    movingWall
    {
        type            fixedValue;
        value           uniform 1;
    }
    fixedWalls
    {
        type            zeroGradient;
    }
    frontAndBack
    {
        type            empty;
    }
}


// ************************************************************************* //
