/*--------------------------------*- C++ -*----------------------------------*\
| =========                 |                                                 |
| \\      /  F ield         | OpenFOAM: The Open Source CFD Toolbox           |
|  \\    /   O peration     | Version:  2212                                  |
|   \\  /    A nd           | Website:  www.openfoam.com                      |
|    \\/     M anipulation  |                                                 |
\*---------------------------------------------------------------------------*/
FoamFile
{
    version     2.0;
    format      ascii;
    arch        "LSB;label=32;scalar=64";
    class       volScalarField;
    location    "18.5";
    object      T;
}
// * * * * * * * * * * * * * * * * * * * * * * * * * * * * * * * * * * * * * //

dimensions      [0 0 0 1 0 0 0];

internalField   nonuniform List<scalar> 
400
(
0.980372
0.980782
0.981613
0.982843
0.98428
0.985596
0.986544
0.9871
0.987403
0.98761
0.987798
0.987993
0.988203
0.988419
0.988611
0.988722
0.988666
0.98835
0.987825
0.987395
0.980895
0.981397
0.982403
0.983845
0.985375
0.986508
0.987067
0.987263
0.987329
0.987379
0.987484
0.987684
0.987994
0.988397
0.988811
0.989115
0.989119
0.988682
0.98799
0.987493
0.98171
0.982386
0.98364
0.985152
0.986345
0.986851
0.986829
0.986579
0.986267
0.986031
0.985991
0.986228
0.986747
0.987532
0.988441
0.989267
0.989666
0.989294
0.988295
0.987675
0.982508
0.983364
0.984733
0.985958
0.986478
0.986235
0.985549
0.984676
0.983816
0.983179
0.982931
0.983206
0.983971
0.985243
0.986847
0.988534
0.989846
0.990179
0.989074
0.9881
0.983122
0.98408
0.98534
0.986016
0.985733
0.984677
0.983203
0.981579
0.980095
0.979013
0.978524
0.978789
0.979764
0.981484
0.983792
0.986441
0.988965
0.990651
0.990472
0.988887
0.983524
0.984475
0.985443
0.985444
0.984327
0.982431
0.980133
0.977775
0.975718
0.974242
0.97354
0.973743
0.974845
0.976865
0.979703
0.983142
0.986776
0.989933
0.991508
0.990038
0.983744
0.984589
0.985159
0.984474
0.982578
0.979903
0.976871
0.97391
0.971424
0.969685
0.968856
0.969003
0.970146
0.972293
0.975405
0.97935
0.983797
0.988125
0.991342
0.991689
0.983833
0.984525
0.984696
0.983408
0.98084
0.977501
0.973881
0.970483
0.967727
0.965856
0.964977
0.965101
0.966233
0.968369
0.971519
0.975669
0.980639
0.985869
0.99033
0.992572
0.983833
0.984361
0.984181
0.982412
0.979324
0.975489
0.971457
0.967778
0.964867
0.962934
0.962034
0.96215
0.963258
0.965333
0.968381
0.972476
0.977664
0.983573
0.989032
0.992168
0.983778
0.984171
0.983753
0.981682
0.978258
0.974095
0.969793
0.965933
0.962921
0.960934
0.959999
0.960088
0.961169
0.963192
0.966115
0.970012
0.97513
0.98145
0.987858
0.991862
0.983687
0.983987
0.983436
0.981221
0.977637
0.973323
0.968908
0.964972
0.9619
0.959852
0.958848
0.958872
0.959897
0.961863
0.964676
0.968334
0.973179
0.97961
0.986767
0.991666
0.98357
0.983829
0.983274
0.981112
0.977573
0.97329
0.968897
0.964959
0.961848
0.959727
0.958629
0.958549
0.959469
0.961329
0.964007
0.967408
0.971854
0.978156
0.985892
0.991559
0.983426
0.983686
0.983214
0.981245
0.977922
0.973842
0.969624
0.965802
0.962733
0.960584
0.959405
0.959199
0.959961
0.961635
0.964097
0.967201
0.971159
0.977092
0.985203
0.991548
0.983244
0.983549
0.983249
0.981629
0.97872
0.975036
0.971156
0.967572
0.964624
0.962489
0.961239
0.960877
0.961418
0.96281
0.964943
0.967652
0.97106
0.976475
0.984758
0.991613
0.983007
0.983379
0.983248
0.98201
0.979616
0.97648
0.973109
0.969937
0.967268
0.965269
0.964025
0.963535
0.963824
0.964853
0.966535
0.968759
0.971578
0.976297
0.984527
0.991757
0.982726
0.983182
0.983272
0.982481
0.980713
0.978266
0.97555
0.972925
0.97065
0.968875
0.96768
0.96708
0.967081
0.967673
0.968808
0.97043
0.972611
0.97649
0.984521
0.991984
0.982447
0.982895
0.983057
0.982589
0.981401
0.979684
0.977727
0.975793
0.974069
0.972672
0.971653
0.971043
0.970823
0.971015
0.971616
0.97262
0.974227
0.977368
0.98499
0.992371
0.982249
0.982796
0.983127
0.982934
0.982262
0.981225
0.979991
0.978721
0.977533
0.976514
0.975697
0.97512
0.974778
0.974693
0.974919
0.975436
0.976616
0.97903
0.985868
0.992858
0.979567
0.982194
0.982181
0.982082
0.98172
0.981238
0.98069
0.98018
0.979712
0.979367
0.979113
0.978998
0.979003
0.979121
0.979441
0.979851
0.980902
0.982733
0.987918
0.993694
0.98565
0.987384
0.988311
0.988866
0.989162
0.989346
0.989442
0.989541
0.989609
0.989718
0.989815
0.989961
0.990097
0.990283
0.990462
0.990711
0.991029
0.991701
0.993042
0.995402
)
;

boundaryField
{
    movingWall
    {
        type            fixedValue;
        value           uniform 1;
    }
    fixedWalls
    {
        type            zeroGradient;
    }
    frontAndBack
    {
        type            empty;
    }
}


// ************************************************************************* //
