/*--------------------------------*- C++ -*----------------------------------*\
| =========                 |                                                 |
| \\      /  F ield         | OpenFOAM: The Open Source CFD Toolbox           |
|  \\    /   O peration     | Version:  2212                                  |
|   \\  /    A nd           | Website:  www.openfoam.com                      |
|    \\/     M anipulation  |                                                 |
\*---------------------------------------------------------------------------*/
FoamFile
{
    version     2.0;
    format      ascii;
    arch        "LSB;label=32;scalar=64";
    class       volScalarField;
    location    "18.9";
    object      T;
}
// * * * * * * * * * * * * * * * * * * * * * * * * * * * * * * * * * * * * * //

dimensions      [0 0 0 1 0 0 0];

internalField   nonuniform List<scalar> 
400
(
0.981824
0.982204
0.982973
0.984111
0.985441
0.986659
0.987536
0.988051
0.988332
0.988523
0.988697
0.988878
0.989072
0.989273
0.98945
0.989554
0.989502
0.989209
0.988723
0.988325
0.982308
0.982773
0.983704
0.985038
0.986454
0.987503
0.98802
0.988202
0.988263
0.98831
0.988406
0.988592
0.988879
0.989252
0.989636
0.989918
0.989922
0.989517
0.988876
0.988416
0.983062
0.983688
0.984848
0.986248
0.987352
0.987821
0.9878
0.987568
0.987279
0.987061
0.987023
0.987243
0.987724
0.988451
0.989292
0.990058
0.990428
0.990084
0.989158
0.988585
0.983801
0.984593
0.98586
0.986994
0.987474
0.987249
0.986613
0.985805
0.985008
0.984418
0.984188
0.984443
0.985152
0.98633
0.987816
0.989379
0.990595
0.990903
0.98988
0.988978
0.984369
0.985255
0.986421
0.987046
0.986784
0.985806
0.98444
0.982936
0.981561
0.980559
0.980106
0.980351
0.981254
0.982847
0.984986
0.98744
0.989779
0.99134
0.991175
0.989707
0.984741
0.985621
0.986516
0.986517
0.985482
0.983725
0.981596
0.979411
0.977506
0.976138
0.975489
0.975676
0.976697
0.978569
0.981198
0.984384
0.98775
0.990675
0.992134
0.990773
0.984944
0.985726
0.986253
0.985618
0.983861
0.981383
0.978575
0.975831
0.973528
0.971917
0.971149
0.971285
0.972344
0.974333
0.977216
0.980871
0.984991
0.989
0.99198
0.992302
0.985026
0.985666
0.985824
0.98463
0.982251
0.979158
0.975804
0.972656
0.970103
0.968369
0.967555
0.967671
0.968719
0.970698
0.973616
0.977461
0.982065
0.98691
0.991042
0.993119
0.985026
0.985514
0.985347
0.983707
0.980847
0.977294
0.973558
0.97015
0.967454
0.965662
0.964829
0.964936
0.965962
0.967885
0.970709
0.974503
0.979309
0.984783
0.989841
0.992745
0.984975
0.985338
0.98495
0.983031
0.97986
0.976002
0.972017
0.968441
0.965651
0.96381
0.962943
0.963025
0.964027
0.965902
0.96861
0.972221
0.976962
0.982816
0.988752
0.992461
0.98489
0.985168
0.984657
0.982605
0.979284
0.975287
0.971197
0.96755
0.964704
0.962807
0.961877
0.961899
0.962849
0.964671
0.967276
0.970665
0.975154
0.981112
0.987742
0.99228
0.984782
0.985022
0.984507
0.982504
0.979224
0.975257
0.971187
0.967539
0.964657
0.962692
0.961674
0.9616
0.962452
0.964176
0.966656
0.969807
0.973926
0.979765
0.986932
0.992181
0.984649
0.984889
0.984451
0.982626
0.979548
0.975768
0.971861
0.968319
0.965476
0.963485
0.962393
0.962202
0.962908
0.964459
0.96674
0.969616
0.973283
0.97878
0.986293
0.99217
0.98448
0.984763
0.984484
0.982983
0.980287
0.976875
0.973279
0.969959
0.967228
0.96525
0.964092
0.963757
0.964258
0.965547
0.967524
0.970034
0.973191
0.978207
0.985881
0.992231
0.984261
0.984605
0.984483
0.983335
0.981117
0.978212
0.975089
0.972151
0.969677
0.967826
0.966673
0.966219
0.966487
0.96744
0.968999
0.971059
0.973671
0.978042
0.985667
0.992365
0.984001
0.984423
0.984505
0.983772
0.982134
0.979867
0.977351
0.974919
0.972811
0.971166
0.97006
0.969503
0.969504
0.970053
0.971104
0.972607
0.974628
0.978221
0.985661
0.992575
0.983742
0.984157
0.984306
0.983873
0.982771
0.981181
0.979368
0.977576
0.975978
0.974684
0.973741
0.973175
0.972971
0.973149
0.973706
0.974636
0.976125
0.979035
0.986096
0.992933
0.983559
0.984066
0.984371
0.984192
0.983569
0.982608
0.981465
0.980289
0.979187
0.978244
0.977487
0.976952
0.976635
0.976557
0.976767
0.977245
0.978339
0.980574
0.986909
0.993384
0.981075
0.983507
0.983495
0.983403
0.983067
0.982621
0.982113
0.98164
0.981207
0.980887
0.980652
0.980545
0.98055
0.980659
0.980955
0.981335
0.982309
0.984005
0.988808
0.994159
0.986708
0.988314
0.989173
0.989687
0.989961
0.990132
0.990221
0.990312
0.990375
0.990476
0.990565
0.990701
0.990827
0.990999
0.991165
0.991395
0.99169
0.992312
0.993555
0.995741
)
;

boundaryField
{
    movingWall
    {
        type            fixedValue;
        value           uniform 1;
    }
    fixedWalls
    {
        type            zeroGradient;
    }
    frontAndBack
    {
        type            empty;
    }
}


// ************************************************************************* //
