/*--------------------------------*- C++ -*----------------------------------*\
| =========                 |                                                 |
| \\      /  F ield         | OpenFOAM: The Open Source CFD Toolbox           |
|  \\    /   O peration     | Version:  2212                                  |
|   \\  /    A nd           | Website:  www.openfoam.com                      |
|    \\/     M anipulation  |                                                 |
\*---------------------------------------------------------------------------*/
FoamFile
{
    version     2.0;
    format      ascii;
    arch        "LSB;label=32;scalar=64";
    class       surfaceScalarField;
    location    "10.8";
    object      phi;
}
// * * * * * * * * * * * * * * * * * * * * * * * * * * * * * * * * * * * * * //

dimensions      [0 3 -1 0 0 0 0];

oriented        oriented;

internalField   nonuniform List<scalar> 
760
(
1.56078e-07
-1.56132e-07
2.93626e-07
-1.37549e-07
3.09991e-07
-1.63648e-08
1.83682e-07
1.26309e-07
-1.20307e-07
3.03989e-07
-6.65928e-07
5.45621e-07
-1.48527e-06
8.19344e-07
-2.49086e-06
1.00559e-06
-3.48035e-06
9.89483e-07
-4.22034e-06
7.39995e-07
-4.54397e-06
3.23627e-07
-4.35364e-06
-1.90323e-07
-3.59375e-06
-7.59891e-07
-2.37898e-06
-1.21477e-06
-9.40016e-07
-1.43897e-06
3.47752e-07
-1.28777e-06
1.08994e-06
-7.42188e-07
1.03308e-06
5.68595e-08
4.60995e-07
5.72087e-07
4.60998e-07
1.25046e-07
-2.81178e-07
7.46069e-08
-8.71095e-08
-2.97027e-07
3.5527e-07
-1.07891e-06
9.08193e-07
-2.31594e-06
1.54102e-06
-3.92742e-06
2.15709e-06
-5.66232e-06
2.55425e-06
-7.20705e-06
2.55032e-06
-8.33695e-06
2.11938e-06
-8.9423e-06
1.34534e-06
-8.97622e-06
3.57549e-07
-8.41621e-06
-7.50327e-07
-7.29364e-06
-1.88247e-06
-5.64204e-06
-2.86637e-06
-3.60582e-06
-3.47519e-06
-1.49023e-06
-3.40335e-06
1.7873e-07
-2.41115e-06
8.58989e-07
-6.23402e-07
5.25707e-07
9.05364e-07
9.86706e-07
-1.27601e-07
-1.53577e-07
-6.33935e-07
4.19224e-07
-1.62494e-06
1.34628e-06
-3.1415e-06
2.42475e-06
-5.05757e-06
3.45709e-06
-7.07343e-06
4.17296e-06
-8.87352e-06
4.35434e-06
-1.02778e-05
3.95458e-06
-1.12346e-05
3.07616e-06
-1.17361e-05
1.84689e-06
-1.17301e-05
3.51592e-07
-1.12712e-05
-1.20924e-06
-1.03385e-05
-2.81517e-06
-8.87787e-06
-4.32702e-06
-6.8696e-06
-5.48346e-06
-4.40323e-06
-5.86972e-06
-1.87874e-06
-4.93564e-06
-8.63971e-08
-2.41575e-06
2.9469e-07
5.24275e-07
1.2814e-06
-5.00534e-07
3.46957e-07
-1.56001e-06
1.4787e-06
-3.11954e-06
2.90581e-06
-5.08147e-06
4.38667e-06
-7.18538e-06
5.561e-06
-9.12339e-06
6.11097e-06
-1.06932e-05
5.9242e-06
-1.18525e-05
5.11379e-06
-1.26291e-05
3.85279e-06
-1.30577e-05
2.27554e-06
-1.31228e-05
4.16638e-07
-1.28833e-05
-1.44876e-06
-1.23004e-05
-3.398e-06
-1.12725e-05
-5.35494e-06
-9.66882e-06
-7.08717e-06
-7.36468e-06
-8.17386e-06
-4.39879e-06
-7.90153e-06
-1.37807e-06
-5.43646e-06
1.20735e-07
-9.74529e-07
1.40213e-06
-8.61964e-07
1.20892e-06
-2.36176e-06
2.9785e-06
-4.23289e-06
4.77693e-06
-6.28029e-06
6.43407e-06
-8.22273e-06
7.50344e-06
-9.8375e-06
7.72574e-06
-1.10479e-05
7.13463e-06
-1.18806e-05
5.94642e-06
-1.23972e-05
4.3694e-06
-1.26704e-05
2.54875e-06
-1.2791e-05
5.37224e-07
-1.27453e-05
-1.4944e-06
-1.25246e-05
-3.61867e-06
-1.205e-05
-5.82954e-06
-1.11353e-05
-8.00188e-06
-9.49256e-06
-9.81663e-06
-6.82228e-06
-1.05718e-05
-3.22302e-06
-9.03572e-06
-2.61168e-07
-3.93638e-06
1.14096e-06
-1.08713e-06
2.29605e-06
-2.78471e-06
4.67608e-06
-4.67856e-06
6.67078e-06
-6.53668e-06
8.29219e-06
-8.13471e-06
9.10147e-06
-9.34165e-06
8.93267e-06
-1.01535e-05
7.94648e-06
-1.06354e-05
6.4283e-06
-1.08775e-05
4.6115e-06
-1.09795e-05
2.65073e-06
-1.10627e-05
6.20432e-07
-1.11132e-05
-1.44386e-06
-1.11473e-05
-3.58455e-06
-1.11362e-05
-5.8407e-06
-1.09264e-05
-8.21162e-06
-1.01912e-05
-1.05519e-05
-8.43611e-06
-1.23269e-05
-5.24508e-06
-1.22268e-05
-1.15867e-06
-8.02278e-06
-1.77105e-08
-1.11125e-06
3.4073e-06
-2.7594e-06
6.32423e-06
-4.45744e-06
8.36882e-06
-5.99353e-06
9.82828e-06
-7.20758e-06
1.03155e-05
-8.03727e-06
9.76237e-06
-8.52039e-06
8.42959e-06
-8.74391e-06
6.65182e-06
-8.81128e-06
4.67888e-06
-8.81921e-06
2.65866e-06
-8.84977e-06
6.50987e-07
-8.92111e-06
-1.37252e-06
-9.0532e-06
-3.45246e-06
-9.25772e-06
-5.63618e-06
-9.47869e-06
-7.99065e-06
-9.48536e-06
-1.05452e-05
-8.75906e-06
-1.30532e-05
-6.54128e-06
-1.44445e-05
-2.42497e-06
-1.21391e-05
-2.44268e-06
-9.36633e-07
4.34393e-06
-2.34901e-06
7.73661e-06
-3.73699e-06
9.7568e-06
-4.91706e-06
1.10084e-05
-5.7883e-06
1.11868e-05
-6.3339e-06
1.0308e-05
-6.61109e-06
8.70678e-06
-6.71084e-06
6.75157e-06
-6.72899e-06
4.69703e-06
-6.73822e-06
2.66788e-06
-6.77385e-06
6.86617e-07
-6.85266e-06
-1.29371e-06
-6.99556e-06
-3.30955e-06
-7.23321e-06
-5.39853e-06
-7.58323e-06
-7.64064e-06
-7.95563e-06
-1.01728e-05
-7.9414e-06
-1.30674e-05
-6.72257e-06
-1.56634e-05
-3.58986e-06
-1.52718e-05
-6.03254e-06
-6.26065e-07
4.97e-06
-1.68976e-06
8.8003e-06
-2.72402e-06
1.07911e-05
-3.56423e-06
1.18486e-05
-4.15491e-06
1.17774e-05
-4.50624e-06
1.06593e-05
-4.67716e-06
8.87769e-06
-4.74599e-06
6.8204e-06
-4.78483e-06
4.73587e-06
-4.83686e-06
2.71992e-06
-4.9119e-06
7.61661e-07
-5.01611e-06
-1.1895e-06
-5.15923e-06
-3.16643e-06
-5.36978e-06
-5.18798e-06
-5.70294e-06
-7.30748e-06
-6.1729e-06
-9.70283e-06
-6.56302e-06
-1.26773e-05
-6.13293e-06
-1.60934e-05
-3.9271e-06
-1.74776e-05
-9.95964e-06
-2.33274e-07
5.20327e-06
-8.95031e-07
9.46206e-06
-1.56759e-06
1.14636e-05
-2.09814e-06
1.23791e-05
-2.45904e-06
1.21383e-05
-2.67459e-06
1.08749e-05
-2.79298e-06
8.99609e-06
-2.86743e-06
6.89485e-06
-2.94237e-06
4.81081e-06
-3.03962e-06
2.81716e-06
-3.16186e-06
8.83902e-07
-3.30857e-06
-1.04279e-06
-3.47978e-06
-2.99522e-06
-3.68753e-06
-4.98023e-06
-3.98215e-06
-7.01287e-06
-4.44609e-06
-9.23889e-06
-5.02805e-06
-1.20953e-05
-5.12736e-06
-1.59941e-05
-3.56075e-06
-1.90442e-05
-1.35204e-05
1.63764e-07
5.03951e-06
-7.04599e-08
9.69628e-06
-4.03936e-07
1.17971e-05
-6.55474e-07
1.26307e-05
-8.11012e-07
1.22939e-05
-9.0169e-07
1.09655e-05
-9.66864e-07
9.06127e-06
-1.03838e-06
6.96637e-06
-1.13278e-06
4.90521e-06
-1.25782e-06
2.9422e-06
-1.41608e-06
1.04216e-06
-1.60968e-06
-8.49189e-07
-1.83703e-06
-2.76787e-06
-2.09575e-06
-4.72151e-06
-2.413e-06
-6.69562e-06
-2.88014e-06
-8.77175e-06
-3.56275e-06
-1.14127e-05
-4.02715e-06
-1.55297e-05
-3.02687e-06
-2.00445e-05
-1.65473e-05
5.02485e-07
4.53702e-06
7.00725e-07
9.49804e-06
7.44125e-07
1.17537e-05
7.79876e-07
1.25949e-05
8.24838e-07
1.22489e-05
8.5371e-07
1.09367e-05
8.46861e-07
9.06812e-06
7.96106e-07
7.01713e-06
7.0224e-07
4.99908e-06
5.66951e-07
3.07749e-06
3.85002e-07
1.22411e-06
1.50202e-07
-6.14389e-07
-1.38985e-07
-2.47868e-06
-4.89198e-07
-4.37129e-06
-9.03942e-07
-6.28087e-06
-1.42656e-06
-8.24913e-06
-2.20456e-06
-1.06347e-05
-2.95402e-06
-1.47803e-05
-2.46097e-06
-2.05376e-05
-1.90082e-05
7.59793e-07
3.77723e-06
1.35959e-06
8.89825e-06
1.75408e-06
1.13592e-05
2.08516e-06
1.22638e-05
2.35971e-06
1.19744e-05
2.54762e-06
1.07487e-05
2.64083e-06
8.97491e-06
2.65003e-06
7.00793e-06
2.58918e-06
5.05993e-06
2.46459e-06
3.20208e-06
2.26859e-06
1.4201e-06
1.9871e-06
-3.32898e-07
1.6208e-06
-2.11238e-06
1.16481e-06
-3.9153e-06
6.14919e-07
-5.73098e-06
-7.99498e-08
-7.55426e-06
-9.53697e-07
-9.76098e-06
-1.91683e-06
-1.38171e-05
-1.92415e-06
-2.05303e-05
-2.09324e-05
8.75555e-07
2.90168e-06
1.81906e-06
7.95474e-06
2.56414e-06
1.06141e-05
3.20823e-06
1.16197e-05
3.75884e-06
1.14237e-05
4.17276e-06
1.03348e-05
4.4342e-06
8.71347e-06
4.5571e-06
6.88503e-06
4.56424e-06
5.05279e-06
4.47057e-06
3.29575e-06
4.27384e-06
1.61683e-06
3.94138e-06
-4.40633e-10
3.49402e-06
-1.66501e-06
2.90612e-06
-3.3274e-06
2.17898e-06
-5.00384e-06
1.33182e-06
-6.7071e-06
2.74337e-07
-8.7035e-06
-9.53149e-07
-1.25896e-05
-1.42489e-06
-2.00585e-05
-2.23573e-05
8.11436e-07
2.09024e-06
1.96504e-06
6.80114e-06
3.01271e-06
9.56646e-06
3.99079e-06
1.06417e-05
4.87238e-06
1.05422e-05
5.5915e-06
9.6157e-06
6.10905e-06
8.19592e-06
6.42796e-06
6.56611e-06
6.56894e-06
4.91182e-06
6.54976e-06
3.31493e-06
6.36853e-06
1.79806e-06
6.02255e-06
3.4554e-07
5.47874e-06
-1.1212e-06
4.74464e-06
-2.59331e-06
3.81246e-06
-4.07166e-06
2.71127e-06
-5.6059e-06
1.40173e-06
-7.39396e-06
-1.48921e-07
-1.1039e-05
-9.09034e-07
-1.92984e-05
-2.32663e-05
5.81456e-07
1.50878e-06
1.77028e-06
5.61231e-06
3.11546e-06
8.22128e-06
4.47317e-06
9.28395e-06
5.74592e-06
9.26941e-06
6.8351e-06
8.52652e-06
7.6753e-06
7.35572e-06
8.25381e-06
5.9876e-06
8.58287e-06
4.58276e-06
8.67903e-06
3.21877e-06
8.54889e-06
1.92821e-06
8.18952e-06
7.04908e-07
7.55678e-06
-4.88465e-07
6.66814e-06
-1.70467e-06
5.511e-06
-2.91452e-06
4.12641e-06
-4.22131e-06
2.5885e-06
-5.85605e-06
9.69084e-07
-9.41958e-06
-1.38919e-07
-1.81904e-05
-2.34052e-05
1.54333e-07
1.35445e-06
1.04869e-06
4.71795e-06
2.53353e-06
6.73644e-06
4.26364e-06
7.55384e-06
5.99365e-06
7.53939e-06
7.5358e-06
6.98438e-06
8.78738e-06
6.10414e-06
9.71855e-06
5.05643e-06
1.03243e-05
3.97699e-06
1.0616e-05
2.92713e-06
1.05994e-05
1.94479e-06
1.028e-05
1.02424e-06
9.61154e-06
1.80024e-07
8.61658e-06
-7.09705e-07
7.28485e-06
-1.5828e-06
5.66861e-06
-2.60507e-06
3.92911e-06
-4.11654e-06
2.2507e-06
-7.74117e-06
6.5693e-07
-1.65966e-05
-2.27483e-05
-5.19152e-07
1.8736e-06
2.03727e-07
3.99508e-06
1.7679e-06
5.17227e-06
3.84149e-06
5.48025e-06
6.00725e-06
5.37364e-06
7.97811e-06
5.01351e-06
9.61746e-06
4.4648e-06
1.08837e-05
3.79023e-06
1.17592e-05
3.10149e-06
1.226e-05
2.42626e-06
1.23897e-05
1.81517e-06
1.21677e-05
1.24616e-06
1.16185e-05
7.29218e-07
1.07123e-05
1.96559e-07
9.45372e-06
-3.24231e-07
7.91668e-06
-1.06803e-06
6.28707e-06
-2.48694e-06
4.46682e-06
-5.92092e-06
2.05976e-06
-1.41896e-05
-2.06885e-05
-4.18158e-06
6.05518e-06
-3.64416e-06
3.45766e-06
-1.24381e-06
2.77191e-06
1.56267e-06
2.67377e-06
4.31127e-06
2.62504e-06
6.8549e-06
2.46988e-06
9.07984e-06
2.23986e-06
1.09256e-05
1.94449e-06
1.23735e-05
1.65357e-06
1.34505e-05
1.34927e-06
1.41736e-05
1.09209e-06
1.45875e-05
8.32246e-07
1.46798e-05
6.3689e-07
1.44595e-05
4.16893e-07
1.39226e-05
2.1265e-07
1.3085e-05
-2.30491e-07
1.19347e-05
-1.3366e-06
1.01167e-05
-4.10292e-06
5.63959e-06
-9.71247e-06
-1.50489e-05
6.05518e-06
9.51284e-06
1.22848e-05
1.49585e-05
1.75836e-05
2.00535e-05
2.22933e-05
2.42378e-05
2.58914e-05
2.72406e-05
2.83327e-05
2.9165e-05
2.98019e-05
3.02188e-05
3.04314e-05
3.02009e-05
2.88643e-05
2.47614e-05
1.50489e-05
)
;

boundaryField
{
    movingWall
    {
        type            calculated;
        value           uniform 0;
    }
    fixedWalls
    {
        type            calculated;
        value           uniform 0;
    }
    frontAndBack
    {
        type            empty;
        value           nonuniform List<scalar> 0();
    }
}


// ************************************************************************* //
