/*--------------------------------*- C++ -*----------------------------------*\
| =========                 |                                                 |
| \\      /  F ield         | OpenFOAM: The Open Source CFD Toolbox           |
|  \\    /   O peration     | Version:  2212                                  |
|   \\  /    A nd           | Website:  www.openfoam.com                      |
|    \\/     M anipulation  |                                                 |
\*---------------------------------------------------------------------------*/
FoamFile
{
    version     2.0;
    format      ascii;
    arch        "LSB;label=32;scalar=64";
    class       surfaceScalarField;
    location    "4.2";
    object      phi;
}
// * * * * * * * * * * * * * * * * * * * * * * * * * * * * * * * * * * * * * //

dimensions      [0 3 -1 0 0 0 0];

oriented        oriented;

internalField   nonuniform List<scalar> 
760
(
1.53948e-07
-1.53948e-07
2.89025e-07
-1.35076e-07
3.04317e-07
-1.52927e-08
1.78166e-07
1.26152e-07
-1.24319e-07
3.02484e-07
-6.66255e-07
5.41937e-07
-1.47936e-06
8.13104e-07
-2.47779e-06
9.9843e-07
-3.46182e-06
9.84032e-07
-4.19996e-06
7.38137e-07
-4.52533e-06
3.25368e-07
-4.34086e-06
-1.84464e-07
-3.58932e-06
-7.51547e-07
-2.38368e-06
-1.20564e-06
-9.52585e-07
-1.4311e-06
3.30765e-07
-1.28335e-06
1.07484e-06
-7.44072e-07
1.02418e-06
5.06591e-08
4.57894e-07
5.66284e-07
4.57894e-07
1.21392e-07
-2.7534e-07
6.80847e-08
-8.17693e-08
-3.02807e-07
3.55599e-07
-1.07986e-06
9.03205e-07
-2.30778e-06
1.5304e-06
-3.90734e-06
2.1415e-06
-5.63109e-06
2.53685e-06
-7.16834e-06
2.53567e-06
-8.29498e-06
2.11068e-06
-8.90085e-06
1.344e-06
-8.93858e-06
3.63099e-07
-8.38519e-06
-7.37855e-07
-7.27176e-06
-1.86498e-06
-5.63073e-06
-2.84666e-06
-3.60501e-06
-3.45682e-06
-1.49765e-06
-3.39071e-06
1.66371e-07
-2.4081e-06
8.49257e-07
-6.32226e-07
5.21827e-07
8.93714e-07
9.79722e-07
-1.30214e-07
-1.45125e-07
-6.35966e-07
4.23983e-07
-1.62112e-06
1.34075e-06
-3.12637e-06
2.40845e-06
-5.02813e-06
3.43216e-06
-7.03073e-06
4.1441e-06
-8.82113e-06
4.32726e-06
-1.02192e-05
3.93372e-06
-1.11725e-05
3.06404e-06
-1.16734e-05
1.84484e-06
-1.16709e-05
3.60662e-07
-1.1217e-05
-1.19174e-06
-1.02921e-05
-2.78992e-06
-8.84171e-06
-4.29705e-06
-6.84547e-06
-5.45305e-06
-4.39165e-06
-5.84453e-06
-1.87769e-06
-4.92206e-06
-9.06275e-08
-2.41929e-06
2.92828e-07
5.10258e-07
1.27255e-06
-4.99036e-07
3.53911e-07
-1.55274e-06
1.47769e-06
-3.10086e-06
2.88887e-06
-5.04786e-06
4.35545e-06
-7.13709e-06
5.5214e-06
-9.06345e-06
6.07046e-06
-1.06251e-05
5.88892e-06
-1.17786e-05
5.08718e-06
-1.25515e-05
3.83698e-06
-1.29788e-05
2.27214e-06
-1.30463e-05
4.28109e-07
-1.28109e-05
-1.42711e-06
-1.2235e-05
-3.36581e-06
-1.12166e-05
-5.31545e-06
-9.62445e-06
-7.0452e-06
-7.33383e-06
-8.13515e-06
-4.38287e-06
-7.87303e-06
-1.37631e-06
-5.42585e-06
1.1891e-07
-9.84959e-07
1.39146e-06
-8.56007e-07
1.20992e-06
-2.34463e-06
2.96631e-06
-4.20109e-06
4.74533e-06
-6.23323e-06
6.3876e-06
-8.16285e-06
7.45101e-06
-9.76813e-06
7.67574e-06
-1.09714e-05
7.09222e-06
-1.17985e-05
5.9142e-06
-1.23111e-05
4.34958e-06
-1.25824e-05
2.54344e-06
-1.2703e-05
5.48724e-07
-1.26612e-05
-1.46891e-06
-1.24473e-05
-3.57972e-06
-1.19816e-05
-5.78113e-06
-1.10773e-05
-7.94945e-06
-9.44658e-06
-9.7659e-06
-6.79117e-06
-1.05284e-05
-3.21037e-06
-9.00665e-06
-2.62229e-07
-3.9331e-06
1.12923e-06
-1.07724e-06
2.28716e-06
-2.7608e-06
4.64987e-06
-4.63946e-06
6.62399e-06
-6.48383e-06
8.23197e-06
-8.07114e-06
9.03831e-06
-9.2699e-06
8.87451e-06
-1.00747e-05
7.89702e-06
-1.055e-05
6.38951e-06
-1.07863e-05
4.58588e-06
-1.08843e-05
2.64139e-06
-1.09658e-05
6.30239e-07
-1.10199e-05
-1.41485e-06
-1.10614e-05
-3.5382e-06
-1.10603e-05
-5.7822e-06
-1.08617e-05
-8.14806e-06
-1.01374e-05
-1.04902e-05
-8.39412e-06
-1.22717e-05
-5.21874e-06
-1.2182e-05
-1.15442e-06
-7.99741e-06
-2.51905e-08
-1.09946e-06
3.38662e-06
-2.73302e-06
6.28342e-06
-4.41719e-06
8.30817e-06
-5.94144e-06
9.75621e-06
-7.14618e-06
1.02431e-05
-7.96792e-06
9.69625e-06
-8.44291e-06
8.37202e-06
-8.65766e-06
6.60426e-06
-8.71622e-06
4.64444e-06
-8.71704e-06
2.64221e-06
-8.74447e-06
6.5767e-07
-8.81841e-06
-1.34091e-06
-8.95849e-06
-3.39812e-06
-9.17541e-06
-5.56528e-06
-9.41058e-06
-7.91289e-06
-9.43024e-06
-1.04705e-05
-8.71428e-06
-1.29877e-05
-6.50788e-06
-1.43884e-05
-2.41142e-06
-1.20939e-05
-2.43661e-06
-9.25441e-07
4.31206e-06
-2.32453e-06
7.68251e-06
-3.70072e-06
9.68435e-06
-4.87079e-06
1.09263e-05
-5.73356e-06
1.11058e-05
-6.27092e-06
1.02336e-05
-6.53876e-06
8.63987e-06
-6.62783e-06
6.69333e-06
-6.63522e-06
4.65182e-06
-6.63562e-06
2.64261e-06
-6.66671e-06
6.88762e-07
-6.74645e-06
-1.26116e-06
-6.89639e-06
-3.24819e-06
-7.1469e-06
-5.31476e-06
-7.51369e-06
-7.5461e-06
-7.90271e-06
-1.00815e-05
-7.90096e-06
-1.29895e-05
-6.69093e-06
-1.55985e-05
-3.56818e-06
-1.52166e-05
-6.00479e-06
-6.17401e-07
4.92946e-06
-1.67035e-06
8.73546e-06
-2.69529e-06
1.07093e-05
-3.52738e-06
1.17584e-05
-4.11057e-06
1.1689e-05
-4.45399e-06
1.0577e-05
-4.61569e-06
8.80156e-06
-4.67418e-06
6.75181e-06
-4.70275e-06
4.6804e-06
-4.74651e-06
2.68638e-06
-4.81656e-06
7.58811e-07
-4.92006e-06
-1.15766e-06
-5.06749e-06
-3.10076e-06
-5.28801e-06
-5.09424e-06
-5.63653e-06
-7.19759e-06
-6.12446e-06
-9.59356e-06
-6.52917e-06
-1.25847e-05
-6.10724e-06
-1.60204e-05
-3.90897e-06
-1.74149e-05
-9.91377e-06
-2.28781e-07
5.15824e-06
-8.83175e-07
9.38986e-06
-1.54924e-06
1.13754e-05
-2.07394e-06
1.22831e-05
-2.42896e-06
1.2044e-05
-2.63803e-06
1.07861e-05
-2.74908e-06
8.91261e-06
-2.81556e-06
6.81829e-06
-2.88296e-06
4.7478e-06
-2.97406e-06
2.77747e-06
-3.0919e-06
8.76658e-07
-3.23659e-06
-1.01298e-06
-3.40879e-06
-2.92856e-06
-3.62149e-06
-4.88154e-06
-3.92676e-06
-6.89232e-06
-4.4061e-06
-9.11422e-06
-5.00292e-06
-1.19879e-05
-5.11055e-06
-1.59128e-05
-3.54962e-06
-1.89758e-05
-1.34634e-05
1.63027e-07
4.99521e-06
-6.76353e-08
9.62052e-06
-3.97548e-07
1.17053e-05
-6.45779e-07
1.25313e-05
-7.97806e-07
1.21961e-05
-8.84524e-07
1.08728e-05
-9.45521e-07
8.97361e-06
-1.01296e-06
6.88573e-06
-1.10371e-06
4.83855e-06
-1.22552e-06
2.89928e-06
-1.38064e-06
1.03178e-06
-1.5713e-06
-8.2233e-07
-1.79659e-06
-2.70326e-06
-2.05521e-06
-4.62293e-06
-2.37603e-06
-6.5715e-06
-2.85297e-06
-8.63728e-06
-3.54767e-06
-1.12932e-05
-4.01897e-06
-1.54415e-05
-3.02163e-06
-1.99731e-05
-1.6485e-05
4.96703e-07
4.49851e-06
6.93604e-07
9.42362e-06
7.36855e-07
1.1662e-05
7.73013e-07
1.24951e-05
8.18912e-07
1.21502e-05
8.48778e-07
1.0843e-05
8.42401e-07
8.97999e-06
7.91335e-07
6.93679e-06
6.97273e-07
4.93261e-06
5.62373e-07
3.03418e-06
3.82207e-07
1.21195e-06
1.50543e-07
-5.90666e-07
-1.34795e-07
-2.41792e-06
-4.80641e-07
-4.27708e-06
-8.92499e-07
-6.15964e-06
-1.4172e-06
-8.11258e-06
-2.20185e-06
-1.05086e-05
-2.95527e-06
-1.4688e-05
-2.46172e-06
-2.04667e-05
-1.89467e-05
7.49066e-07
3.74944e-06
1.34262e-06
8.83006e-06
1.73312e-06
1.12715e-05
2.06127e-06
1.2167e-05
2.33385e-06
1.18776e-05
2.51982e-06
1.0657e-05
2.61018e-06
8.88962e-06
2.6156e-06
6.93138e-06
2.55078e-06
4.99742e-06
2.42387e-06
3.1611e-06
2.22854e-06
1.40728e-06
1.95093e-06
-3.13064e-07
1.59025e-06
-2.05724e-06
1.14147e-06
-3.82829e-06
5.9921e-07
-5.61738e-06
-8.99404e-08
-7.42343e-06
-9.645e-07
-9.63401e-06
-1.92805e-06
-1.37245e-05
-1.92942e-06
-2.04653e-05
-2.08762e-05
8.61774e-07
2.88767e-06
1.79397e-06
7.89787e-06
2.531e-06
1.05345e-05
3.16868e-06
1.15293e-05
3.71397e-06
1.13323e-05
4.12283e-06
1.02481e-05
4.37853e-06
8.63392e-06
4.49494e-06
6.81497e-06
4.49588e-06
4.99648e-06
4.39766e-06
3.25933e-06
4.19913e-06
1.6058e-06
3.87233e-06
1.37427e-08
3.43102e-06
-1.61593e-06
2.85288e-06
-3.25015e-06
2.13747e-06
-4.90197e-06
1.30138e-06
-6.58734e-06
2.51917e-07
-8.58455e-06
-9.71605e-07
-1.2501e-05
-1.43357e-06
-2.00034e-05
-2.23097e-05
7.97649e-07
2.09002e-06
1.9353e-06
6.76022e-06
2.97085e-06
9.49894e-06
3.93895e-06
1.05612e-05
4.81185e-06
1.04594e-05
5.52289e-06
9.53708e-06
6.03222e-06
8.1246e-06
6.34262e-06
6.50456e-06
6.47582e-06
4.86328e-06
6.45127e-06
3.28388e-06
6.26902e-06
1.78804e-06
5.9238e-06
3.58967e-07
5.38816e-06
-1.0803e-06
4.66562e-06
-2.5276e-06
3.74816e-06
-3.98451e-06
2.66379e-06
-5.50298e-06
1.36919e-06
-7.28995e-06
-1.66016e-07
-1.09658e-05
-9.21715e-07
-1.92477e-05
-2.32314e-05
5.70951e-07
1.51907e-06
1.74156e-06
5.58961e-06
3.07056e-06
8.16994e-06
4.41358e-06
9.2182e-06
5.6733e-06
9.19967e-06
6.7508e-06
8.45958e-06
7.58017e-06
7.29523e-06
8.14851e-06
5.93622e-06
8.46876e-06
4.54303e-06
8.55887e-06
3.19377e-06
8.42627e-06
1.92064e-06
8.06925e-06
7.15993e-07
7.44461e-06
-4.55663e-07
6.56879e-06
-1.65178e-06
5.42871e-06
-2.84444e-06
4.06524e-06
-4.13951e-06
2.54618e-06
-5.77089e-06
9.38069e-07
-9.35764e-06
-1.5319e-07
-1.81564e-05
-2.33846e-05
1.48329e-07
1.37074e-06
1.02561e-06
4.71232e-06
2.49227e-06
6.70328e-06
4.20411e-06
7.50636e-06
5.91717e-06
7.48662e-06
7.44419e-06
6.93256e-06
8.6822e-06
6.05723e-06
9.60135e-06
5.01708e-06
1.01969e-05
3.94743e-06
1.04816e-05
2.90911e-06
1.04618e-05
1.94049e-06
1.01437e-05
1.03403e-06
9.48531e-06
2.0275e-07
8.50291e-06
-6.6938e-07
7.19029e-06
-1.53181e-06
5.59758e-06
-2.5468e-06
3.88298e-06
-4.05629e-06
2.22371e-06
-7.69837e-06
6.46593e-07
-1.65793e-05
-2.2738e-05
-5.14515e-07
1.88526e-06
1.95531e-07
4.00228e-06
1.73914e-06
5.15968e-06
3.78981e-06
5.45569e-06
5.93326e-06
5.34317e-06
7.88435e-06
4.98147e-06
9.50637e-06
4.43521e-06
1.07581e-05
3.76533e-06
1.16221e-05
3.08343e-06
1.21156e-05
2.41563e-06
1.22431e-05
1.81299e-06
1.20252e-05
1.25196e-06
1.14834e-05
7.44555e-07
1.05925e-05
2.21523e-07
9.35639e-06
-2.95743e-07
7.84417e-06
-1.03458e-06
6.24146e-06
-2.45358e-06
4.44288e-06
-5.89979e-06
2.04987e-06
-1.41863e-05
-2.06882e-05
-4.17631e-06
6.06156e-06
-3.64043e-06
3.4664e-06
-1.25335e-06
2.7726e-06
1.53416e-06
2.66818e-06
4.26223e-06
2.6151e-06
6.78596e-06
2.45774e-06
8.99331e-06
2.22786e-06
1.08247e-05
1.93396e-06
1.22623e-05
1.64579e-06
1.33335e-05
1.34447e-06
1.40555e-05
1.09098e-06
1.44728e-05
8.34602e-07
1.45743e-05
6.43095e-07
1.43704e-05
4.25388e-07
1.38517e-05
2.22966e-07
1.30332e-05
-2.16069e-07
1.19056e-05
-1.32595e-06
1.01057e-05
-4.09987e-06
5.63512e-06
-9.71576e-06
-1.5053e-05
6.06156e-06
9.52796e-06
1.23006e-05
1.49687e-05
1.75838e-05
2.00416e-05
2.22694e-05
2.42034e-05
2.58492e-05
2.71937e-05
2.82846e-05
2.91192e-05
2.97623e-05
3.01877e-05
3.04107e-05
3.01946e-05
2.88687e-05
2.47688e-05
1.5053e-05
)
;

boundaryField
{
    movingWall
    {
        type            calculated;
        value           uniform 0;
    }
    fixedWalls
    {
        type            calculated;
        value           uniform 0;
    }
    frontAndBack
    {
        type            empty;
        value           nonuniform List<scalar> 0();
    }
}


// ************************************************************************* //
