/*--------------------------------*- C++ -*----------------------------------*\
| =========                 |                                                 |
| \\      /  F ield         | OpenFOAM: The Open Source CFD Toolbox           |
|  \\    /   O peration     | Version:  2212                                  |
|   \\  /    A nd           | Website:  www.openfoam.com                      |
|    \\/     M anipulation  |                                                 |
\*---------------------------------------------------------------------------*/
FoamFile
{
    version     2.0;
    format      ascii;
    arch        "LSB;label=32;scalar=64";
    class       volScalarField;
    location    "8.2";
    object      p;
}
// * * * * * * * * * * * * * * * * * * * * * * * * * * * * * * * * * * * * * //

dimensions      [0 2 -2 0 0 0 0];

internalField   nonuniform List<scalar> 
400
(
-8.09082e-09
-0.000151626
-0.000536032
-0.00107339
-0.0017342
-0.0024957
-0.00318683
-0.00359945
-0.00356729
-0.00293614
-0.00155078
0.000616913
0.00324695
0.00551153
0.00653162
0.00592141
0.00400118
0.00214904
0.00111006
0.00104094
0.000115252
-5.93966e-05
-0.000378509
-0.000765829
-0.00124586
-0.00189002
-0.00270809
-0.00354534
-0.00408179
-0.00394027
-0.00284846
-0.000827137
0.00168693
0.00395855
0.00512274
0.00474176
0.00310228
0.00137422
0.000592624
0.00068357
0.000534916
0.000263414
-7.89652e-05
-0.000561406
-0.00134911
-0.00258238
-0.00422069
-0.00598503
-0.00740357
-0.00794483
-0.00726531
-0.00546338
-0.0028933
-0.000196392
0.0017902
0.00242662
0.00170816
0.000501657
-0.00039653
-0.000393368
0.00115004
0.000739367
0.000190001
-0.000776645
-0.00245276
-0.00493905
-0.00799575
-0.0111204
-0.0137027
-0.0151759
-0.0152059
-0.0138392
-0.0112934
-0.00802933
-0.0047528
-0.00221038
-0.000871034
-0.000706838
-0.00128941
-0.0019188
0.00158096
0.000971465
-2.49549e-05
-0.00192583
-0.00500776
-0.00918021
-0.0139127
-0.0184775
-0.0222128
-0.0246489
-0.0255244
-0.024719
-0.0223602
-0.0187412
-0.0143032
-0.00965512
-0.00559216
-0.00294939
-0.00219396
-0.00401847
0.00129067
0.000442533
-0.00119944
-0.00430571
-0.00900512
-0.0148791
-0.0210694
-0.0267101
-0.0311846
-0.0341709
-0.0355373
-0.0351817
-0.03319
-0.0297131
-0.0248953
-0.0189584
-0.0125041
-0.00694829
-0.00440139
-0.00652439
-5.10727e-05
-0.00115003
-0.00350126
-0.00779738
-0.0139312
-0.0211108
-0.0282302
-0.0343994
-0.0391183
-0.0422203
-0.0437075
-0.0435984
-0.0419617
-0.0388694
-0.0343036
-0.028152
-0.020536
-0.0127016
-0.00785482
-0.00774846
-0.00245298
-0.00374432
-0.00669979
-0.0119129
-0.0190369
-0.0269761
-0.0344954
-0.0407676
-0.0454368
-0.0484612
-0.0499231
-0.0499146
-0.0485151
-0.0457752
-0.0416517
-0.0359188
-0.0283204
-0.0193683
-0.0118216
-0.00798117
-0.0055396
-0.00691676
-0.010264
-0.0160202
-0.0236536
-0.0318817
-0.0394401
-0.0455984
-0.05012
-0.0530379
-0.054466
-0.0545062
-0.0532334
-0.0507088
-0.0469482
-0.0418014
-0.0348604
-0.0259431
-0.0167072
-0.00999442
-0.00873508
-0.0100867
-0.0135972
-0.0195393
-0.0272804
-0.0354775
-0.0428988
-0.0488928
-0.0532893
-0.0561447
-0.0575673
-0.0576386
-0.0564217
-0.0539912
-0.0504346
-0.0457477
-0.0396248
-0.0315179
-0.0223178
-0.0143382
-0.0115049
-0.0127582
-0.0162181
-0.0220506
-0.0296001
-0.0375778
-0.0448117
-0.0506807
-0.0550207
-0.0578694
-0.0593103
-0.0594019
-0.0581942
-0.055767
-0.0522686
-0.0478382
-0.0424208
-0.0353755
-0.0271934
-0.0191764
-0.0135498
-0.0146186
-0.0178544
-0.0233114
-0.0304236
-0.0380516
-0.0451026
-0.0509306
-0.0553064
-0.0582151
-0.0597013
-0.0598037
-0.0585632
-0.0560607
-0.052497
-0.0481238
-0.0431965
-0.0370493
-0.0300272
-0.0224137
-0.0148377
-0.0155678
-0.0183504
-0.0232065
-0.0296864
-0.0368682
-0.0437501
-0.0496217
-0.054133
-0.0571764
-0.058744
-0.0588512
-0.0575335
-0.0548945
-0.0511597
-0.0466428
-0.0419564
-0.0362943
-0.0302222
-0.022893
-0.0154682
-0.0157222
-0.0177763
-0.0217433
-0.0273839
-0.0340224
-0.0407376
-0.0467239
-0.051473
-0.0547458
-0.0564583
-0.0565994
-0.0551795
-0.0523339
-0.048331
-0.0435711
-0.0387241
-0.033138
-0.0280975
-0.0202782
-0.015575
-0.0152987
-0.0163379
-0.0190861
-0.0236491
-0.0296272
-0.0361613
-0.042322
-0.0474107
-0.0510201
-0.0529595
-0.053163
-0.0516721
-0.0485756
-0.044215
-0.0390466
-0.0337787
-0.0280715
-0.0242322
-0.0143868
-0.0152777
-0.0145512
-0.0142616
-0.015426
-0.0186832
-0.0238905
-0.0302243
-0.0366044
-0.0421245
-0.0461856
-0.0484725
-0.0488497
-0.0473381
-0.044009
-0.039241
-0.0335156
-0.027642
-0.0216329
-0.0180584
-0.00383818
-0.0146633
-0.0136197
-0.0117087
-0.0110828
-0.0129545
-0.0173793
-0.0235303
-0.0301637
-0.0361837
-0.0407997
-0.0435656
-0.0442487
-0.0428392
-0.0393681
-0.034181
-0.0276901
-0.0206868
-0.0132839
-0.00679517
0.0160443
-0.014585
-0.0126592
-0.00865129
-0.00623811
-0.00691326
-0.0107476
-0.0168173
-0.0237366
-0.0302924
-0.0355308
-0.0388939
-0.0400254
-0.0388694
-0.0354426
-0.0298944
-0.022279
-0.0128804
-0.000699482
0.0166822
0.0570527
-0.011797
-0.0118334
-0.00573001
-0.00177998
-0.00176996
-0.00540857
-0.0115769
-0.0188139
-0.0258717
-0.0316814
-0.0356548
-0.0373542
-0.0366788
-0.0333514
-0.0272242
-0.0175463
-0.00315774
0.0204771
0.0606902
0.129809
-0.029519
-0.0106328
-0.00061341
0.00307518
0.00244252
-0.00156168
-0.00800205
-0.0155533
-0.0229733
-0.0291685
-0.0335252
-0.0355809
-0.0351952
-0.0319522
-0.0252276
-0.0128643
0.00941368
0.0511592
0.122865
0.226065
)
;

boundaryField
{
    movingWall
    {
        type            zeroGradient;
    }
    fixedWalls
    {
        type            zeroGradient;
    }
    frontAndBack
    {
        type            empty;
    }
}


// ************************************************************************* //
