/*--------------------------------*- C++ -*----------------------------------*\
| =========                 |                                                 |
| \\      /  F ield         | OpenFOAM: The Open Source CFD Toolbox           |
|  \\    /   O peration     | Version:  2212                                  |
|   \\  /    A nd           | Website:  www.openfoam.com                      |
|    \\/     M anipulation  |                                                 |
\*---------------------------------------------------------------------------*/
FoamFile
{
    version     2.0;
    format      ascii;
    arch        "LSB;label=32;scalar=64";
    class       volScalarField;
    location    "8.2";
    object      T;
}
// * * * * * * * * * * * * * * * * * * * * * * * * * * * * * * * * * * * * * //

dimensions      [0 0 0 1 0 0 0];

internalField   nonuniform List<scalar> 
400
(
0.834699
0.839113
0.848017
0.86106
0.876007
0.889263
0.898341
0.903249
0.905672
0.907239
0.908622
0.910001
0.911425
0.912827
0.913953
0.914376
0.913397
0.910205
0.905138
0.900972
0.840523
0.845837
0.85645
0.871486
0.887057
0.89812
0.903263
0.905034
0.905742
0.906276
0.907133
0.908601
0.910768
0.913485
0.916149
0.917821
0.917072
0.91279
0.906412
0.901739
0.849541
0.856541
0.86951
0.884982
0.89695
0.902056
0.902402
0.900992
0.899077
0.897622
0.897474
0.899218
0.902879
0.908324
0.914516
0.919898
0.921856
0.917735
0.908757
0.903147
0.85833
0.867068
0.881106
0.89373
0.899519
0.898493
0.894038
0.888217
0.882359
0.878026
0.87636
0.878348
0.883754
0.892705
0.903959
0.915681
0.924416
0.925473
0.915248
0.906653
0.86514
0.874943
0.888106
0.895868
0.89504
0.887979
0.877923
0.866704
0.856399
0.848885
0.845496
0.847366
0.854199
0.866279
0.882548
0.901265
0.919046
0.930434
0.927264
0.913373
0.869775
0.879704
0.890523
0.892727
0.885501
0.872436
0.856549
0.840139
0.825862
0.815639
0.810797
0.812204
0.819838
0.833877
0.853691
0.877882
0.90364
0.926076
0.936628
0.92335
0.8726
0.881815
0.88952
0.886345
0.873389
0.854854
0.833835
0.813295
0.796165
0.784236
0.778582
0.779608
0.787456
0.802218
0.823726
0.851199
0.88247
0.913241
0.936255
0.937565
0.874109
0.882166
0.886796
0.879057
0.861301
0.838155
0.813095
0.789664
0.770812
0.758087
0.752159
0.753038
0.760748
0.775316
0.796898
0.825557
0.860234
0.897159
0.929077
0.945283
0.874713
0.881467
0.883437
0.872168
0.850757
0.824199
0.796365
0.771131
0.751348
0.738294
0.732283
0.733111
0.740624
0.754679
0.775403
0.803454
0.839398
0.880894
0.919738
0.942353
0.874715
0.880317
0.880467
0.867063
0.843341
0.814545
0.784925
0.758555
0.73817
0.724825
0.718608
0.71927
0.726585
0.74024
0.760015
0.786536
0.821755
0.865908
0.911395
0.940192
0.874303
0.879014
0.878143
0.863811
0.839024
0.809214
0.778863
0.752023
0.731276
0.717553
0.710894
0.711122
0.718053
0.731302
0.75028
0.775068
0.80822
0.852936
0.903586
0.938797
0.873586
0.877735
0.876745
0.862919
0.838539
0.808965
0.778786
0.751942
0.73093
0.716714
0.70942
0.70895
0.715172
0.727713
0.745778
0.768777
0.799062
0.842714
0.897375
0.938049
0.872566
0.876449
0.875947
0.863663
0.84092
0.812768
0.783769
0.75768
0.736902
0.722465
0.714606
0.713289
0.718456
0.729761
0.746395
0.767378
0.794249
0.835199
0.892436
0.937973
0.871176
0.875091
0.87564
0.865992
0.846317
0.820958
0.79426
0.769741
0.749711
0.735305
0.726927
0.724545
0.72824
0.737664
0.75211
0.770447
0.793541
0.830815
0.889252
0.938453
0.869298
0.873464
0.875036
0.868222
0.852354
0.830874
0.807677
0.785917
0.767699
0.754135
0.74574
0.742468
0.744469
0.751462
0.762885
0.777956
0.79705
0.829465
0.887556
0.939496
0.867027
0.871579
0.874434
0.87081
0.859552
0.843028
0.824421
0.806403
0.79082
0.778702
0.770581
0.76652
0.76655
0.770594
0.778307
0.789308
0.804089
0.830702
0.887468
0.941139
0.864817
0.869254
0.872369
0.870911
0.863794
0.852497
0.839245
0.826029
0.814223
0.804661
0.797701
0.793535
0.792029
0.793323
0.797405
0.804198
0.815124
0.836716
0.890752
0.943929
0.86324
0.868114
0.872153
0.872442
0.868937
0.862483
0.854381
0.845854
0.837791
0.830843
0.825255
0.821291
0.818937
0.81833
0.819874
0.823384
0.831534
0.848283
0.896981
0.947453
0.843796
0.864744
0.865668
0.865996
0.864228
0.861446
0.858053
0.854828
0.851825
0.84963
0.848045
0.847399
0.847583
0.848528
0.850894
0.853867
0.861393
0.874442
0.91163
0.953494
0.890102
0.903555
0.910885
0.915419
0.918001
0.919719
0.920745
0.921745
0.922494
0.923505
0.924395
0.925632
0.926765
0.928253
0.929659
0.93158
0.933953
0.938902
0.948612
0.965907
)
;

boundaryField
{
    movingWall
    {
        type            fixedValue;
        value           uniform 1;
    }
    fixedWalls
    {
        type            zeroGradient;
    }
    frontAndBack
    {
        type            empty;
    }
}


// ************************************************************************* //
