/*--------------------------------*- C++ -*----------------------------------*\
| =========                 |                                                 |
| \\      /  F ield         | OpenFOAM: The Open Source CFD Toolbox           |
|  \\    /   O peration     | Version:  2212                                  |
|   \\  /    A nd           | Website:  www.openfoam.com                      |
|    \\/     M anipulation  |                                                 |
\*---------------------------------------------------------------------------*/
FoamFile
{
    version     2.0;
    format      ascii;
    arch        "LSB;label=32;scalar=64";
    class       surfaceScalarField;
    location    "3.3";
    object      phi;
}
// * * * * * * * * * * * * * * * * * * * * * * * * * * * * * * * * * * * * * //

dimensions      [0 3 -1 0 0 0 0];

oriented        oriented;

internalField   nonuniform List<scalar> 
760
(
1.48749e-07
-1.48749e-07
2.78052e-07
-1.29303e-07
2.91012e-07
-1.29601e-08
1.65602e-07
1.2541e-07
-1.32958e-07
2.9856e-07
-6.66077e-07
5.33119e-07
-1.46494e-06
7.98859e-07
-2.44735e-06
9.82409e-07
-3.41887e-06
9.71527e-07
-4.15161e-06
7.32736e-07
-4.4787e-06
3.27087e-07
-4.30363e-06
-1.75062e-07
-3.56677e-06
-7.36863e-07
-2.37861e-06
-1.18815e-06
-9.64495e-07
-1.41412e-06
3.06722e-07
-1.27122e-06
1.04926e-06
-7.42541e-07
1.00706e-06
4.22033e-08
4.51473e-07
5.55586e-07
4.51473e-07
1.13001e-07
-2.6175e-07
5.35932e-08
-6.98948e-08
-3.14458e-07
3.55091e-07
-1.07912e-06
8.90071e-07
-2.28545e-06
1.50489e-06
-3.85859e-06
2.10626e-06
-5.55921e-06
2.49948e-06
-7.08227e-06
2.50547e-06
-8.20357e-06
2.09283e-06
-8.81094e-06
1.3401e-06
-8.85599e-06
3.72132e-07
-8.31431e-06
-7.16736e-07
-7.21674e-06
-1.83443e-06
-5.5947e-06
-2.8102e-06
-3.58921e-06
-3.4196e-06
-1.50012e-06
-3.36031e-06
1.50661e-07
-2.39332e-06
8.33623e-07
-6.40758e-07
5.14851e-07
8.74359e-07
9.66323e-07
-1.35237e-07
-1.26513e-07
-6.38019e-07
4.32886e-07
-1.6082e-06
1.32527e-06
-3.08731e-06
2.36918e-06
-4.95889e-06
3.37647e-06
-6.93676e-06
4.08413e-06
-8.71229e-06
4.27501e-06
-1.01034e-05
3.89663e-06
-1.10549e-05
3.04426e-06
-1.15575e-05
1.84268e-06
-1.15626e-05
3.77245e-07
-1.11171e-05
-1.16217e-06
-1.02041e-05
-2.74745e-06
-8.76941e-06
-4.24491e-06
-6.79219e-06
-5.39682e-06
-4.36027e-06
-5.79223e-06
-1.86731e-06
-4.88628e-06
-9.41774e-08
-2.41389e-06
2.90155e-07
4.90027e-07
1.25648e-06
-4.93952e-07
3.6744e-07
-1.5328e-06
1.47173e-06
-3.055e-06
2.84748e-06
-4.97165e-06
4.28583e-06
-7.03519e-06
5.44e-06
-8.94582e-06
5.99477e-06
-1.05006e-05
5.82983e-06
-1.16518e-05
5.04782e-06
-1.2425e-05
3.81747e-06
-1.28545e-05
2.27217e-06
-1.29274e-05
4.50103e-07
-1.26979e-05
-1.39168e-06
-1.21306e-05
-3.31471e-06
-1.11239e-05
-5.25164e-06
-9.54671e-06
-6.97398e-06
-7.27496e-06
-8.06398e-06
-4.34766e-06
-7.81358e-06
-1.36757e-06
-5.39398e-06
1.16937e-07
-9.94483e-07
1.37342e-06
-8.41344e-07
1.20878e-06
-2.30474e-06
2.93513e-06
-4.13152e-06
4.67426e-06
-6.13728e-06
6.2916e-06
-8.05006e-06
7.35277e-06
-9.64815e-06
7.59286e-06
-1.08498e-05
7.0315e-06
-1.16774e-05
5.87539e-06
-1.21914e-05
4.33148e-06
-1.24647e-05
2.54545e-06
-1.25865e-05
5.71897e-07
-1.2549e-05
-1.42917e-06
-1.23416e-05
-3.52213e-06
-1.18841e-05
-5.70911e-06
-1.099e-05
-7.86813e-06
-9.37217e-06
-9.68176e-06
-6.73603e-06
-1.04497e-05
-3.18354e-06
-8.94647e-06
-2.61718e-07
-3.9163e-06
1.1117e-06
-1.0556e-06
2.26438e-06
-2.71037e-06
4.58989e-06
-4.5617e-06
6.52558e-06
-6.38644e-06
8.11634e-06
-7.96406e-06
8.93039e-06
-9.16041e-06
8.78921e-06
-9.96548e-06
7.83657e-06
-1.04411e-05
6.35097e-06
-1.06767e-05
4.56714e-06
-1.07735e-05
2.64223e-06
-1.08535e-05
6.5187e-07
-1.09106e-05
-1.37205e-06
-1.09579e-05
-3.47483e-06
-1.09649e-05
-5.7021e-06
-1.07754e-05
-8.0576e-06
-1.00605e-05
-1.03967e-05
-8.32896e-06
-1.21813e-05
-5.17356e-06
-1.21019e-05
-1.14476e-06
-7.94511e-06
-3.30618e-08
-1.07589e-06
3.34027e-06
-2.68203e-06
6.19603e-06
-4.34409e-06
8.18764e-06
-5.85417e-06
9.62642e-06
-7.053e-06
1.01292e-05
-7.87339e-06
9.6096e-06
-8.34734e-06
8.31052e-06
-8.55915e-06
6.56278e-06
-8.61259e-06
4.62058e-06
-8.6076e-06
2.63724e-06
-8.63104e-06
6.75304e-07
-8.70576e-06
-1.29732e-06
-8.85153e-06
-3.32907e-06
-9.07875e-06
-5.47488e-06
-9.3266e-06
-7.80975e-06
-9.35801e-06
-1.03653e-05
-8.65136e-06
-1.2888e-05
-6.45741e-06
-1.42958e-05
-2.38866e-06
-1.20139e-05
-2.42172e-06
-9.04865e-07
4.24514e-06
-2.28084e-06
7.57201e-06
-3.63992e-06
9.54672e-06
-4.79963e-06
1.07861e-05
-5.65768e-06
1.09873e-05
-6.19254e-06
1.01445e-05
-6.45673e-06
8.57472e-06
-6.53947e-06
6.64551e-06
-6.5384e-06
4.61952e-06
-6.53035e-06
2.62919e-06
-6.55572e-06
7.00675e-07
-6.63396e-06
-1.21908e-06
-6.78793e-06
-3.1751e-06
-7.04877e-06
-5.21404e-06
-7.43104e-06
-7.42748e-06
-7.83661e-06
-9.95969e-06
-7.84748e-06
-1.28771e-05
-6.6463e-06
-1.5497e-05
-3.53463e-06
-1.51255e-05
-5.95635e-06
-6.02847e-07
4.84798e-06
-1.63833e-06
8.60749e-06
-2.65066e-06
1.05591e-05
-3.47478e-06
1.16103e-05
-4.05332e-06
1.15658e-05
-4.39291e-06
1.0484e-05
-4.54938e-06
8.7312e-06
-4.60049e-06
6.69662e-06
-4.6204e-06
4.63943e-06
-4.6561e-06
2.66488e-06
-4.72017e-06
7.64744e-07
-4.82064e-06
-1.11861e-06
-4.96929e-06
-3.02645e-06
-5.19682e-06
-4.98651e-06
-5.55917e-06
-7.06513e-06
-6.06553e-06
-9.45333e-06
-6.486e-06
-1.24566e-05
-6.07248e-06
-1.59105e-05
-3.88319e-06
-1.73148e-05
-9.83954e-06
-2.22499e-07
5.07048e-06
-8.65574e-07
9.25056e-06
-1.52307e-06
1.12165e-05
-2.04181e-06
1.2129e-05
-2.39228e-06
1.19163e-05
-2.59685e-06
1.06886e-05
-2.7026e-06
8.83695e-06
-2.76282e-06
6.75685e-06
-2.82367e-06
4.70028e-06
-2.90885e-06
2.75006e-06
-3.02173e-06
8.77621e-07
-3.16268e-06
-9.77655e-07
-3.33326e-06
-2.85587e-06
-3.54812e-06
-4.77165e-06
-3.86223e-06
-6.75101e-06
-4.35757e-06
-8.958e-06
-4.97136e-06
-1.18428e-05
-5.08854e-06
-1.57933e-05
-3.53442e-06
-1.88689e-05
-1.3374e-05
1.60159e-07
4.91032e-06
-6.52264e-08
9.47595e-06
-3.90166e-07
1.15415e-05
-6.34522e-07
1.23734e-05
-7.82882e-07
1.20646e-05
-8.65605e-07
1.07713e-05
-9.2242e-07
8.89376e-06
-9.85958e-07
6.82038e-06
-1.07328e-06
4.7876e-06
-1.19198e-06
2.86876e-06
-1.34374e-06
1.02938e-06
-1.53062e-06
-7.90766e-07
-1.75239e-06
-2.6341e-06
-2.00889e-06
-4.51515e-06
-2.33189e-06
-6.42801e-06
-2.81906e-06
-8.47083e-06
-3.52827e-06
-1.11336e-05
-4.00818e-06
-1.53134e-05
-3.01441e-06
-1.98627e-05
-1.63884e-05
4.84933e-07
4.42539e-06
6.78741e-07
9.28214e-06
7.22231e-07
1.1498e-05
7.60266e-07
1.23353e-05
8.09389e-07
1.20155e-05
8.42766e-07
1.0738e-05
8.38999e-07
8.89753e-06
7.89225e-07
6.87016e-06
6.95724e-07
4.88111e-06
5.61541e-07
3.00294e-06
3.83263e-07
1.20766e-06
1.5485e-07
-5.62353e-07
-1.26128e-07
-2.35312e-06
-4.67322e-07
-4.17396e-06
-8.75974e-07
-6.01936e-06
-1.40354e-06
-7.94327e-06
-2.19745e-06
-1.03397e-05
-2.95666e-06
-1.45542e-05
-2.46259e-06
-2.03568e-05
-1.8851e-05
7.28841e-07
3.69655e-06
1.31126e-06
8.69972e-06
1.69673e-06
1.11125e-05
2.02366e-06
1.20084e-05
2.29819e-06
1.1741e-05
2.48693e-06
1.05492e-05
2.57866e-06
8.8058e-06
2.58338e-06
6.86543e-06
2.51661e-06
4.94787e-06
2.38824e-06
3.13132e-06
2.19352e-06
1.40237e-06
1.91896e-06
-2.87788e-07
1.56289e-06
-1.99704e-06
1.12044e-06
-3.73152e-06
5.85108e-07
-5.48402e-06
-9.94698e-08
-7.25869e-06
-9.77002e-07
-9.46217e-06
-1.94271e-06
-1.35885e-05
-1.93635e-06
-2.03631e-05
-2.07873e-05
8.36378e-07
2.86017e-06
1.74875e-06
7.78734e-06
2.47433e-06
1.0387e-05
3.10635e-06
1.13764e-05
3.65031e-06
1.1197e-05
4.05982e-06
1.01397e-05
4.31552e-06
8.5501e-06
4.43013e-06
6.75082e-06
4.42806e-06
4.94994e-06
4.32696e-06
3.23242e-06
4.12699e-06
1.60234e-06
3.80468e-06
3.45145e-08
3.36771e-06
-1.56007e-06
2.79747e-06
-3.16128e-06
2.09239e-06
-4.77895e-06
1.26653e-06
-6.43283e-06
2.23638e-07
-8.41928e-06
-9.96577e-07
-1.23683e-05
-1.44538e-06
-1.99143e-05
-2.22327e-05
7.72285e-07
2.08788e-06
1.88178e-06
6.67785e-06
2.89864e-06
9.37009e-06
3.85532e-06
1.04197e-05
4.72207e-06
1.03303e-05
5.43025e-06
9.43152e-06
5.93742e-06
8.04294e-06
6.24473e-06
6.44351e-06
6.3741e-06
4.82058e-06
6.3463e-06
3.26021e-06
6.16348e-06
1.78517e-06
5.81871e-06
3.79287e-07
5.28922e-06
-1.03058e-06
4.57625e-06
-2.44831e-06
3.67224e-06
-3.87494e-06
2.60486e-06
-5.36545e-06
1.32621e-06
-7.14063e-06
-1.90281e-07
-1.08518e-05
-9.39732e-07
-1.91649e-05
-2.31724e-05
5.5127e-07
1.53661e-06
1.68874e-06
5.54038e-06
2.99072e-06
8.06811e-06
4.31279e-06
9.09762e-06
5.55822e-06
9.08484e-06
6.62678e-06
8.36296e-06
7.45015e-06
7.21957e-06
8.01344e-06
5.88022e-06
8.3291e-06
4.50491e-06
8.41593e-06
3.17338e-06
8.28219e-06
1.91891e-06
7.92757e-06
7.33911e-07
7.31009e-06
-4.131e-07
6.44624e-06
-1.58446e-06
5.32338e-06
-2.75208e-06
3.98337e-06
-4.02544e-06
2.48671e-06
-5.64397e-06
8.92795e-07
-9.25786e-06
-1.74502e-07
-1.80976e-05
-2.33469e-05
1.36733e-07
1.39988e-06
9.81721e-07
4.6954e-06
2.416e-06
6.63383e-06
4.09834e-06
7.41528e-06
5.78811e-06
7.39507e-06
7.29861e-06
6.85246e-06
8.52482e-06
5.99336e-06
9.43508e-06
4.96996e-06
1.00236e-05
3.91638e-06
1.03037e-05
2.89325e-06
1.02819e-05
1.94073e-06
9.96559e-06
1.05023e-06
9.31832e-06
2.3417e-07
8.34919e-06
-6.15326e-07
7.05847e-06
-1.46136e-06
5.49474e-06
-2.46171e-06
3.81324e-06
-3.96247e-06
2.18155e-06
-7.62616e-06
6.30158e-07
-1.65462e-05
-2.27168e-05
-5.06564e-07
1.90644e-06
1.77035e-07
4.0118e-06
1.6804e-06
5.13046e-06
3.68971e-06
5.40598e-06
5.7975e-06
5.28728e-06
7.72152e-06
4.92844e-06
9.32341e-06
4.39147e-06
1.05609e-05
3.73252e-06
1.14147e-05
3.06258e-06
1.19027e-05
2.40521e-06
1.20301e-05
1.81335e-06
1.18183e-05
1.26197e-06
1.12858e-05
7.6667e-07
1.04142e-05
2.56329e-07
9.20758e-06
-2.54769e-07
7.72965e-06
-9.83788e-07
6.16674e-06
-2.39956e-06
4.40225e-06
-5.86167e-06
2.0329e-06
-1.41769e-05
-2.06839e-05
-4.16785e-06
6.07429e-06
-3.63835e-06
3.4823e-06
-1.27913e-06
2.77124e-06
1.47183e-06
2.65502e-06
4.1639e-06
2.59521e-06
6.65623e-06
2.43611e-06
8.83918e-06
2.20852e-06
1.06532e-05
1.91853e-06
1.20803e-05
1.63541e-06
1.31469e-05
1.33865e-06
1.387e-05
1.09026e-06
1.42936e-05
8.38354e-07
1.44083e-05
6.5202e-07
1.42271e-05
4.37464e-07
1.37341e-05
2.38239e-07
1.29436e-05
-1.93231e-07
1.18518e-05
-1.30777e-06
1.00829e-05
-4.09283e-06
5.62577e-06
-9.71968e-06
-1.50581e-05
6.07429e-06
9.55659e-06
1.23278e-05
1.49828e-05
1.75781e-05
2.00142e-05
2.22227e-05
2.41412e-05
2.57766e-05
2.71153e-05
2.82055e-05
2.90439e-05
2.96959e-05
3.01334e-05
3.03716e-05
3.01784e-05
2.88706e-05
2.47778e-05
1.50581e-05
)
;

boundaryField
{
    movingWall
    {
        type            calculated;
        value           uniform 0;
    }
    fixedWalls
    {
        type            calculated;
        value           uniform 0;
    }
    frontAndBack
    {
        type            empty;
        value           nonuniform List<scalar> 0();
    }
}


// ************************************************************************* //
