/*--------------------------------*- C++ -*----------------------------------*\
| =========                 |                                                 |
| \\      /  F ield         | OpenFOAM: The Open Source CFD Toolbox           |
|  \\    /   O peration     | Version:  2212                                  |
|   \\  /    A nd           | Website:  www.openfoam.com                      |
|    \\/     M anipulation  |                                                 |
\*---------------------------------------------------------------------------*/
FoamFile
{
    version     2.0;
    format      ascii;
    arch        "LSB;label=32;scalar=64";
    class       volScalarField;
    location    "21.2";
    object      T;
}
// * * * * * * * * * * * * * * * * * * * * * * * * * * * * * * * * * * * * * //

dimensions      [0 0 0 1 0 0 0];

internalField   nonuniform List<scalar> 
400
(
0.988306
0.98855
0.989044
0.989774
0.990628
0.991411
0.991975
0.992306
0.992486
0.992609
0.992722
0.992838
0.992963
0.993093
0.993207
0.993274
0.993241
0.993053
0.99274
0.992484
0.988617
0.988915
0.989513
0.99037
0.991279
0.991953
0.992285
0.992402
0.992442
0.992472
0.992534
0.992653
0.992838
0.993078
0.993326
0.993508
0.993511
0.993251
0.992839
0.992543
0.989101
0.989503
0.990248
0.991147
0.991856
0.992157
0.992143
0.991993
0.991807
0.991667
0.991642
0.991784
0.992094
0.992562
0.993104
0.993598
0.993837
0.993615
0.99302
0.992652
0.989575
0.990084
0.990897
0.991625
0.991934
0.991788
0.991379
0.990858
0.990344
0.989964
0.989816
0.98998
0.990437
0.991195
0.992153
0.99316
0.993943
0.994143
0.993485
0.992905
0.989939
0.990509
0.991257
0.991658
0.991489
0.990859
0.989978
0.989009
0.988124
0.987478
0.987186
0.987344
0.987925
0.988952
0.99033
0.991911
0.993417
0.994423
0.994318
0.993374
0.990178
0.990743
0.991317
0.991316
0.99065
0.989518
0.988146
0.986738
0.985511
0.98463
0.984211
0.984332
0.98499
0.986196
0.987889
0.989942
0.99211
0.993994
0.994934
0.994059
0.990308
0.99081
0.991147
0.990737
0.989605
0.988009
0.986199
0.984432
0.982948
0.98191
0.981415
0.981503
0.982185
0.983466
0.985324
0.987679
0.990333
0.992916
0.994835
0.995043
0.990361
0.990771
0.99087
0.990101
0.988568
0.986575
0.984414
0.982386
0.980741
0.979624
0.979099
0.979174
0.979849
0.981124
0.983005
0.985482
0.988448
0.991569
0.994231
0.995569
0.99036
0.990673
0.990563
0.989506
0.987663
0.985374
0.982967
0.980771
0.979034
0.977879
0.977342
0.977411
0.978073
0.979312
0.981132
0.983576
0.986672
0.990199
0.993457
0.995328
0.990327
0.990559
0.990307
0.989071
0.987027
0.984542
0.981974
0.97967
0.977872
0.976686
0.976127
0.97618
0.976826
0.978034
0.979779
0.982105
0.98516
0.988932
0.992756
0.995145
0.990272
0.99045
0.990118
0.988796
0.986656
0.984081
0.981446
0.979096
0.977262
0.976039
0.97544
0.975454
0.976067
0.97724
0.978919
0.981103
0.983996
0.987834
0.992105
0.995028
0.990203
0.990355
0.990022
0.988731
0.986618
0.984061
0.98144
0.979089
0.977232
0.975965
0.97531
0.975262
0.975811
0.976921
0.97852
0.980551
0.983205
0.986966
0.991583
0.994965
0.990117
0.990271
0.989986
0.98881
0.986826
0.984391
0.981873
0.979592
0.977759
0.976477
0.975773
0.97565
0.976104
0.977104
0.978574
0.980427
0.98279
0.986331
0.991172
0.994958
0.990008
0.990189
0.990008
0.98904
0.987303
0.985104
0.982788
0.980648
0.978888
0.977614
0.976868
0.976652
0.976975
0.977805
0.979079
0.980697
0.982731
0.985963
0.990906
0.994996
0.989867
0.990088
0.990007
0.989267
0.987838
0.985966
0.983953
0.98206
0.980467
0.979274
0.978531
0.978238
0.978411
0.979025
0.98003
0.981357
0.98304
0.985857
0.990769
0.995082
0.9897
0.989971
0.990022
0.989549
0.988493
0.987032
0.985411
0.983844
0.982486
0.981426
0.980713
0.980355
0.980355
0.980709
0.981386
0.982355
0.983657
0.985972
0.990765
0.995218
0.989533
0.9898
0.989895
0.989614
0.988904
0.987879
0.98671
0.985556
0.984527
0.983693
0.983085
0.982721
0.982589
0.982704
0.983063
0.983662
0.984621
0.986496
0.991045
0.995449
0.989415
0.989741
0.989937
0.989821
0.989418
0.988799
0.988062
0.987304
0.986594
0.985986
0.985499
0.985154
0.98495
0.984899
0.985035
0.985343
0.986047
0.987488
0.991569
0.99574
0.987815
0.989381
0.989372
0.989313
0.989095
0.988808
0.98848
0.988176
0.987896
0.98769
0.987539
0.98747
0.987473
0.987543
0.987734
0.987978
0.988605
0.989698
0.992792
0.996238
0.991442
0.992476
0.993029
0.99336
0.993536
0.993646
0.993703
0.993761
0.993802
0.993867
0.993924
0.994011
0.994093
0.994203
0.99431
0.994458
0.994648
0.995049
0.995849
0.997257
)
;

boundaryField
{
    movingWall
    {
        type            fixedValue;
        value           uniform 1;
    }
    fixedWalls
    {
        type            zeroGradient;
    }
    frontAndBack
    {
        type            empty;
    }
}


// ************************************************************************* //
