/*--------------------------------*- C++ -*----------------------------------*\
| =========                 |                                                 |
| \\      /  F ield         | OpenFOAM: The Open Source CFD Toolbox           |
|  \\    /   O peration     | Version:  2212                                  |
|   \\  /    A nd           | Website:  www.openfoam.com                      |
|    \\/     M anipulation  |                                                 |
\*---------------------------------------------------------------------------*/
FoamFile
{
    version     2.0;
    format      ascii;
    arch        "LSB;label=32;scalar=64";
    class       volScalarField;
    location    "11.9";
    object      p;
}
// * * * * * * * * * * * * * * * * * * * * * * * * * * * * * * * * * * * * * //

dimensions      [0 2 -2 0 0 0 0];

internalField   nonuniform List<scalar> 
400
(
4.05059e-07
-0.000150597
-0.000534679
-0.00107188
-0.00173261
-0.00249409
-0.00318522
-0.00359779
-0.00356556
-0.00293429
-0.00154874
0.000619217
0.00324944
0.00551396
0.00653364
0.00592276
0.00400195
0.00214952
0.00111052
0.00104146
0.000116289
-5.81268e-05
-0.000377073
-0.000764249
-0.00124417
-0.0018883
-0.00270642
-0.00354375
-0.00408024
-0.00393866
-0.00284665
-0.000825062
0.0016892
0.00396078
0.00512458
0.00474297
0.00310286
0.00137462
0.000593029
0.00068407
0.000536408
0.000264937
-7.73558e-05
-0.000559716
-0.00134743
-0.00258083
-0.0042194
-0.00598409
-0.00740289
-0.0079442
-0.0072645
-0.00546228
-0.00289191
-0.000194882
0.00179154
0.00242755
0.00170862
0.000501922
-0.00039627
-0.000392981
0.00115192
0.000741235
0.000191844
-0.000774897
-0.0024513
-0.00493809
-0.00799548
-0.0111209
-0.0137037
-0.0151773
-0.0152072
-0.0138402
-0.011294
-0.00802941
-0.00475258
-0.00221008
-0.000870757
-0.000706597
-0.00128921
-0.00191853
0.00158332
0.000973715
-2.29137e-05
-0.00192422
-0.0050069
-0.00918041
-0.0139141
-0.0184802
-0.0222166
-0.0246533
-0.0255289
-0.0247232
-0.0223637
-0.0187438
-0.0143049
-0.00965604
-0.00559247
-0.00294928
-0.00219364
-0.00401836
0.00129337
0.000445023
-0.0011974
-0.00430454
-0.0090053
-0.014881
-0.0210732
-0.0267157
-0.0311916
-0.0341789
-0.0355457
-0.0351897
-0.0331971
-0.0297189
-0.0248996
-0.0189612
-0.0125056
-0.00694871
-0.00440126
-0.00652457
-4.83031e-05
-0.00114757
-0.00349954
-0.00779703
-0.0139328
-0.0211147
-0.0282366
-0.0344081
-0.039129
-0.0422323
-0.0437201
-0.0436107
-0.0419729
-0.0388789
-0.034311
-0.0281573
-0.0205392
-0.0127031
-0.00785513
-0.00774833
-0.00245048
-0.0037422
-0.0066987
-0.0119136
-0.0190402
-0.0269822
-0.0345045
-0.0407795
-0.0454511
-0.0484773
-0.04994
-0.0499313
-0.0485305
-0.0457886
-0.0416625
-0.0359268
-0.0283258
-0.0193713
-0.0118226
-0.00798085
-0.00553766
-0.00691525
-0.0102638
-0.0160221
-0.0236585
-0.0318899
-0.0394517
-0.0456133
-0.0501378
-0.0530579
-0.054487
-0.0545271
-0.0532529
-0.0507259
-0.0469622
-0.0418121
-0.034868
-0.0259479
-0.0167094
-0.0099948
-0.00873379
-0.0100859
-0.0135978
-0.0195424
-0.0272866
-0.0354874
-0.0429125
-0.0489101
-0.0533098
-0.0561678
-0.0575917
-0.0576629
-0.0564445
-0.0540113
-0.0504513
-0.0457606
-0.0396342
-0.0315242
-0.0223214
-0.0143401
-0.0115041
-0.012758
-0.0162193
-0.0220544
-0.0296073
-0.0375888
-0.0448267
-0.0506995
-0.055043
-0.0578944
-0.0593367
-0.0594282
-0.058219
-0.055789
-0.0522869
-0.0478524
-0.0424312
-0.0353827
-0.0271981
-0.0191795
-0.0135493
-0.0146187
-0.0178559
-0.0233155
-0.030431
-0.0380629
-0.0451179
-0.0509498
-0.0553291
-0.0582405
-0.0597282
-0.0598306
-0.0585885
-0.0560831
-0.0525156
-0.0481381
-0.0432069
-0.0370564
-0.030032
-0.0224173
-0.0148374
-0.0155678
-0.0183518
-0.0232102
-0.0296933
-0.0368788
-0.0437646
-0.0496401
-0.0541548
-0.0572009
-0.0587699
-0.058877
-0.0575577
-0.0549158
-0.0511771
-0.0466558
-0.0419654
-0.0363001
-0.0302261
-0.0228959
-0.0154677
-0.015722
-0.0177772
-0.0217462
-0.0273895
-0.0340315
-0.0407504
-0.0467404
-0.0514927
-0.054768
-0.056482
-0.056623
-0.0552013
-0.0523527
-0.0483459
-0.0435816
-0.0387305
-0.0331413
-0.0280995
-0.0202792
-0.0155743
-0.0152981
-0.0163379
-0.0190876
-0.0236529
-0.0296339
-0.0361714
-0.0423356
-0.0474274
-0.0510392
-0.0529799
-0.0531832
-0.0516907
-0.0485911
-0.0442265
-0.0390536
-0.0337817
-0.0280715
-0.0242314
-0.0143849
-0.0152767
-0.01455
-0.0142606
-0.0154258
-0.0186847
-0.0238944
-0.0302312
-0.0366145
-0.0421376
-0.0462009
-0.0484891
-0.0488661
-0.0473529
-0.0440206
-0.0392487
-0.0335187
-0.0276411
-0.0216292
-0.0180534
-0.00383284
-0.0146619
-0.0136181
-0.0117067
-0.0110809
-0.0129535
-0.0173801
-0.0235338
-0.0301702
-0.036193
-0.0408113
-0.0435784
-0.0442614
-0.0428504
-0.0393761
-0.0341851
-0.0276896
-0.0206822
-0.0132761
-0.00678575
0.016053
-0.0145831
-0.012657
-0.00864835
-0.00623451
-0.00690997
-0.0107457
-0.0168177
-0.0237398
-0.0302984
-0.035539
-0.0389034
-0.0400348
-0.0388773
-0.0354478
-0.0298957
-0.0222757
-0.0128726
-0.000688157
0.016695
0.0570639
-0.0117945
-0.0118306
-0.00572601
-0.00177494
-0.00176492
-0.00540465
-0.0115751
-0.0188148
-0.0258754
-0.0316873
-0.0356621
-0.0373617
-0.0366851
-0.0333552
-0.027224
-0.0175415
-0.00314822
0.0204903
0.0607043
0.129821
-0.0295167
-0.0106296
-0.00060878
0.00308088
0.00244831
-0.00155694
-0.00799936
-0.0155532
-0.022976
-0.0291736
-0.0335317
-0.0355878
-0.035201
-0.0319556
-0.0252275
-0.0128599
0.00942265
0.0511715
0.122878
0.226076
)
;

boundaryField
{
    movingWall
    {
        type            zeroGradient;
    }
    fixedWalls
    {
        type            zeroGradient;
    }
    frontAndBack
    {
        type            empty;
    }
}


// ************************************************************************* //
