/*--------------------------------*- C++ -*----------------------------------*\
| =========                 |                                                 |
| \\      /  F ield         | OpenFOAM: The Open Source CFD Toolbox           |
|  \\    /   O peration     | Version:  2212                                  |
|   \\  /    A nd           | Website:  www.openfoam.com                      |
|    \\/     M anipulation  |                                                 |
\*---------------------------------------------------------------------------*/
FoamFile
{
    version     2.0;
    format      ascii;
    arch        "LSB;label=32;scalar=64";
    class       surfaceScalarField;
    location    "11.9";
    object      phi;
}
// * * * * * * * * * * * * * * * * * * * * * * * * * * * * * * * * * * * * * //

dimensions      [0 3 -1 0 0 0 0];

oriented        oriented;

internalField   nonuniform List<scalar> 
760
(
1.56088e-07
-1.56125e-07
2.93634e-07
-1.37546e-07
3.09998e-07
-1.6364e-08
1.83689e-07
1.2631e-07
-1.20302e-07
3.0399e-07
-6.65926e-07
5.45624e-07
-1.48528e-06
8.1935e-07
-2.49088e-06
1.0056e-06
-3.48036e-06
9.8949e-07
-4.22036e-06
7.39996e-07
-4.54399e-06
3.23624e-07
-4.35366e-06
-1.90331e-07
-3.59375e-06
-7.59902e-07
-2.37897e-06
-1.21478e-06
-9.39994e-07
-1.43898e-06
3.47778e-07
-1.28777e-06
1.08996e-06
-7.42183e-07
1.03309e-06
5.68683e-08
4.61e-07
5.72093e-07
4.61e-07
1.25053e-07
-2.81178e-07
7.46173e-08
-8.71099e-08
-2.97018e-07
3.55271e-07
-1.07891e-06
9.08198e-07
-2.31595e-06
1.54103e-06
-3.92744e-06
2.15711e-06
-5.66235e-06
2.55427e-06
-7.20709e-06
2.55034e-06
-8.337e-06
2.1194e-06
-8.94234e-06
1.34534e-06
-8.97626e-06
3.57542e-07
-8.41625e-06
-7.50344e-07
-7.29366e-06
-1.88249e-06
-5.64204e-06
-2.86639e-06
-3.60581e-06
-3.47521e-06
-1.49022e-06
-3.40337e-06
1.7875e-07
-2.41115e-06
8.59003e-07
-6.23385e-07
5.25714e-07
9.05382e-07
9.86714e-07
-1.27596e-07
-1.53582e-07
-6.33928e-07
4.19222e-07
-1.62494e-06
1.34629e-06
-3.14151e-06
2.42477e-06
-5.05759e-06
3.45712e-06
-7.07347e-06
4.17299e-06
-8.87358e-06
4.35437e-06
-1.02778e-05
3.9546e-06
-1.12346e-05
3.07618e-06
-1.17362e-05
1.8469e-06
-1.17302e-05
3.51581e-07
-1.12713e-05
-1.20927e-06
-1.03386e-05
-2.81521e-06
-8.87792e-06
-4.32706e-06
-6.86963e-06
-5.4835e-06
-4.40324e-06
-5.86975e-06
-1.87874e-06
-4.93565e-06
-8.63902e-08
-2.41574e-06
2.94694e-07
5.24297e-07
1.28141e-06
-5.00533e-07
3.46951e-07
-1.56002e-06
1.4787e-06
-3.11956e-06
2.90583e-06
-5.0815e-06
4.38671e-06
-7.18543e-06
5.56105e-06
-9.12346e-06
6.11102e-06
-1.06933e-05
5.92425e-06
-1.18526e-05
5.11383e-06
-1.26292e-05
3.85282e-06
-1.30578e-05
2.27555e-06
-1.31229e-05
4.16625e-07
-1.28834e-05
-1.44879e-06
-1.23005e-05
-3.39804e-06
-1.12726e-05
-5.355e-06
-9.66888e-06
-7.08722e-06
-7.36472e-06
-8.17392e-06
-4.39881e-06
-7.90156e-06
-1.37807e-06
-5.43647e-06
1.20739e-07
-9.7451e-07
1.40215e-06
-8.61968e-07
1.20892e-06
-2.36178e-06
2.97851e-06
-4.23292e-06
4.77697e-06
-6.28034e-06
6.43413e-06
-8.22281e-06
7.50351e-06
-9.83759e-06
7.72581e-06
-1.1048e-05
7.13469e-06
-1.18807e-05
5.94647e-06
-1.23973e-05
4.36944e-06
-1.26705e-05
2.54876e-06
-1.27911e-05
5.37212e-07
-1.27454e-05
-1.49444e-06
-1.25248e-05
-3.61873e-06
-1.20501e-05
-5.82961e-06
-1.11354e-05
-8.00196e-06
-9.49262e-06
-9.8167e-06
-6.82232e-06
-1.05719e-05
-3.22304e-06
-9.03576e-06
-2.61166e-07
-3.93638e-06
1.14098e-06
-1.08714e-06
2.29606e-06
-2.78473e-06
4.67611e-06
-4.67861e-06
6.67084e-06
-6.53674e-06
8.29227e-06
-8.1348e-06
9.10156e-06
-9.34175e-06
8.93276e-06
-1.01536e-05
7.94656e-06
-1.06355e-05
6.42837e-06
-1.08776e-05
4.61155e-06
-1.09796e-05
2.65075e-06
-1.10628e-05
6.20423e-07
-1.11134e-05
-1.44391e-06
-1.11475e-05
-3.58462e-06
-1.11363e-05
-5.84079e-06
-1.09265e-05
-8.21171e-06
-1.01913e-05
-1.0552e-05
-8.43617e-06
-1.2327e-05
-5.24511e-06
-1.22268e-05
-1.15868e-06
-8.02282e-06
-1.76971e-08
-1.11126e-06
3.40732e-06
-2.75943e-06
6.32428e-06
-4.45749e-06
8.36889e-06
-5.9936e-06
9.82838e-06
-7.20766e-06
1.03156e-05
-8.03738e-06
9.76247e-06
-8.52051e-06
8.42969e-06
-8.74405e-06
6.65191e-06
-8.81144e-06
4.67895e-06
-8.81938e-06
2.65869e-06
-8.84994e-06
6.50982e-07
-8.92128e-06
-1.37257e-06
-9.05336e-06
-3.45254e-06
-9.25785e-06
-5.63629e-06
-9.4788e-06
-7.99077e-06
-9.48545e-06
-1.05453e-05
-8.75913e-06
-1.30533e-05
-6.54133e-06
-1.44446e-05
-2.42499e-06
-1.21392e-05
-2.44269e-06
-9.36647e-07
4.34397e-06
-2.34904e-06
7.73667e-06
-3.73704e-06
9.75689e-06
-4.91713e-06
1.10085e-05
-5.78838e-06
1.11869e-05
-6.334e-06
1.03081e-05
-6.6112e-06
8.70689e-06
-6.71098e-06
6.75168e-06
-6.72915e-06
4.69712e-06
-6.73839e-06
2.66793e-06
-6.77403e-06
6.86619e-07
-6.85283e-06
-1.29376e-06
-6.99573e-06
-3.30965e-06
-7.23336e-06
-5.39866e-06
-7.58334e-06
-7.64079e-06
-7.95571e-06
-1.01729e-05
-7.94146e-06
-1.30675e-05
-6.72262e-06
-1.56635e-05
-3.58989e-06
-1.52719e-05
-6.03258e-06
-6.26077e-07
4.97005e-06
-1.68978e-06
8.80038e-06
-2.72406e-06
1.07912e-05
-3.56429e-06
1.18487e-05
-4.15498e-06
1.17776e-05
-4.50633e-06
1.06594e-05
-4.67726e-06
8.87783e-06
-4.74611e-06
6.82053e-06
-4.78496e-06
4.73597e-06
-4.83701e-06
2.71998e-06
-4.91207e-06
7.61671e-07
-5.01627e-06
-1.18955e-06
-5.15938e-06
-3.16654e-06
-5.36991e-06
-5.18813e-06
-5.70304e-06
-7.30766e-06
-6.17298e-06
-9.703e-06
-6.56307e-06
-1.26774e-05
-6.13297e-06
-1.60936e-05
-3.92713e-06
-1.74777e-05
-9.95971e-06
-2.33281e-07
5.20333e-06
-8.95049e-07
9.46215e-06
-1.56762e-06
1.14637e-05
-2.09818e-06
1.23793e-05
-2.45909e-06
1.21385e-05
-2.67465e-06
1.0875e-05
-2.79306e-06
8.99624e-06
-2.86752e-06
6.89499e-06
-2.94247e-06
4.81093e-06
-3.03973e-06
2.81724e-06
-3.16198e-06
8.83919e-07
-3.30869e-06
-1.04284e-06
-3.4799e-06
-2.99533e-06
-3.68764e-06
-4.98039e-06
-3.98224e-06
-7.01306e-06
-4.44615e-06
-9.23908e-06
-5.02809e-06
-1.20955e-05
-5.12739e-06
-1.59943e-05
-3.56077e-06
-1.90443e-05
-1.35205e-05
1.63764e-07
5.03956e-06
-7.04651e-08
9.69638e-06
-4.03947e-07
1.17972e-05
-6.55491e-07
1.26308e-05
-8.11034e-07
1.2294e-05
-9.01718e-07
1.09657e-05
-9.66899e-07
9.06142e-06
-1.03843e-06
6.96652e-06
-1.13283e-06
4.90533e-06
-1.25788e-06
2.94228e-06
-1.41614e-06
1.04218e-06
-1.60974e-06
-8.49232e-07
-1.8371e-06
-2.76797e-06
-2.09582e-06
-4.72167e-06
-2.41306e-06
-6.69582e-06
-2.88018e-06
-8.77196e-06
-3.56278e-06
-1.14129e-05
-4.02716e-06
-1.55299e-05
-3.02688e-06
-2.00446e-05
-1.65474e-05
5.02492e-07
4.53707e-06
7.00733e-07
9.49814e-06
7.44134e-07
1.17538e-05
7.79885e-07
1.25951e-05
8.24846e-07
1.22491e-05
8.53718e-07
1.09368e-05
8.4687e-07
9.06827e-06
7.96116e-07
7.01727e-06
7.02251e-07
4.9992e-06
5.66962e-07
3.07757e-06
3.8501e-07
1.22413e-06
1.50205e-07
-6.14427e-07
-1.38989e-07
-2.47878e-06
-4.89209e-07
-4.37145e-06
-9.03958e-07
-6.28107e-06
-1.42658e-06
-8.24935e-06
-2.20456e-06
-1.06349e-05
-2.95402e-06
-1.47804e-05
-2.46097e-06
-2.05377e-05
-1.90083e-05
7.59806e-07
3.77727e-06
1.35961e-06
8.89833e-06
1.75411e-06
1.13593e-05
2.08519e-06
1.2264e-05
2.35975e-06
1.19745e-05
2.54766e-06
1.07489e-05
2.64088e-06
8.97506e-06
2.65009e-06
7.00806e-06
2.58925e-06
5.06004e-06
2.46466e-06
3.20216e-06
2.26867e-06
1.42013e-06
1.98717e-06
-3.32929e-07
1.62086e-06
-2.11247e-06
1.16485e-06
-3.91544e-06
6.14947e-07
-5.73116e-06
-7.99322e-08
-7.55447e-06
-9.53679e-07
-9.76118e-06
-1.91681e-06
-1.38173e-05
-1.92414e-06
-2.05304e-05
-2.09325e-05
8.75573e-07
2.90169e-06
1.81909e-06
7.95481e-06
2.56418e-06
1.06142e-05
3.20829e-06
1.16199e-05
3.75891e-06
1.14239e-05
4.17284e-06
1.0335e-05
4.43429e-06
8.71361e-06
4.5572e-06
6.88515e-06
4.56435e-06
5.05289e-06
4.47069e-06
3.29582e-06
4.27397e-06
1.61685e-06
3.9415e-06
-4.64609e-10
3.49413e-06
-1.66509e-06
2.90621e-06
-3.32753e-06
2.17905e-06
-5.00401e-06
1.33187e-06
-6.70728e-06
2.74373e-07
-8.70368e-06
-9.5312e-07
-1.25898e-05
-1.42487e-06
-2.00586e-05
-2.23573e-05
8.11454e-07
2.09024e-06
1.96508e-06
6.80119e-06
3.01276e-06
9.56654e-06
3.99086e-06
1.06418e-05
4.87247e-06
1.05423e-05
5.5916e-06
9.61583e-06
6.10917e-06
8.19604e-06
6.4281e-06
6.56622e-06
6.56909e-06
4.9119e-06
6.54992e-06
3.31499e-06
6.36869e-06
1.79808e-06
6.02271e-06
3.45521e-07
5.47889e-06
-1.12127e-06
4.74477e-06
-2.59341e-06
3.81257e-06
-4.0718e-06
2.71134e-06
-5.60606e-06
1.40178e-06
-7.39412e-06
-1.48895e-07
-1.10391e-05
-9.09015e-07
-1.92985e-05
-2.32663e-05
5.81469e-07
1.50877e-06
1.77032e-06
5.61234e-06
3.11552e-06
8.22134e-06
4.47325e-06
9.28404e-06
5.74602e-06
9.26951e-06
6.83522e-06
8.52662e-06
7.67544e-06
7.35582e-06
8.25398e-06
5.98769e-06
8.58305e-06
4.58282e-06
8.67923e-06
3.21882e-06
8.54909e-06
1.92822e-06
8.18972e-06
7.04893e-07
7.55696e-06
-4.88516e-07
6.6683e-06
-1.70475e-06
5.51113e-06
-2.91463e-06
4.12651e-06
-4.22144e-06
2.58857e-06
-5.85618e-06
9.69131e-07
-9.41967e-06
-1.38897e-07
-1.81905e-05
-2.34052e-05
1.54341e-07
1.35443e-06
1.04872e-06
4.71796e-06
2.53358e-06
6.73648e-06
4.26372e-06
7.5539e-06
5.99376e-06
7.53946e-06
7.53593e-06
6.98445e-06
8.78753e-06
6.10422e-06
9.71872e-06
5.0565e-06
1.03245e-05
3.97704e-06
1.06162e-05
2.92716e-06
1.05996e-05
1.9448e-06
1.02802e-05
1.02423e-06
9.61174e-06
1.7999e-07
8.61675e-06
-7.09768e-07
7.285e-06
-1.58287e-06
5.66872e-06
-2.60516e-06
3.92918e-06
-4.11663e-06
2.25074e-06
-7.74123e-06
6.56945e-07
-1.65967e-05
-2.27483e-05
-5.19158e-07
1.87359e-06
2.03736e-07
3.99506e-06
1.76794e-06
5.17228e-06
3.84156e-06
5.48028e-06
6.00734e-06
5.37368e-06
7.97824e-06
5.01356e-06
9.61761e-06
4.46484e-06
1.08838e-05
3.79026e-06
1.17594e-05
3.10152e-06
1.22602e-05
2.42628e-06
1.23899e-05
1.81517e-06
1.2168e-05
1.24615e-06
1.16187e-05
7.29195e-07
1.07125e-05
1.96521e-07
9.45386e-06
-3.24274e-07
7.91678e-06
-1.06808e-06
6.28713e-06
-2.48698e-06
4.46685e-06
-5.92095e-06
2.05977e-06
-1.41896e-05
-2.06885e-05
-4.18158e-06
6.05517e-06
-3.64417e-06
3.45765e-06
-1.2438e-06
2.77191e-06
1.5627e-06
2.67378e-06
4.31133e-06
2.62505e-06
6.85499e-06
2.4699e-06
9.07996e-06
2.23987e-06
1.09257e-05
1.9445e-06
1.23736e-05
1.65359e-06
1.34507e-05
1.34928e-06
1.41737e-05
1.0921e-06
1.45876e-05
8.32243e-07
1.468e-05
6.3688e-07
1.44596e-05
4.1688e-07
1.39227e-05
2.12635e-07
1.30851e-05
-2.30512e-07
1.19347e-05
-1.33661e-06
1.01167e-05
-4.10292e-06
5.6396e-06
-9.71246e-06
-1.50489e-05
6.05517e-06
9.51282e-06
1.22847e-05
1.49585e-05
1.75836e-05
2.00535e-05
2.22933e-05
2.42378e-05
2.58914e-05
2.72407e-05
2.83328e-05
2.9165e-05
2.98019e-05
3.02188e-05
3.04314e-05
3.02009e-05
2.88643e-05
2.47614e-05
1.50489e-05
)
;

boundaryField
{
    movingWall
    {
        type            calculated;
        value           uniform 0;
    }
    fixedWalls
    {
        type            calculated;
        value           uniform 0;
    }
    frontAndBack
    {
        type            empty;
        value           nonuniform List<scalar> 0();
    }
}


// ************************************************************************* //
