/*--------------------------------*- C++ -*----------------------------------*\
| =========                 |                                                 |
| \\      /  F ield         | OpenFOAM: The Open Source CFD Toolbox           |
|  \\    /   O peration     | Version:  2212                                  |
|   \\  /    A nd           | Website:  www.openfoam.com                      |
|    \\/     M anipulation  |                                                 |
\*---------------------------------------------------------------------------*/
FoamFile
{
    version     2.0;
    format      ascii;
    arch        "LSB;label=32;scalar=64";
    class       volScalarField;
    location    "11.9";
    object      T;
}
// * * * * * * * * * * * * * * * * * * * * * * * * * * * * * * * * * * * * * //

dimensions      [0 0 0 1 0 0 0];

internalField   nonuniform List<scalar> 
400
(
0.928122
0.929718
0.932962
0.937754
0.943323
0.948374
0.95196
0.954019
0.955114
0.955853
0.956521
0.957209
0.957942
0.958694
0.959347
0.959707
0.959456
0.958253
0.95628
0.954663
0.930178
0.932132
0.936046
0.941637
0.947526
0.951835
0.953924
0.954653
0.954911
0.955105
0.955484
0.956194
0.957283
0.95869
0.960127
0.961154
0.961097
0.959447
0.956873
0.955016
0.93339
0.936006
0.940856
0.946685
0.951256
0.953196
0.953166
0.952319
0.951248
0.950437
0.950307
0.95115
0.952977
0.955731
0.958911
0.961781
0.963108
0.96166
0.957964
0.95567
0.936534
0.939831
0.945111
0.949842
0.951888
0.951099
0.94872
0.94568
0.942669
0.940443
0.939574
0.940548
0.943242
0.947718
0.953361
0.959287
0.963861
0.964914
0.960801
0.957213
0.938955
0.942648
0.947531
0.95022
0.949342
0.94566
0.9405
0.934805
0.929596
0.925795
0.924079
0.92501
0.928437
0.934488
0.942616
0.951947
0.960834
0.966724
0.965922
0.960092
0.94056
0.944245
0.948067
0.948296
0.944427
0.937779
0.929719
0.921435
0.914214
0.909033
0.906573
0.907282
0.911148
0.918242
0.928213
0.940317
0.953126
0.964261
0.969758
0.964315
0.941467
0.944782
0.94717
0.944926
0.938288
0.928901
0.918262
0.907867
0.899152
0.893061
0.890159
0.890672
0.894675
0.902196
0.91311
0.926968
0.94262
0.957886
0.969247
0.970366
0.941872
0.944638
0.945593
0.941194
0.932185
0.920467
0.907766
0.895853
0.886203
0.879658
0.876587
0.877024
0.880979
0.888453
0.899482
0.914036
0.931501
0.949922
0.965676
0.973612
0.941935
0.944108
0.943808
0.937699
0.92686
0.913404
0.899266
0.88638
0.876202
0.869447
0.866309
0.866713
0.870583
0.877833
0.888492
0.902831
0.921037
0.94183
0.961089
0.972181
0.941781
0.943459
0.942303
0.935132
0.923118
0.908512
0.893435
0.879926
0.869401
0.862466
0.859205
0.859518
0.863293
0.870355
0.880567
0.894197
0.912135
0.93435
0.956946
0.971101
0.941484
0.94281
0.941178
0.933509
0.920935
0.905805
0.890336
0.876563
0.865833
0.858687
0.855191
0.855276
0.858855
0.865715
0.875535
0.88832
0.905285
0.927871
0.953092
0.970412
0.941084
0.942236
0.940582
0.933112
0.920705
0.905686
0.890297
0.876518
0.865652
0.858251
0.854425
0.854148
0.857357
0.863849
0.873198
0.88508
0.900634
0.922753
0.950008
0.970035
0.940576
0.941704
0.940331
0.933558
0.921925
0.907621
0.892841
0.879464
0.868738
0.861238
0.857127
0.856412
0.85907
0.864914
0.873514
0.884356
0.898194
0.919005
0.947573
0.969994
0.939926
0.941182
0.940397
0.934874
0.924711
0.911802
0.898202
0.885653
0.875344
0.867887
0.863525
0.862263
0.864154
0.869013
0.876468
0.885934
0.897843
0.916826
0.946001
0.970226
0.939071
0.940538
0.940332
0.936167
0.927837
0.916857
0.905043
0.893933
0.88459
0.877601
0.873253
0.871543
0.872555
0.876149
0.88203
0.889801
0.899653
0.91619
0.945181
0.970736
0.938054
0.939794
0.940337
0.937749
0.931646
0.923102
0.913591
0.904396
0.896428
0.890213
0.886034
0.883934
0.883936
0.886009
0.889974
0.895644
0.903267
0.916857
0.945153
0.97154
0.937045
0.938754
0.939524
0.938065
0.934006
0.928043
0.921204
0.914434
0.908396
0.903504
0.899937
0.8978
0.897026
0.897695
0.899796
0.903303
0.908922
0.919932
0.946804
0.972909
0.936332
0.938361
0.939698
0.939187
0.936943
0.933378
0.929093
0.924663
0.920508
0.916943
0.914083
0.912059
0.910859
0.910558
0.91135
0.913156
0.917296
0.925769
0.949899
0.974634
0.926838
0.93633
0.936388
0.936144
0.934945
0.933312
0.931427
0.929669
0.92805
0.926856
0.925984
0.925594
0.925627
0.926052
0.927189
0.928641
0.932354
0.938816
0.957136
0.97759
0.948597
0.954826
0.95817
0.960188
0.961279
0.961971
0.962344
0.96272
0.962989
0.963396
0.963756
0.964292
0.964789
0.96546
0.966105
0.966997
0.968131
0.970518
0.975266
0.983642
)
;

boundaryField
{
    movingWall
    {
        type            fixedValue;
        value           uniform 1;
    }
    fixedWalls
    {
        type            zeroGradient;
    }
    frontAndBack
    {
        type            empty;
    }
}


// ************************************************************************* //
