/*--------------------------------*- C++ -*----------------------------------*\
| =========                 |                                                 |
| \\      /  F ield         | OpenFOAM: The Open Source CFD Toolbox           |
|  \\    /   O peration     | Version:  2212                                  |
|   \\  /    A nd           | Website:  www.openfoam.com                      |
|    \\/     M anipulation  |                                                 |
\*---------------------------------------------------------------------------*/
FoamFile
{
    version     2.0;
    format      ascii;
    arch        "LSB;label=32;scalar=64";
    class       volScalarField;
    location    "12.1";
    object      T;
}
// * * * * * * * * * * * * * * * * * * * * * * * * * * * * * * * * * * * * * //

dimensions      [0 0 0 1 0 0 0];

internalField   nonuniform List<scalar> 
400
(
0.931029
0.932552
0.935648
0.940224
0.945544
0.950372
0.953805
0.955779
0.956831
0.957542
0.958185
0.958848
0.959553
0.960278
0.960908
0.961258
0.96102
0.959869
0.95798
0.956432
0.93299
0.934855
0.938593
0.943933
0.949562
0.953684
0.955686
0.956385
0.956632
0.956817
0.957181
0.957864
0.958912
0.960268
0.961653
0.962645
0.962596
0.961017
0.958551
0.956771
0.936053
0.938552
0.943186
0.948757
0.953128
0.954983
0.954951
0.954133
0.9531
0.952317
0.95219
0.953
0.954759
0.957411
0.960474
0.96324
0.964525
0.963142
0.959599
0.9574
0.939052
0.942204
0.94725
0.95177
0.953724
0.95296
0.950667
0.947737
0.944836
0.94269
0.941853
0.942789
0.945382
0.949691
0.955124
0.960831
0.965239
0.966263
0.962322
0.958882
0.941362
0.944891
0.949556
0.952121
0.951267
0.94772
0.94275
0.937264
0.932247
0.928586
0.926932
0.927827
0.931127
0.936952
0.944778
0.953761
0.962318
0.967993
0.967236
0.961645
0.942891
0.946412
0.950059
0.950262
0.946533
0.940131
0.932368
0.924391
0.917436
0.912445
0.910075
0.910757
0.914478
0.921309
0.930909
0.942564
0.954896
0.965615
0.970912
0.965695
0.943754
0.946918
0.949187
0.947015
0.940622
0.931583
0.921337
0.911326
0.902931
0.897063
0.894265
0.894758
0.898611
0.905854
0.916366
0.92971
0.944781
0.959477
0.970413
0.971501
0.944137
0.946773
0.947665
0.94342
0.934746
0.923462
0.91123
0.899756
0.89046
0.884153
0.881192
0.881609
0.885418
0.892616
0.903239
0.917256
0.934074
0.951811
0.966975
0.974613
0.944192
0.946259
0.945945
0.940055
0.92962
0.916661
0.903045
0.890633
0.880827
0.874316
0.87129
0.871676
0.875402
0.882384
0.892652
0.906464
0.923998
0.94402
0.96256
0.973236
0.944041
0.945632
0.944496
0.937584
0.926016
0.911951
0.897429
0.884416
0.874276
0.86759
0.864445
0.864743
0.868377
0.875179
0.885016
0.898147
0.915425
0.936818
0.958571
0.972196
0.943752
0.945008
0.943414
0.936022
0.923914
0.909344
0.894445
0.881178
0.870839
0.863951
0.860578
0.860656
0.864101
0.870708
0.880167
0.892484
0.908827
0.930579
0.954861
0.971532
0.943366
0.944456
0.942842
0.935641
0.923694
0.90923
0.894408
0.881135
0.870665
0.863531
0.859841
0.85957
0.862659
0.868911
0.877916
0.889363
0.904347
0.925651
0.951892
0.97117
0.942877
0.943947
0.942602
0.936071
0.924868
0.911093
0.896858
0.883973
0.873639
0.86641
0.862446
0.861753
0.864311
0.869939
0.878221
0.888666
0.901997
0.922042
0.949549
0.97113
0.942252
0.943446
0.94267
0.93734
0.927552
0.91512
0.902022
0.889935
0.880002
0.872817
0.868611
0.867392
0.86921
0.873889
0.881068
0.890186
0.901659
0.919944
0.948035
0.971353
0.94143
0.942829
0.942611
0.938588
0.930562
0.919988
0.90861
0.897909
0.888909
0.882175
0.877984
0.876333
0.877306
0.880765
0.886428
0.893912
0.903404
0.919332
0.947246
0.971844
0.940454
0.942118
0.942623
0.940116
0.934232
0.926002
0.916842
0.907986
0.900311
0.894323
0.890296
0.88827
0.888271
0.890265
0.894082
0.899542
0.906886
0.919976
0.94722
0.972618
0.939485
0.941119
0.941844
0.940424
0.936507
0.930761
0.924174
0.917653
0.911837
0.907124
0.903687
0.901627
0.90088
0.901522
0.903545
0.906921
0.912334
0.922938
0.94881
0.973935
0.9388
0.940744
0.942017
0.941511
0.939342
0.935903
0.931773
0.927505
0.923502
0.920068
0.917311
0.915361
0.914204
0.913913
0.914675
0.916414
0.9204
0.92856
0.95179
0.975595
0.929662
0.93878
0.938828
0.938584
0.937424
0.935846
0.934028
0.932332
0.930771
0.92962
0.928778
0.928401
0.928431
0.928838
0.929932
0.931328
0.934902
0.941123
0.958757
0.978441
0.950584
0.95657
0.959783
0.96172
0.962767
0.963429
0.963786
0.964145
0.964401
0.964791
0.965137
0.96565
0.966128
0.966772
0.967392
0.96825
0.96934
0.971636
0.976205
0.984264
)
;

boundaryField
{
    movingWall
    {
        type            fixedValue;
        value           uniform 1;
    }
    fixedWalls
    {
        type            zeroGradient;
    }
    frontAndBack
    {
        type            empty;
    }
}


// ************************************************************************* //
