/*--------------------------------*- C++ -*----------------------------------*\
| =========                 |                                                 |
| \\      /  F ield         | OpenFOAM: The Open Source CFD Toolbox           |
|  \\    /   O peration     | Version:  2212                                  |
|   \\  /    A nd           | Website:  www.openfoam.com                      |
|    \\/     M anipulation  |                                                 |
\*---------------------------------------------------------------------------*/
FoamFile
{
    version     2.0;
    format      ascii;
    arch        "LSB;label=32;scalar=64";
    class       volScalarField;
    location    "14.8";
    object      p;
}
// * * * * * * * * * * * * * * * * * * * * * * * * * * * * * * * * * * * * * //

dimensions      [0 2 -2 0 0 0 0];

internalField   nonuniform List<scalar> 
400
(
1.45567e-07
-0.000150881
-0.000534965
-0.00107217
-0.0017329
-0.00249438
-0.00318552
-0.00359809
-0.00356587
-0.0029346
-0.00154904
0.000618926
0.00324915
0.00551366
0.00653333
0.00592242
0.00400159
0.00214915
0.00111014
0.00104109
0.000116003
-5.8415e-05
-0.00037736
-0.000764535
-0.00124446
-0.00188859
-0.00270672
-0.00354405
-0.00408055
-0.00393896
-0.00284696
-0.000825363
0.00168891
0.00396047
0.00512425
0.00474262
0.00310249
0.00137425
0.000592655
0.0006837
0.000536118
0.000264648
-7.76439e-05
-0.000560003
-0.00134771
-0.00258112
-0.00421971
-0.00598441
-0.00740322
-0.00794455
-0.00726485
-0.00546262
-0.00289224
-0.000195208
0.0017912
0.0024272
0.00170825
0.000501541
-0.00039665
-0.000393357
0.00115163
0.000740945
0.000191554
-0.000775189
-0.0024516
-0.00493841
-0.00799583
-0.0111212
-0.0137041
-0.0151777
-0.0152076
-0.0138407
-0.0112944
-0.00802979
-0.00475295
-0.00221045
-0.000871136
-0.000706981
-0.00128959
-0.00191892
0.00158304
0.000973429
-2.32049e-05
-0.00192452
-0.00500723
-0.00918077
-0.0139145
-0.0184806
-0.0222171
-0.0246538
-0.0255295
-0.0247237
-0.0223642
-0.0187442
-0.0143054
-0.00965646
-0.00559287
-0.00294967
-0.00219403
-0.00401875
0.0012931
0.000444741
-0.0011977
-0.00430487
-0.00900567
-0.0148814
-0.0210736
-0.0267162
-0.0311922
-0.0341796
-0.0355464
-0.0351904
-0.0331977
-0.0297195
-0.0249001
-0.0189617
-0.012506
-0.00694912
-0.00440166
-0.00652497
-4.85837e-05
-0.00114786
-0.00349984
-0.00779738
-0.0139333
-0.0211153
-0.0282372
-0.0344088
-0.0391298
-0.0422332
-0.0437209
-0.0436115
-0.0419737
-0.0388796
-0.0343116
-0.0281579
-0.0205397
-0.0127036
-0.00785553
-0.00774872
-0.00245077
-0.00374251
-0.00669903
-0.011914
-0.0190406
-0.0269828
-0.0345052
-0.0407803
-0.0454521
-0.0484783
-0.049941
-0.0499323
-0.0485315
-0.0457894
-0.0416632
-0.0359275
-0.0283264
-0.0193718
-0.011823
-0.00798123
-0.00553796
-0.00691558
-0.0102641
-0.0160226
-0.023659
-0.0318905
-0.0394525
-0.0456142
-0.0501388
-0.053059
-0.0544882
-0.0545283
-0.053254
-0.050727
-0.0469631
-0.0418129
-0.0348686
-0.0259484
-0.0167098
-0.00999521
-0.00873411
-0.0100863
-0.0135982
-0.0195428
-0.0272872
-0.0354881
-0.0429133
-0.0489111
-0.053311
-0.056169
-0.057593
-0.0576642
-0.0564457
-0.0540125
-0.0504523
-0.0457614
-0.0396349
-0.0315248
-0.0223219
-0.0143405
-0.0115045
-0.0127583
-0.0162198
-0.0220549
-0.0296079
-0.0375896
-0.0448276
-0.0507006
-0.0550442
-0.0578957
-0.0593381
-0.0594296
-0.0582203
-0.0557902
-0.052288
-0.0478533
-0.042432
-0.0353834
-0.0271987
-0.01918
-0.0135497
-0.0146191
-0.0178563
-0.023316
-0.0304317
-0.0380637
-0.0451188
-0.0509509
-0.0553303
-0.0582418
-0.0597296
-0.059832
-0.0585899
-0.0560843
-0.0525167
-0.048139
-0.0432076
-0.037057
-0.0300326
-0.0224179
-0.0148377
-0.0155682
-0.0183522
-0.0232107
-0.0296939
-0.0368795
-0.0437655
-0.0496412
-0.054156
-0.0572022
-0.0587713
-0.0588784
-0.057559
-0.054917
-0.0511781
-0.0466567
-0.0419661
-0.0363007
-0.0302266
-0.0228964
-0.0154681
-0.0157224
-0.0177776
-0.0217467
-0.0273901
-0.0340322
-0.0407512
-0.0467413
-0.0514938
-0.0547692
-0.0564832
-0.0566242
-0.0552025
-0.0523538
-0.0483469
-0.0435824
-0.0387312
-0.0331419
-0.0281
-0.0202797
-0.0155746
-0.0152984
-0.0163383
-0.0190881
-0.0236534
-0.0296345
-0.0361721
-0.0423365
-0.0474284
-0.0510403
-0.052981
-0.0531843
-0.0516918
-0.0485921
-0.0442273
-0.0390543
-0.0337822
-0.0280719
-0.0242318
-0.0143852
-0.015277
-0.0145503
-0.014261
-0.0154262
-0.0186851
-0.023895
-0.0302318
-0.0366152
-0.0421384
-0.0462019
-0.0484901
-0.0488671
-0.0473538
-0.0440215
-0.0392493
-0.0335192
-0.0276415
-0.0216295
-0.0180536
-0.00383304
-0.0146622
-0.0136184
-0.011707
-0.0110812
-0.0129538
-0.0173805
-0.0235344
-0.0301708
-0.0361938
-0.0408121
-0.0435793
-0.0442623
-0.0428512
-0.0393768
-0.0341856
-0.02769
-0.0206824
-0.0132762
-0.00678581
0.0160529
-0.0145834
-0.0126573
-0.00864863
-0.00623477
-0.00691023
-0.010746
-0.0168181
-0.0237403
-0.030299
-0.0355397
-0.0389041
-0.0400356
-0.038878
-0.0354484
-0.0298961
-0.022276
-0.0128727
-0.000688139
0.0166951
0.0570639
-0.0117948
-0.0118309
-0.00572625
-0.00177515
-0.00176513
-0.00540489
-0.0115754
-0.0188152
-0.0258759
-0.0316879
-0.0356627
-0.0373623
-0.0366857
-0.0333557
-0.0272244
-0.0175417
-0.00314826
0.0204903
0.0607044
0.129821
-0.029517
-0.0106299
-0.000609004
0.0030807
0.00244813
-0.00155715
-0.00799965
-0.0155536
-0.0229765
-0.0291742
-0.0335323
-0.0355884
-0.0352015
-0.0319561
-0.0252279
-0.0128601
0.00942259
0.0511716
0.122878
0.226076
)
;

boundaryField
{
    movingWall
    {
        type            zeroGradient;
    }
    fixedWalls
    {
        type            zeroGradient;
    }
    frontAndBack
    {
        type            empty;
    }
}


// ************************************************************************* //
