/*--------------------------------*- C++ -*----------------------------------*\
| =========                 |                                                 |
| \\      /  F ield         | OpenFOAM: The Open Source CFD Toolbox           |
|  \\    /   O peration     | Version:  2212                                  |
|   \\  /    A nd           | Website:  www.openfoam.com                      |
|    \\/     M anipulation  |                                                 |
\*---------------------------------------------------------------------------*/
FoamFile
{
    version     2.0;
    format      ascii;
    arch        "LSB;label=32;scalar=64";
    class       surfaceScalarField;
    location    "14.8";
    object      phi;
}
// * * * * * * * * * * * * * * * * * * * * * * * * * * * * * * * * * * * * * //

dimensions      [0 3 -1 0 0 0 0];

oriented        oriented;

internalField   nonuniform List<scalar> 
760
(
1.561e-07
-1.56113e-07
2.93641e-07
-1.37541e-07
3.10003e-07
-1.63621e-08
1.83693e-07
1.2631e-07
-1.20298e-07
3.03991e-07
-6.65924e-07
5.45626e-07
-1.48528e-06
8.19354e-07
-2.49088e-06
1.0056e-06
-3.48037e-06
9.89493e-07
-4.22037e-06
7.39997e-07
-4.544e-06
3.23623e-07
-4.35366e-06
-1.90336e-07
-3.59375e-06
-7.59908e-07
-2.37896e-06
-1.21479e-06
-9.3998e-07
-1.43898e-06
3.47794e-07
-1.28777e-06
1.08997e-06
-7.4218e-07
1.0331e-06
5.68739e-08
4.61002e-07
5.72097e-07
4.61002e-07
1.2506e-07
-2.81173e-07
7.4625e-08
-8.7106e-08
-2.97011e-07
3.55274e-07
-1.0789e-06
9.08201e-07
-2.31595e-06
1.54104e-06
-3.92744e-06
2.15712e-06
-5.66237e-06
2.55428e-06
-7.20711e-06
2.55035e-06
-8.33702e-06
2.1194e-06
-8.94237e-06
1.34534e-06
-8.97628e-06
3.57538e-07
-8.41627e-06
-7.50353e-07
-7.29367e-06
-1.88251e-06
-5.64205e-06
-2.86641e-06
-3.60581e-06
-3.47522e-06
-1.49021e-06
-3.40337e-06
1.78762e-07
-2.41115e-06
8.59011e-07
-6.23375e-07
5.25718e-07
9.05392e-07
9.8672e-07
-1.27592e-07
-1.53581e-07
-6.33922e-07
4.19224e-07
-1.62494e-06
1.34629e-06
-3.14151e-06
2.42478e-06
-5.05761e-06
3.45713e-06
-7.0735e-06
4.17301e-06
-8.87361e-06
4.3544e-06
-1.02779e-05
3.95462e-06
-1.12347e-05
3.07619e-06
-1.17362e-05
1.8469e-06
-1.17303e-05
3.51575e-07
-1.12713e-05
-1.20928e-06
-1.03386e-05
-2.81523e-06
-8.87794e-06
-4.32709e-06
-6.86964e-06
-5.48352e-06
-4.40325e-06
-5.86977e-06
-1.87874e-06
-4.93566e-06
-8.63856e-08
-2.41573e-06
2.94696e-07
5.24311e-07
1.28142e-06
-5.00531e-07
3.4695e-07
-1.56001e-06
1.47871e-06
-3.11956e-06
2.90584e-06
-5.08151e-06
4.38673e-06
-7.18545e-06
5.56107e-06
-9.1235e-06
6.11105e-06
-1.06934e-05
5.92428e-06
-1.18526e-05
5.11386e-06
-1.26293e-05
3.85284e-06
-1.30579e-05
2.27556e-06
-1.3123e-05
4.16618e-07
-1.28834e-05
-1.4488e-06
-1.23006e-05
-3.39807e-06
-1.12727e-05
-5.35503e-06
-9.66891e-06
-7.08726e-06
-7.36474e-06
-8.17395e-06
-4.39882e-06
-7.90158e-06
-1.37807e-06
-5.43648e-06
1.2074e-07
-9.74497e-07
1.40216e-06
-8.6197e-07
1.20892e-06
-2.36178e-06
2.97852e-06
-4.23293e-06
4.77699e-06
-6.28037e-06
6.43416e-06
-8.22285e-06
7.50355e-06
-9.83764e-06
7.72585e-06
-1.10481e-05
7.13473e-06
-1.18807e-05
5.94651e-06
-1.23974e-05
4.36946e-06
-1.26706e-05
2.54877e-06
-1.27912e-05
5.37206e-07
-1.27455e-05
-1.49446e-06
-1.25248e-05
-3.61876e-06
-1.20502e-05
-5.82965e-06
-1.11355e-05
-8.00201e-06
-9.49266e-06
-9.81674e-06
-6.82234e-06
-1.05719e-05
-3.22305e-06
-9.03577e-06
-2.61164e-07
-3.93638e-06
1.14099e-06
-1.08714e-06
2.29606e-06
-2.78475e-06
4.67613e-06
-4.67863e-06
6.67087e-06
-6.53678e-06
8.29231e-06
-8.13484e-06
9.10161e-06
-9.34181e-06
8.93282e-06
-1.01537e-05
7.94661e-06
-1.06356e-05
6.42841e-06
-1.08777e-05
4.61158e-06
-1.09797e-05
2.65076e-06
-1.10629e-05
6.20419e-07
-1.11134e-05
-1.44393e-06
-1.11475e-05
-3.58466e-06
-1.11364e-05
-5.84084e-06
-1.09266e-05
-8.21177e-06
-1.01913e-05
-1.0552e-05
-8.43621e-06
-1.2327e-05
-5.24513e-06
-1.22269e-05
-1.15868e-06
-8.02283e-06
-1.76891e-08
-1.11127e-06
3.40733e-06
-2.75945e-06
6.32431e-06
-4.45751e-06
8.36893e-06
-5.99364e-06
9.82844e-06
-7.20772e-06
1.03157e-05
-8.03744e-06
9.76254e-06
-8.52058e-06
8.42975e-06
-8.74413e-06
6.65196e-06
-8.81153e-06
4.67899e-06
-8.81948e-06
2.65871e-06
-8.85005e-06
6.50981e-07
-8.92138e-06
-1.37259e-06
-9.05345e-06
-3.45259e-06
-9.25793e-06
-5.63636e-06
-9.47886e-06
-7.99084e-06
-9.4855e-06
-1.05454e-05
-8.75917e-06
-1.30533e-05
-6.54136e-06
-1.44447e-05
-2.425e-06
-1.21392e-05
-2.44269e-06
-9.36654e-07
4.34399e-06
-2.34906e-06
7.73671e-06
-3.73706e-06
9.75694e-06
-4.91717e-06
1.10085e-05
-5.78843e-06
1.1187e-05
-6.33406e-06
1.03082e-05
-6.61127e-06
8.70697e-06
-6.71106e-06
6.75175e-06
-6.72924e-06
4.69717e-06
-6.73849e-06
2.66796e-06
-6.77414e-06
6.86623e-07
-6.85294e-06
-1.29379e-06
-6.99582e-06
-3.30971e-06
-7.23344e-06
-5.39874e-06
-7.58341e-06
-7.64088e-06
-7.95576e-06
-1.0173e-05
-7.9415e-06
-1.30676e-05
-6.72265e-06
-1.56635e-05
-3.58991e-06
-1.52719e-05
-6.0326e-06
-6.26083e-07
4.97007e-06
-1.6898e-06
8.80042e-06
-2.72408e-06
1.07912e-05
-3.56432e-06
1.18488e-05
-4.15502e-06
1.17777e-05
-4.50638e-06
1.06595e-05
-4.67732e-06
8.87791e-06
-4.74618e-06
6.82061e-06
-4.78505e-06
4.73603e-06
-4.8371e-06
2.72002e-06
-4.91216e-06
7.61679e-07
-5.01637e-06
-1.18958e-06
-5.15947e-06
-3.1666e-06
-5.36999e-06
-5.18822e-06
-5.70311e-06
-7.30776e-06
-6.17303e-06
-9.7031e-06
-6.5631e-06
-1.26775e-05
-6.133e-06
-1.60936e-05
-3.92715e-06
-1.74778e-05
-9.95975e-06
-2.33284e-07
5.20336e-06
-8.95058e-07
9.4622e-06
-1.56764e-06
1.14638e-05
-2.0982e-06
1.23793e-05
-2.45912e-06
1.21386e-05
-2.67468e-06
1.08751e-05
-2.7931e-06
8.99633e-06
-2.86757e-06
6.89508e-06
-2.94253e-06
4.811e-06
-3.03979e-06
2.81728e-06
-3.16205e-06
8.83931e-07
-3.30876e-06
-1.04286e-06
-3.47997e-06
-2.9954e-06
-3.68771e-06
-4.98049e-06
-3.98229e-06
-7.01318e-06
-4.44619e-06
-9.2392e-06
-5.02811e-06
-1.20956e-05
-5.1274e-06
-1.59943e-05
-3.56078e-06
-1.90444e-05
-1.35205e-05
1.63764e-07
5.03959e-06
-7.04678e-08
9.69643e-06
-4.03953e-07
1.17973e-05
-6.555e-07
1.26309e-05
-8.11046e-07
1.22941e-05
-9.01734e-07
1.09658e-05
-9.66919e-07
9.06152e-06
-1.03845e-06
6.96661e-06
-1.13286e-06
4.90541e-06
-1.25791e-06
2.94233e-06
-1.41617e-06
1.04219e-06
-1.60978e-06
-8.49256e-07
-1.83714e-06
-2.76804e-06
-2.09586e-06
-4.72176e-06
-2.4131e-06
-6.69594e-06
-2.88021e-06
-8.77209e-06
-3.56279e-06
-1.1413e-05
-4.02717e-06
-1.55299e-05
-3.02688e-06
-2.00447e-05
-1.65474e-05
5.02495e-07
4.5371e-06
7.00738e-07
9.49819e-06
7.44139e-07
1.17539e-05
7.7989e-07
1.25951e-05
8.24851e-07
1.22491e-05
8.53723e-07
1.09369e-05
8.46875e-07
9.06837e-06
7.96122e-07
7.01736e-06
7.02257e-07
4.99927e-06
5.66968e-07
3.07762e-06
3.85014e-07
1.22415e-06
1.50206e-07
-6.14448e-07
-1.38991e-07
-2.47884e-06
-4.89216e-07
-4.37154e-06
-9.03968e-07
-6.28119e-06
-1.42658e-06
-8.24947e-06
-2.20456e-06
-1.0635e-05
-2.95402e-06
-1.47805e-05
-2.46096e-06
-2.05377e-05
-1.90084e-05
7.59814e-07
3.77728e-06
1.35962e-06
8.89838e-06
1.75413e-06
1.13594e-05
2.08521e-06
1.22641e-05
2.35977e-06
1.19746e-05
2.54769e-06
1.0749e-05
2.64091e-06
8.97515e-06
2.65013e-06
7.00815e-06
2.58929e-06
5.06011e-06
2.4647e-06
3.2022e-06
2.26871e-06
1.42014e-06
1.98721e-06
-3.32946e-07
1.62089e-06
-2.11252e-06
1.16488e-06
-3.91553e-06
6.14963e-07
-5.73127e-06
-7.99219e-08
-7.55459e-06
-9.53669e-07
-9.7613e-06
-1.9168e-06
-1.38174e-05
-1.92413e-06
-2.05304e-05
-2.09325e-05
8.75582e-07
2.9017e-06
1.81911e-06
7.95485e-06
2.56421e-06
1.06143e-05
3.20832e-06
1.16199e-05
3.75895e-06
1.1424e-05
4.17289e-06
1.0335e-05
4.43435e-06
8.71369e-06
4.55727e-06
6.88523e-06
4.56442e-06
5.05295e-06
4.47076e-06
3.29586e-06
4.27404e-06
1.61687e-06
3.94157e-06
-4.7826e-10
3.49419e-06
-1.66514e-06
2.90626e-06
-3.3276e-06
2.17909e-06
-5.0041e-06
1.3319e-06
-6.7074e-06
2.74394e-07
-8.70379e-06
-9.53103e-07
-1.25899e-05
-1.42486e-06
-2.00587e-05
-2.23574e-05
8.11463e-07
2.09024e-06
1.9651e-06
6.80121e-06
3.0128e-06
9.56659e-06
3.9909e-06
1.06418e-05
4.87252e-06
1.05423e-05
5.59166e-06
9.6159e-06
6.10924e-06
8.19611e-06
6.42819e-06
6.56628e-06
6.56918e-06
4.91195e-06
6.55002e-06
3.31503e-06
6.36879e-06
1.79809e-06
6.02281e-06
3.4551e-07
5.47898e-06
-1.12131e-06
4.74485e-06
-2.59347e-06
3.81263e-06
-4.07188e-06
2.71139e-06
-5.60616e-06
1.40181e-06
-7.39421e-06
-1.48879e-07
-1.10392e-05
-9.09003e-07
-1.92985e-05
-2.32664e-05
5.81476e-07
1.50876e-06
1.77034e-06
5.61235e-06
3.11555e-06
8.22138e-06
4.4733e-06
9.28409e-06
5.74608e-06
9.26956e-06
6.8353e-06
8.52668e-06
7.67553e-06
7.35588e-06
8.25408e-06
5.98774e-06
8.58316e-06
4.58287e-06
8.67934e-06
3.21884e-06
8.54921e-06
1.92823e-06
8.18983e-06
7.04885e-07
7.55707e-06
-4.88546e-07
6.6684e-06
-1.7048e-06
5.51121e-06
-2.91469e-06
4.12657e-06
-4.22151e-06
2.58861e-06
-5.85625e-06
9.69158e-07
-9.41972e-06
-1.38885e-07
-1.81905e-05
-2.34053e-05
1.54345e-07
1.35442e-06
1.04874e-06
4.71796e-06
2.53361e-06
6.7365e-06
4.26376e-06
7.55393e-06
5.99382e-06
7.53951e-06
7.53601e-06
6.9845e-06
8.78762e-06
6.10426e-06
9.71883e-06
5.05653e-06
1.03246e-05
3.97707e-06
1.06163e-05
2.92718e-06
1.05997e-05
1.94481e-06
1.02804e-05
1.02422e-06
9.61185e-06
1.7997e-07
8.61686e-06
-7.09804e-07
7.28508e-06
-1.58292e-06
5.66878e-06
-2.60521e-06
3.92922e-06
-4.11668e-06
2.25077e-06
-7.74127e-06
6.56953e-07
-1.65967e-05
-2.27483e-05
-5.19162e-07
1.87358e-06
2.0374e-07
3.99506e-06
1.76796e-06
5.17229e-06
3.84159e-06
5.4803e-06
6.0074e-06
5.3737e-06
7.97831e-06
5.01359e-06
9.6177e-06
4.46487e-06
1.08839e-05
3.79029e-06
1.17595e-05
3.10154e-06
1.22604e-05
2.42629e-06
1.239e-05
1.81518e-06
1.21681e-05
1.24615e-06
1.16189e-05
7.29182e-07
1.07126e-05
1.96498e-07
9.45394e-06
-3.24299e-07
7.91684e-06
-1.06811e-06
6.28717e-06
-2.48701e-06
4.46687e-06
-5.92097e-06
2.05978e-06
-1.41896e-05
-2.06885e-05
-4.18159e-06
6.05517e-06
-3.64417e-06
3.45764e-06
-1.2438e-06
2.77191e-06
1.56272e-06
2.67378e-06
4.31136e-06
2.62506e-06
6.85504e-06
2.46991e-06
9.08002e-06
2.23988e-06
1.09258e-05
1.94451e-06
1.23737e-05
1.65359e-06
1.34508e-05
1.34928e-06
1.41738e-05
1.0921e-06
1.45877e-05
8.32241e-07
1.468e-05
6.36875e-07
1.44597e-05
4.16872e-07
1.39227e-05
2.12626e-07
1.30852e-05
-2.30524e-07
1.19348e-05
-1.33662e-06
1.01167e-05
-4.10292e-06
5.6396e-06
-9.71246e-06
-1.50489e-05
6.05517e-06
9.51281e-06
1.22847e-05
1.49585e-05
1.75836e-05
2.00535e-05
2.22934e-05
2.42379e-05
2.58915e-05
2.72407e-05
2.83328e-05
2.91651e-05
2.9802e-05
3.02188e-05
3.04315e-05
3.02009e-05
2.88643e-05
2.47614e-05
1.50489e-05
)
;

boundaryField
{
    movingWall
    {
        type            calculated;
        value           uniform 0;
    }
    fixedWalls
    {
        type            calculated;
        value           uniform 0;
    }
    frontAndBack
    {
        type            empty;
        value           nonuniform List<scalar> 0();
    }
}


// ************************************************************************* //
