/*--------------------------------*- C++ -*----------------------------------*\
| =========                 |                                                 |
| \\      /  F ield         | OpenFOAM: The Open Source CFD Toolbox           |
|  \\    /   O peration     | Version:  2212                                  |
|   \\  /    A nd           | Website:  www.openfoam.com                      |
|    \\/     M anipulation  |                                                 |
\*---------------------------------------------------------------------------*/
FoamFile
{
    version     2.0;
    format      ascii;
    arch        "LSB;label=32;scalar=64";
    class       surfaceScalarField;
    location    "4.4";
    object      phi;
}
// * * * * * * * * * * * * * * * * * * * * * * * * * * * * * * * * * * * * * //

dimensions      [0 3 -1 0 0 0 0];

oriented        oriented;

internalField   nonuniform List<scalar> 
760
(
1.54414e-07
-1.54456e-07
2.9005e-07
-1.35636e-07
3.05584e-07
-1.5534e-08
1.79392e-07
1.26192e-07
-1.2343e-07
3.02822e-07
-6.66166e-07
5.42736e-07
-1.48059e-06
8.14427e-07
-2.48052e-06
9.99923e-07
-3.46569e-06
9.8517e-07
-4.20426e-06
7.38573e-07
-4.52938e-06
3.25117e-07
-4.34391e-06
-1.85466e-07
-3.59088e-06
-7.53029e-07
-2.38356e-06
-1.20732e-06
-9.50906e-07
-1.43265e-06
3.33458e-07
-1.28436e-06
1.07746e-06
-7.43997e-07
1.02583e-06
5.16253e-08
4.58494e-07
5.67335e-07
4.58494e-07
1.2219e-07
-2.76646e-07
6.95047e-08
-8.29496e-08
-3.01571e-07
3.55541e-07
-1.0797e-06
9.04325e-07
-2.3096e-06
1.53272e-06
-3.91168e-06
2.14481e-06
-5.63769e-06
2.54043e-06
-7.17635e-06
2.53859e-06
-8.30355e-06
2.11237e-06
-8.90927e-06
1.34429e-06
-8.94626e-06
3.62107e-07
-8.39166e-06
-7.40061e-07
-7.2766e-06
-1.86809e-06
-5.63368e-06
-2.85025e-06
-3.606e-06
-3.46033e-06
-1.49696e-06
-3.3934e-06
1.6821e-07
-2.40917e-06
8.509e-07
-6.31063e-07
5.22527e-07
8.95709e-07
9.81021e-07
-1.29679e-07
-1.46967e-07
-6.35605e-07
4.22977e-07
-1.62207e-06
1.34201e-06
-3.12976e-06
2.41202e-06
-5.03449e-06
3.43745e-06
-7.03966e-06
4.14999e-06
-8.83174e-06
4.33252e-06
-1.02307e-05
3.93752e-06
-1.11844e-05
3.06607e-06
-1.16851e-05
1.84502e-06
-1.16819e-05
3.58891e-07
-1.12271e-05
-1.19487e-06
-1.03008e-05
-2.79435e-06
-8.84872e-06
-4.30236e-06
-6.85045e-06
-5.45861e-06
-4.39438e-06
-5.84946e-06
-1.87838e-06
-4.92517e-06
-9.00858e-08
-2.41936e-06
2.93144e-07
5.12479e-07
1.27416e-06
-4.99421e-07
3.52453e-07
-1.55443e-06
1.47799e-06
-3.105e-06
2.89257e-06
-5.05506e-06
4.36207e-06
-7.14708e-06
5.52947e-06
-9.07537e-06
6.07827e-06
-1.06381e-05
5.89523e-06
-1.17921e-05
5.09151e-06
-1.25652e-05
3.8392e-06
-1.29924e-05
2.27221e-06
-1.30592e-05
4.25744e-07
-1.28231e-05
-1.43096e-06
-1.22462e-05
-3.37132e-06
-1.12263e-05
-5.32221e-06
-9.63239e-06
-7.05253e-06
-7.33964e-06
-8.14222e-06
-4.38614e-06
-7.87867e-06
-1.37694e-06
-5.42856e-06
1.19196e-07
-9.83654e-07
1.39336e-06
-8.57333e-07
1.20979e-06
-2.34835e-06
2.96901e-06
-4.20782e-06
4.75204e-06
-6.24287e-06
6.39712e-06
-8.17461e-06
7.46121e-06
-9.7811e-06
7.68476e-06
-1.0985e-05
7.09913e-06
-1.18124e-05
5.91885e-06
-1.23251e-05
4.35193e-06
-1.25963e-05
2.54345e-06
-1.27168e-05
5.46217e-07
-1.26744e-05
-1.47339e-06
-1.24595e-05
-3.58621e-06
-1.19926e-05
-5.78911e-06
-1.10869e-05
-7.95822e-06
-9.45444e-06
-9.77467e-06
-6.79677e-06
-1.05363e-05
-3.21291e-06
-9.01242e-06
-2.62171e-07
-3.93439e-06
1.13119e-06
-1.07934e-06
2.28912e-06
-2.76578e-06
4.65546e-06
-4.6474e-06
6.63365e-06
-6.49417e-06
8.2439e-06
-8.083e-06
9.05004e-06
-9.28257e-06
8.88433e-06
-1.00879e-05
7.90444e-06
-1.05636e-05
6.39461e-06
-1.08004e-05
4.58868e-06
-1.08987e-05
2.64175e-06
-1.09804e-05
6.27907e-07
-1.10339e-05
-1.41988e-06
-1.10744e-05
-3.54572e-06
-1.10719e-05
-5.79155e-06
-1.08718e-05
-8.15833e-06
-1.01461e-05
-1.05004e-05
-8.40117e-06
-1.22813e-05
-5.22342e-06
-1.21902e-05
-1.15532e-06
-8.00249e-06
-2.41338e-08
-1.10186e-06
3.39099e-06
-2.73832e-06
6.29191e-06
-4.42506e-06
8.3204e-06
-5.95124e-06
9.77007e-06
-7.15717e-06
1.0256e-05
-7.97967e-06
9.70683e-06
-8.4554e-06
8.38017e-06
-8.67106e-06
6.61027e-06
-8.73068e-06
4.6483e-06
-8.73244e-06
2.64351e-06
-8.76033e-06
6.55798e-07
-8.83391e-06
-1.3463e-06
-8.97285e-06
-3.40678e-06
-9.18799e-06
-5.57642e-06
-9.4211e-06
-7.92521e-06
-9.43891e-06
-1.04826e-05
-8.7215e-06
-1.29987e-05
-6.51343e-06
-1.43982e-05
-2.41383e-06
-1.21021e-05
-2.43796e-06
-9.27651e-07
4.31864e-06
-2.32931e-06
7.69357e-06
-3.70761e-06
9.6987e-06
-4.87926e-06
1.09417e-05
-5.74313e-06
1.11198e-05
-6.28143e-06
1.02451e-05
-6.55038e-06
8.64913e-06
-6.64085e-06
6.70074e-06
-6.64978e-06
4.65723e-06
-6.65151e-06
2.64524e-06
-6.6833e-06
6.87586e-07
-6.76292e-06
-1.26668e-06
-6.9118e-06
-3.2579e-06
-7.16036e-06
-5.32785e-06
-7.52461e-06
-7.56096e-06
-7.91109e-06
-1.00961e-05
-7.90744e-06
-1.30023e-05
-6.6961e-06
-1.56096e-05
-3.57187e-06
-1.52263e-05
-6.00983e-06
-6.19061e-07
4.9377e-06
-1.67404e-06
8.74855e-06
-2.70064e-06
1.07253e-05
-3.53404e-06
1.17751e-05
-4.11831e-06
1.17041e-05
-4.46282e-06
1.05896e-05
-4.62585e-06
8.81215e-06
-4.6859e-06
6.7608e-06
-4.7161e-06
4.68742e-06
-4.76119e-06
2.69034e-06
-4.83203e-06
7.58422e-07
-4.93562e-06
-1.16309e-06
-5.08232e-06
-3.11121e-06
-5.3012e-06
-5.10897e-06
-5.64724e-06
-7.21492e-06
-6.1323e-06
-9.61104e-06
-6.53469e-06
-1.25999e-05
-6.11147e-06
-1.60328e-05
-3.91197e-06
-1.74258e-05
-9.9218e-06
-2.296e-07
5.1673e-06
-8.85379e-07
9.40433e-06
-1.55263e-06
1.13925e-05
-2.07834e-06
1.23008e-05
-2.43435e-06
1.20601e-05
-2.64452e-06
1.07998e-05
-2.75684e-06
8.92447e-06
-2.82472e-06
6.82868e-06
-2.89347e-06
4.75617e-06
-2.98564e-06
2.78252e-06
-3.10421e-06
8.76991e-07
-3.24915e-06
-1.01815e-06
-3.42104e-06
-2.93932e-06
-3.63275e-06
-4.89726e-06
-3.93611e-06
-6.91156e-06
-4.41284e-06
-9.13432e-06
-5.00717e-06
-1.20056e-05
-5.1134e-06
-1.59266e-05
-3.5515e-06
-1.89877e-05
-1.34733e-05
1.6322e-07
5.00408e-06
-6.81239e-08
9.63567e-06
-3.9874e-07
1.17232e-05
-6.47648e-07
1.25497e-05
-8.00432e-07
1.22129e-05
-8.88046e-07
1.08874e-05
-9.50024e-07
8.98645e-06
-1.01842e-06
6.89708e-06
-1.11002e-06
4.84776e-06
-1.23253e-06
2.90502e-06
-1.3882e-06
1.03267e-06
-1.57924e-06
-8.27111e-07
-1.80462e-06
-2.71393e-06
-2.06293e-06
-4.63895e-06
-2.38282e-06
-6.59167e-06
-2.85789e-06
-8.65925e-06
-3.55043e-06
-1.13131e-05
-4.02048e-06
-1.54565e-05
-3.02258e-06
-1.99856e-05
-1.64959e-05
4.97883e-07
4.50619e-06
6.95046e-07
9.43851e-06
7.38236e-07
1.168e-05
7.7412e-07
1.25139e-05
8.19529e-07
1.21675e-05
8.48806e-07
1.08581e-05
8.41896e-07
8.99336e-06
7.90451e-07
6.94853e-06
6.9608e-07
4.94214e-06
5.60897e-07
3.04021e-06
3.80369e-07
1.2132e-06
1.48305e-07
-5.95046e-07
-1.37453e-07
-2.42818e-06
-4.83596e-07
-4.29281e-06
-8.95469e-07
-6.17979e-06
-1.41942e-06
-8.13531e-06
-2.20266e-06
-1.05298e-05
-2.95526e-06
-1.47039e-05
-2.46169e-06
-2.04792e-05
-1.89576e-05
7.51209e-07
3.75499e-06
1.34598e-06
8.84374e-06
1.73713e-06
1.12888e-05
2.06556e-06
1.21854e-05
2.33807e-06
1.1895e-05
2.52383e-06
1.06724e-05
2.6141e-06
8.90308e-06
2.61964e-06
6.94299e-06
2.55508e-06
5.00669e-06
2.42831e-06
3.16698e-06
2.23278e-06
1.40873e-06
1.95464e-06
-3.16906e-07
1.59333e-06
-2.06686e-06
1.14374e-06
-3.84322e-06
6.00679e-07
-5.63673e-06
-8.89489e-08
-7.44568e-06
-9.63075e-07
-9.65569e-06
-1.92637e-06
-1.37406e-05
-1.92863e-06
-2.04769e-05
-2.08862e-05
8.64511e-07
2.89047e-06
1.79892e-06
7.90933e-06
2.53741e-06
1.05503e-05
3.17604e-06
1.15468e-05
3.72187e-06
1.13492e-05
4.13105e-06
1.02632e-05
4.38713e-06
8.647e-06
4.5041e-06
6.82603e-06
4.50568e-06
5.00511e-06
4.40798e-06
3.26468e-06
4.20972e-06
1.60699e-06
3.88196e-06
1.08567e-08
3.4399e-06
-1.6248e-06
2.86044e-06
-3.26376e-06
2.14343e-06
-4.91973e-06
1.30585e-06
-6.60809e-06
2.55401e-07
-8.60524e-06
-9.68608e-07
-1.25166e-05
-1.43216e-06
-2.00134e-05
-2.23183e-05
8.0038e-07
2.09009e-06
1.94119e-06
6.76851e-06
2.97905e-06
9.51249e-06
3.94885e-06
1.0577e-05
4.82299e-06
1.0475e-05
5.53498e-06
9.55122e-06
6.04519e-06
8.1368e-06
6.35656e-06
6.51466e-06
6.49071e-06
4.87097e-06
6.46683e-06
3.28855e-06
6.28464e-06
1.78917e-06
5.93938e-06
3.56123e-07
5.40246e-06
-1.08788e-06
4.67815e-06
-2.53945e-06
3.75843e-06
-4e-06
2.67147e-06
-5.52113e-06
1.37457e-06
-7.30834e-06
-1.6311e-07
-1.09789e-05
-9.19563e-07
-1.92569e-05
-2.32379e-05
5.73033e-07
1.51706e-06
1.74728e-06
5.59427e-06
3.07945e-06
8.18031e-06
4.42521e-06
9.23124e-06
5.68713e-06
9.21309e-06
6.7664e-06
8.47195e-06
7.59726e-06
7.30594e-06
8.16696e-06
5.94495e-06
8.4884e-06
4.54953e-06
8.57933e-06
3.19763e-06
8.44704e-06
1.92147e-06
8.08956e-06
7.13596e-07
7.46354e-06
-4.61865e-07
6.58556e-06
-1.66147e-06
5.44264e-06
-2.85708e-06
4.07567e-06
-4.15416e-06
2.55347e-06
-5.78614e-06
9.4346e-07
-9.36894e-06
-1.50688e-07
-1.81628e-05
-2.33886e-05
1.49522e-07
1.36754e-06
1.03023e-06
4.71356e-06
2.50051e-06
6.71003e-06
4.2159e-06
7.51586e-06
5.93207e-06
7.49691e-06
7.46169e-06
6.94233e-06
8.70187e-06
6.06576e-06
9.62286e-06
5.02396e-06
1.022e-05
3.9524e-06
1.05056e-05
2.91196e-06
1.04862e-05
1.9409e-06
1.01679e-05
1.03195e-06
9.50758e-06
1.9842e-07
8.52293e-06
-6.76822e-07
7.20694e-06
-1.54108e-06
5.61013e-06
-2.55735e-06
3.8912e-06
-4.06721e-06
2.22856e-06
-7.7063e-06
6.48466e-07
-1.65827e-05
-2.27401e-05
-5.15418e-07
1.88296e-06
1.97217e-07
4.00092e-06
1.74496e-06
5.16229e-06
3.80017e-06
5.46065e-06
5.94791e-06
5.34918e-06
7.90263e-06
4.98761e-06
9.52768e-06
4.4407e-06
1.07818e-05
3.7698e-06
1.16477e-05
3.08655e-06
1.21423e-05
2.41737e-06
1.227e-05
1.8132e-06
1.20512e-05
1.25075e-06
1.1508e-05
7.41656e-07
1.06142e-05
2.16934e-07
9.37404e-06
-3.00927e-07
7.85736e-06
-1.04067e-06
6.24983e-06
-2.45967e-06
4.44732e-06
-5.90379e-06
2.05172e-06
-1.41871e-05
-2.06884e-05
-4.17733e-06
6.06029e-06
-3.64109e-06
3.46468e-06
-1.25132e-06
2.77252e-06
1.53998e-06
2.66935e-06
4.27206e-06
2.6171e-06
6.79956e-06
2.46011e-06
9.01014e-06
2.23013e-06
1.0844e-05
1.9359e-06
1.22834e-05
1.64719e-06
1.33555e-05
1.3453e-06
1.40775e-05
1.09114e-06
1.44941e-05
8.34138e-07
1.45938e-05
6.41947e-07
1.43869e-05
4.23841e-07
1.38649e-05
2.21098e-07
1.30429e-05
-2.18698e-07
1.19112e-05
-1.32791e-06
1.01079e-05
-4.10051e-06
5.63604e-06
-9.71524e-06
-1.50524e-05
6.06029e-06
9.52497e-06
1.22975e-05
1.49668e-05
1.75839e-05
2.0044e-05
2.22742e-05
2.42101e-05
2.58573e-05
2.72026e-05
2.82937e-05
2.91278e-05
2.97698e-05
3.01936e-05
3.04147e-05
3.0196e-05
2.88681e-05
2.47676e-05
1.50524e-05
)
;

boundaryField
{
    movingWall
    {
        type            calculated;
        value           uniform 0;
    }
    fixedWalls
    {
        type            calculated;
        value           uniform 0;
    }
    frontAndBack
    {
        type            empty;
        value           nonuniform List<scalar> 0();
    }
}


// ************************************************************************* //
