/*--------------------------------*- C++ -*----------------------------------*\
| =========                 |                                                 |
| \\      /  F ield         | OpenFOAM: The Open Source CFD Toolbox           |
|  \\    /   O peration     | Version:  2212                                  |
|   \\  /    A nd           | Website:  www.openfoam.com                      |
|    \\/     M anipulation  |                                                 |
\*---------------------------------------------------------------------------*/
FoamFile
{
    version     2.0;
    format      ascii;
    arch        "LSB;label=32;scalar=64";
    class       volScalarField;
    location    "5.8";
    object      p;
}
// * * * * * * * * * * * * * * * * * * * * * * * * * * * * * * * * * * * * * //

dimensions      [0 2 -2 0 0 0 0];

internalField   nonuniform List<scalar> 
400
(
-4.50826e-07
-0.000151329
-0.000534772
-0.00107119
-0.00173099
-0.00249125
-0.00318136
-0.00359334
-0.00356096
-0.00293011
-0.00154584
0.00062005
0.00324887
0.00551429
0.00653805
0.00593367
0.00401855
0.00216907
0.00113039
0.00106075
0.000115477
-5.87072e-05
-0.000377067
-0.000763744
-0.00124313
-0.0018863
-0.00270291
-0.00353851
-0.00407375
-0.0039321
-0.00284141
-0.0008219
0.00169086
0.00396319
0.00513086
0.00475529
0.00312134
0.00139499
0.000613528
0.000703598
0.000534866
0.000263998
-7.76709e-05
-0.000559374
-0.00134582
-0.00257681
-0.00421181
-0.00597242
-0.00738794
-0.00792808
-0.00724961
-0.00544968
-0.00288164
-0.000185459
0.00180272
0.00244271
0.00172829
0.000523563
-0.000374434
-0.000372323
0.00114877
0.000738802
0.000190621
-0.000774154
-0.00244686
-0.0049278
-0.00797774
-0.0110954
-0.0136719
-0.0151421
-0.0151721
-0.0138077
-0.0112654
-0.00800489
-0.00473061
-0.00218885
-0.000849205
-0.000684676
-0.00126683
-0.00189673
0.00157732
0.000969124
-2.48532e-05
-0.00192124
-0.00499589
-0.00915844
-0.0138796
-0.0184333
-0.0221595
-0.0245898
-0.0254636
-0.0246607
-0.0223077
-0.0186957
-0.014265
-0.00962314
-0.0055652
-0.00292595
-0.00217219
-0.00399492
0.00128545
0.00043929
-0.00119826
-0.00429634
-0.00898357
-0.0148424
-0.0210166
-0.026642
-0.0311039
-0.0340817
-0.035445
-0.0350921
-0.0331078
-0.0296414
-0.0248354
-0.0189104
-0.0124672
-0.00692031
-0.00437786
-0.00649835
-5.58351e-05
-0.00115202
-0.00349646
-0.00778034
-0.013897
-0.0210565
-0.0281553
-0.0343052
-0.0390079
-0.0420987
-0.0435811
-0.0434745
-0.0418467
-0.038768
-0.0342184
-0.028084
-0.0204845
-0.0126648
-0.00782749
-0.00772469
-0.00245455
-0.00374239
-0.0066888
-0.011886
-0.0189885
-0.0269034
-0.0343981
-0.040647
-0.0452962
-0.0483062
-0.0497613
-0.0497546
-0.0483652
-0.045642
-0.0415393
-0.0358284
-0.0282512
-0.0193188
-0.0117886
-0.00795864
-0.0055357
-0.00690887
-0.0102453
-0.0159827
-0.0235912
-0.0317915
-0.0393217
-0.0454531
-0.0499512
-0.0528516
-0.0542707
-0.0543121
-0.0530503
-0.0505452
-0.0468094
-0.0416892
-0.0347732
-0.0258791
-0.0166639
-0.00996587
-0.00872497
-0.0100724
-0.0135708
-0.0194923
-0.0272061
-0.035373
-0.0427633
-0.0487275
-0.0530976
-0.0559332
-0.0573452
-0.0574171
-0.0562119
-0.0538027
-0.0502739
-0.0456172
-0.0395227
-0.0314408
-0.0222622
-0.0142975
-0.0114896
-0.0127385
-0.0161858
-0.0219969
-0.029518
-0.037464
-0.0446653
-0.0505026
-0.0548146
-0.0576421
-0.0590715
-0.0591633
-0.0579678
-0.0555633
-0.0520947
-0.0476968
-0.0423101
-0.0352908
-0.0271292
-0.0191248
-0.0135315
-0.0145959
-0.0178191
-0.0232551
-0.0303391
-0.0379352
-0.0449531
-0.050749
-0.0550963
-0.0579833
-0.0594578
-0.0595604
-0.0583325
-0.0558535
-0.0523208
-0.0479816
-0.0430863
-0.0369651
-0.0299618
-0.0223583
-0.0148185
-0.0155448
-0.0183159
-0.0231523
-0.0296057
-0.0367568
-0.0436065
-0.0494466
-0.0539298
-0.0569519
-0.058508
-0.0586156
-0.0573108
-0.0546958
-0.0509925
-0.0465106
-0.0418567
-0.0362203
-0.0301642
-0.0228428
-0.0154495
-0.0157013
-0.017746
-0.0216962
-0.0273131
-0.0339234
-0.0406083
-0.0465645
-0.0512866
-0.0545389
-0.0562404
-0.0563823
-0.0549755
-0.0521542
-0.0481834
-0.0434588
-0.0386451
-0.0330837
-0.0280541
-0.020243
-0.0155576
-0.015281
-0.0163143
-0.01905
-0.0235937
-0.0295471
-0.0360533
-0.0421857
-0.0472487
-0.0508386
-0.0527677
-0.0529723
-0.0514947
-0.0484228
-0.0440947
-0.038962
-0.0337275
-0.0280443
-0.0242113
-0.0143753
-0.0152624
-0.0145372
-0.0142458
-0.0154033
-0.0186467
-0.0238336
-0.0301424
-0.0364961
-0.0419917
-0.046034
-0.048311
-0.0486895
-0.0471912
-0.0438868
-0.0391518
-0.0334625
-0.0276219
-0.0216358
-0.018072
-0.00385508
-0.014651
-0.0136096
-0.0117012
-0.0110747
-0.0129384
-0.0173472
-0.0234761
-0.0300847
-0.0360811
-0.0406785
-0.0434343
-0.0441181
-0.0427211
-0.0392749
-0.0341209
-0.0276668
-0.0206978
-0.01332
-0.00684546
0.0160003
-0.0145774
-0.0126534
-0.00865168
-0.00624375
-0.006916
-0.0107382
-0.0167883
-0.0236842
-0.0302169
-0.0354367
-0.0387893
-0.039921
-0.038777
-0.0353727
-0.0298565
-0.0222788
-0.0129175
-0.000765383
0.0166032
0.0569876
-0.011794
-0.0118326
-0.00573926
-0.00179756
-0.00178715
-0.00541592
-0.0115661
-0.0187804
-0.0258152
-0.0316059
-0.0355678
-0.0372656
-0.0365996
-0.0332936
-0.0271986
-0.0175588
-0.00320883
0.0203964
0.0606011
0.129738
-0.0295139
-0.0106352
-0.000627838
0.00305215
0.00241922
-0.00157576
-0.00799866
-0.0155275
-0.0229244
-0.0291002
-0.0334444
-0.0354976
-0.0351204
-0.0318972
-0.0252017
-0.0128736
0.00936685
0.0510853
0.122786
0.226001
)
;

boundaryField
{
    movingWall
    {
        type            zeroGradient;
    }
    fixedWalls
    {
        type            zeroGradient;
    }
    frontAndBack
    {
        type            empty;
    }
}


// ************************************************************************* //
