/*--------------------------------*- C++ -*----------------------------------*\
| =========                 |                                                 |
| \\      /  F ield         | OpenFOAM: The Open Source CFD Toolbox           |
|  \\    /   O peration     | Version:  2212                                  |
|   \\  /    A nd           | Website:  www.openfoam.com                      |
|    \\/     M anipulation  |                                                 |
\*---------------------------------------------------------------------------*/
FoamFile
{
    version     2.0;
    format      ascii;
    arch        "LSB;label=32;scalar=64";
    class       surfaceScalarField;
    location    "5.8";
    object      phi;
}
// * * * * * * * * * * * * * * * * * * * * * * * * * * * * * * * * * * * * * //

dimensions      [0 3 -1 0 0 0 0];

oriented        oriented;

internalField   nonuniform List<scalar> 
760
(
1.55747e-07
-1.55707e-07
2.92835e-07
-1.37088e-07
3.08989e-07
-1.61547e-08
1.82687e-07
1.26302e-07
-1.21053e-07
3.0374e-07
-6.66025e-07
5.44971e-07
-1.48424e-06
8.18212e-07
-2.48851e-06
1.00428e-06
-3.47701e-06
9.88498e-07
-4.21673e-06
7.39718e-07
-4.54079e-06
3.24059e-07
-4.35173e-06
-1.89057e-07
-3.59357e-06
-7.58156e-07
-2.38063e-06
-1.21294e-06
-9.43138e-07
-1.43749e-06
3.43935e-07
-1.28707e-06
1.08676e-06
-7.42824e-07
1.03131e-06
5.54486e-08
4.60403e-07
5.70907e-07
4.60402e-07
1.24405e-07
-2.80112e-07
7.34257e-08
-8.61072e-08
-2.98131e-07
3.55401e-07
-1.07921e-06
9.07378e-07
-2.31463e-06
1.53916e-06
-3.9239e-06
2.15425e-06
-5.65667e-06
2.55097e-06
-7.19989e-06
2.5475e-06
-8.3291e-06
2.11771e-06
-8.93452e-06
1.34515e-06
-8.96921e-06
3.58746e-07
-8.41058e-06
-7.47687e-07
-7.28992e-06
-1.87882e-06
-5.6405e-06
-2.86236e-06
-3.60637e-06
-3.47162e-06
-1.4923e-06
-3.40114e-06
1.75867e-07
-2.41099e-06
8.56899e-07
-6.25584e-07
5.24913e-07
9.02892e-07
9.85315e-07
-1.2811e-07
-1.52003e-07
-6.3441e-07
4.20193e-07
-1.62444e-06
1.34543e-06
-3.13896e-06
2.4219e-06
-5.0523e-06
3.4525e-06
-7.06548e-06
4.16742e-06
-8.86344e-06
4.34894e-06
-1.02662e-05
3.95026e-06
-1.12221e-05
3.07357e-06
-1.17233e-05
1.8464e-06
-1.1718e-05
3.53457e-07
-1.12602e-05
-1.20553e-06
-1.03292e-05
-2.80982e-06
-8.87079e-06
-4.32077e-06
-6.86513e-06
-5.47728e-06
-4.40137e-06
-5.8649e-06
-1.87895e-06
-4.93342e-06
-8.74656e-08
-2.41706e-06
2.94276e-07
5.2115e-07
1.27959e-06
-5.00336e-07
3.48332e-07
-1.55885e-06
1.4787e-06
-3.1163e-06
2.90288e-06
-5.07532e-06
4.38093e-06
-7.17617e-06
5.55335e-06
-9.11152e-06
6.10277e-06
-1.06793e-05
5.91671e-06
-1.18369e-05
5.10789e-06
-1.26124e-05
3.8491e-06
-1.30406e-05
2.27455e-06
-1.31061e-05
4.18953e-07
-1.28675e-05
-1.44411e-06
-1.22863e-05
-3.39102e-06
-1.12606e-05
-5.34645e-06
-9.65959e-06
-7.07832e-06
-7.3585e-06
-8.16599e-06
-4.39584e-06
-7.89608e-06
-1.37798e-06
-5.43492e-06
1.20297e-07
-9.77128e-07
1.39989e-06
-8.60931e-07
1.20926e-06
-2.35869e-06
2.97646e-06
-4.22696e-06
4.77115e-06
-6.27116e-06
6.42513e-06
-8.21064e-06
7.49284e-06
-9.82296e-06
7.71508e-06
-1.10314e-05
7.12511e-06
-1.18623e-05
5.93884e-06
-1.23777e-05
4.36446e-06
-1.26502e-05
2.54711e-06
-1.27708e-05
5.39504e-07
-1.27261e-05
-1.48882e-06
-1.25071e-05
-3.61001e-06
-1.20347e-05
-5.81882e-06
-1.11226e-05
-7.99046e-06
-9.4827e-06
-9.80586e-06
-6.81584e-06
-1.05629e-05
-3.22062e-06
-9.03014e-06
-2.61506e-07
-3.93625e-06
1.13838e-06
-1.08529e-06
2.29455e-06
-2.78016e-06
4.67133e-06
-4.67088e-06
6.66187e-06
-6.52591e-06
8.28016e-06
-8.12125e-06
9.08817e-06
-9.32589e-06
8.91972e-06
-1.01356e-05
7.93487e-06
-1.06156e-05
6.41877e-06
-1.0856e-05
4.6049e-06
-1.09569e-05
2.64797e-06
-1.10397e-05
6.22307e-07
-1.10911e-05
-1.43738e-06
-1.11271e-05
-3.57399e-06
-1.11186e-05
-5.8274e-06
-1.09117e-05
-8.19737e-06
-1.01792e-05
-1.05383e-05
-8.42698e-06
-1.23151e-05
-5.23956e-06
-1.22176e-05
-1.1579e-06
-8.0179e-06
-1.95195e-08
-1.10895e-06
3.4035e-06
-2.75416e-06
6.31654e-06
-4.4492e-06
8.35691e-06
-5.98249e-06
9.81345e-06
-7.19407e-06
1.02998e-05
-8.02148e-06
9.74713e-06
-8.50225e-06
8.41564e-06
-8.72334e-06
6.63985e-06
-8.78838e-06
4.66994e-06
-8.79452e-06
2.65411e-06
-8.82438e-06
6.52161e-07
-8.89647e-06
-1.36529e-06
-9.03064e-06
-3.43981e-06
-9.2383e-06
-5.61974e-06
-9.46282e-06
-7.97285e-06
-9.47273e-06
-1.05284e-05
-8.74901e-06
-1.30389e-05
-6.53395e-06
-1.44326e-05
-2.42211e-06
-1.21297e-05
-2.44163e-06
-9.34358e-07
4.33786e-06
-2.34396e-06
7.72614e-06
-3.72931e-06
9.74226e-06
-4.90695e-06
1.09911e-05
-5.77591e-06
1.11687e-05
-6.3192e-06
1.02904e-05
-6.59381e-06
8.69025e-06
-6.69074e-06
6.73678e-06
-6.70615e-06
4.68535e-06
-6.71322e-06
2.66118e-06
-6.74782e-06
6.86763e-07
-6.827e-06
-1.28611e-06
-6.97179e-06
-3.29503e-06
-7.21272e-06
-5.37881e-06
-7.5669e-06
-7.61867e-06
-7.94336e-06
-1.0152e-05
-7.93217e-06
-1.30501e-05
-6.71549e-06
-1.56493e-05
-3.58514e-06
-1.52601e-05
-6.02677e-06
-6.24238e-07
4.96209e-06
-1.68563e-06
8.78754e-06
-2.71777e-06
1.07744e-05
-3.55598e-06
1.18293e-05
-4.14468e-06
1.17574e-05
-4.49387e-06
1.06396e-05
-4.66233e-06
8.85871e-06
-4.72848e-06
6.80293e-06
-4.76475e-06
4.72161e-06
-4.81477e-06
2.71121e-06
-4.88867e-06
7.60659e-07
-4.99284e-06
-1.18194e-06
-5.13718e-06
-3.15069e-06
-5.3503e-06
-5.16568e-06
-5.68728e-06
-7.28169e-06
-6.16161e-06
-9.67763e-06
-6.55523e-06
-1.26564e-05
-6.12712e-06
-1.60774e-05
-3.92305e-06
-1.74642e-05
-9.94982e-06
-2.32267e-07
5.19436e-06
-8.9242e-07
9.44769e-06
-1.5635e-06
1.14455e-05
-2.09262e-06
1.23584e-05
-2.45201e-06
1.21168e-05
-2.66587e-06
1.08535e-05
-2.78237e-06
8.97521e-06
-2.8548e-06
6.87536e-06
-2.92786e-06
4.79468e-06
-3.02361e-06
2.80696e-06
-3.14483e-06
8.81881e-07
-3.29116e-06
-1.03561e-06
-3.46275e-06
-2.97911e-06
-3.67183e-06
-4.9566e-06
-3.96912e-06
-6.9844e-06
-4.43678e-06
-9.20997e-06
-5.02226e-06
-1.2071e-05
-5.12353e-06
-1.59761e-05
-3.55825e-06
-1.90294e-05
-1.35081e-05
1.63683e-07
5.03068e-06
-6.97613e-08
9.68113e-06
-4.0244e-07
1.17782e-05
-6.53202e-07
1.26092e-05
-8.07894e-07
1.22715e-05
-8.9761e-07
1.09432e-05
-9.6177e-07
9.03937e-06
-1.03229e-06
6.94588e-06
-1.1258e-06
4.88818e-06
-1.25006e-06
2.93122e-06
-1.40759e-06
1.03941e-06
-1.60053e-06
-8.42671e-07
-1.82745e-06
-2.75219e-06
-2.08623e-06
-4.69782e-06
-2.40439e-06
-6.66624e-06
-2.87388e-06
-8.74048e-06
-3.55931e-06
-1.13855e-05
-4.0253e-06
-1.55102e-05
-3.0257e-06
-2.0029e-05
-1.65338e-05
5.01361e-07
4.52932e-06
6.99352e-07
9.48314e-06
7.42684e-07
1.17348e-05
7.78447e-07
1.25734e-05
8.23511e-07
1.22264e-05
8.52491e-07
1.09142e-05
8.45644e-07
9.04622e-06
7.9473e-07
6.99679e-06
7.00766e-07
4.98215e-06
5.65545e-07
3.06644e-06
3.84004e-07
1.22095e-06
1.49949e-07
-6.08617e-07
-1.38308e-07
-2.46393e-06
-4.87438e-07
-4.3487e-06
-9.01469e-07
-6.25221e-06
-1.42453e-06
-8.21741e-06
-2.20401e-06
-1.0606e-05
-2.95434e-06
-1.47598e-05
-2.46115e-06
-2.05222e-05
-1.89949e-05
7.57636e-07
3.77168e-06
1.35614e-06
8.88464e-06
1.74969e-06
1.13413e-05
2.07994e-06
1.22432e-05
2.3538e-06
1.19526e-05
2.54098e-06
1.0727e-05
2.63327e-06
8.95393e-06
2.64139e-06
6.98867e-06
2.57949e-06
5.04405e-06
2.45431e-06
3.19162e-06
2.25846e-06
1.41679e-06
1.97792e-06
-3.28071e-07
1.61308e-06
-2.0991e-06
1.15893e-06
-3.89454e-06
6.10954e-07
-5.70424e-06
-8.2442e-08
-7.52402e-06
-9.5627e-07
-9.73222e-06
-1.91941e-06
-1.37967e-05
-1.92536e-06
-2.05163e-05
-2.09203e-05
8.72761e-07
2.89892e-06
1.81391e-06
7.94349e-06
2.55717e-06
1.0598e-05
3.19964e-06
1.16007e-05
3.74872e-06
1.14035e-05
4.1611e-06
1.03146e-05
4.42084e-06
8.69419e-06
4.54191e-06
6.8676e-06
4.54739e-06
5.03857e-06
4.4526e-06
3.28641e-06
4.25566e-06
1.61373e-06
3.92424e-06
3.35108e-09
3.47862e-06
-1.65347e-06
2.8932e-06
-3.30912e-06
2.169e-06
-4.98003e-06
1.32458e-06
-6.6796e-06
2.69141e-07
-8.67678e-06
-9.57339e-07
-1.25702e-05
-1.42685e-06
-2.00468e-05
-2.23471e-05
8.08642e-07
2.09028e-06
1.95894e-06
6.79319e-06
3.00396e-06
9.55299e-06
3.97965e-06
1.0625e-05
4.85896e-06
1.05242e-05
5.57582e-06
9.59778e-06
6.09105e-06
8.17897e-06
6.40761e-06
6.55103e-06
6.5465e-06
4.89969e-06
6.52587e-06
3.30703e-06
6.34421e-06
1.79539e-06
5.99896e-06
3.48601e-07
5.45708e-06
-1.11159e-06
4.72589e-06
-2.57793e-06
3.79735e-06
-4.05149e-06
2.70024e-06
-5.5825e-06
1.3943e-06
-7.37084e-06
-1.52736e-07
-1.10232e-05
-9.11865e-07
-1.92876e-05
-2.3259e-05
5.79346e-07
1.51093e-06
1.76446e-06
5.60808e-06
3.10621e-06
8.21124e-06
4.46062e-06
9.2706e-06
5.73022e-06
9.25458e-06
6.81639e-06
8.51161e-06
7.65369e-06
7.34167e-06
8.22945e-06
5.97527e-06
8.55615e-06
4.57299e-06
8.6507e-06
3.21248e-06
8.51996e-06
1.92612e-06
8.16121e-06
7.0735e-07
7.53049e-06
-4.80872e-07
6.64502e-06
-1.69245e-06
5.49204e-06
-2.89852e-06
4.1125e-06
-4.20296e-06
2.57903e-06
-5.83736e-06
9.62223e-07
-9.40636e-06
-1.4205e-07
-1.81834e-05
-2.3401e-05
1.53145e-07
1.35779e-06
1.04409e-06
4.71714e-06
2.52518e-06
6.73015e-06
4.25138e-06
7.5444e-06
5.97754e-06
7.52841e-06
7.51605e-06
6.97311e-06
8.76421e-06
6.09351e-06
9.69228e-06
5.0472e-06
1.02954e-05
3.96986e-06
1.05853e-05
2.92265e-06
1.05678e-05
1.94355e-06
1.02488e-05
1.02636e-06
9.58276e-06
1.85174e-07
8.59084e-06
-7.00527e-07
7.26365e-06
-1.57132e-06
5.65288e-06
-2.5922e-06
3.91904e-06
-4.10352e-06
2.24488e-06
-7.7322e-06
6.54714e-07
-1.65932e-05
-2.27463e-05
-5.18187e-07
1.87597e-06
2.02237e-07
3.99671e-06
1.76236e-06
5.17002e-06
3.83126e-06
5.4755e-06
5.99222e-06
5.36745e-06
7.9586e-06
5.00672e-06
9.59385e-06
4.45827e-06
1.08565e-05
3.78454e-06
1.17292e-05
3.09722e-06
1.22281e-05
2.42367e-06
1.23572e-05
1.81453e-06
1.21361e-05
1.24739e-06
1.15887e-05
7.32641e-07
1.0686e-05
2.02175e-07
9.43255e-06
-3.17904e-07
7.90109e-06
-1.06074e-06
6.27739e-06
-2.47983e-06
4.46181e-06
-5.91661e-06
2.0577e-06
-1.41891e-05
-2.06886e-05
-4.18045e-06
6.05642e-06
-3.64317e-06
3.45944e-06
-1.24534e-06
2.77218e-06
1.55738e-06
2.67278e-06
4.30173e-06
2.62311e-06
6.84106e-06
2.46739e-06
9.06204e-06
2.23729e-06
1.09044e-05
1.94216e-06
1.23498e-05
1.6518e-06
1.34254e-05
1.34815e-06
1.41481e-05
1.09181e-06
1.45627e-05
8.32757e-07
1.46571e-05
6.38274e-07
1.44405e-05
4.18789e-07
1.39076e-05
2.14919e-07
1.30743e-05
-2.27391e-07
1.19288e-05
-1.33438e-06
1.01146e-05
-4.10237e-06
5.63874e-06
-9.71324e-06
-1.50499e-05
6.05642e-06
9.51586e-06
1.2288e-05
1.49608e-05
1.75839e-05
2.00513e-05
2.22886e-05
2.42308e-05
2.58826e-05
2.72307e-05
2.83225e-05
2.91553e-05
2.97936e-05
3.02123e-05
3.04273e-05
3.01999e-05
2.88655e-05
2.47631e-05
1.50499e-05
)
;

boundaryField
{
    movingWall
    {
        type            calculated;
        value           uniform 0;
    }
    fixedWalls
    {
        type            calculated;
        value           uniform 0;
    }
    frontAndBack
    {
        type            empty;
        value           nonuniform List<scalar> 0();
    }
}


// ************************************************************************* //
