/*--------------------------------*- C++ -*----------------------------------*\
| =========                 |                                                 |
| \\      /  F ield         | OpenFOAM: The Open Source CFD Toolbox           |
|  \\    /   O peration     | Version:  2212                                  |
|   \\  /    A nd           | Website:  www.openfoam.com                      |
|    \\/     M anipulation  |                                                 |
\*---------------------------------------------------------------------------*/
FoamFile
{
    version     2.0;
    format      ascii;
    arch        "LSB;label=32;scalar=64";
    class       volScalarField;
    location    "5.8";
    object      T;
}
// * * * * * * * * * * * * * * * * * * * * * * * * * * * * * * * * * * * * * //

dimensions      [0 0 0 1 0 0 0];

internalField   nonuniform List<scalar> 
400
(
0.679443
0.689676
0.710217
0.74014
0.774113
0.803775
0.823542
0.833727
0.838422
0.841288
0.84364
0.845779
0.847784
0.849497
0.850467
0.849886
0.84643
0.838359
0.82611
0.816017
0.693189
0.705387
0.72969
0.763929
0.798989
0.823454
0.834643
0.838719
0.840701
0.842169
0.843898
0.846325
0.849554
0.853278
0.856459
0.857434
0.853686
0.843149
0.828427
0.817445
0.714403
0.730305
0.759767
0.794788
0.82183
0.833874
0.836203
0.83535
0.833407
0.831867
0.832062
0.834909
0.840459
0.848455
0.857177
0.863915
0.864072
0.852827
0.832706
0.820024
0.735092
0.754854
0.786772
0.815835
0.830376
0.831171
0.82582
0.818047
0.809783
0.803598
0.801259
0.804357
0.812587
0.826171
0.843168
0.860505
0.872175
0.869574
0.845937
0.827085
0.751291
0.77362
0.804195
0.823779
0.826075
0.816854
0.802687
0.786279
0.770962
0.759737
0.754612
0.757355
0.76758
0.785842
0.810674
0.839451
0.866619
0.882459
0.871393
0.841236
0.762637
0.785701
0.812238
0.821603
0.812899
0.794188
0.770921
0.746491
0.725256
0.710045
0.702773
0.704685
0.715794
0.736535
0.766244
0.803114
0.843024
0.877983
0.892399
0.86263
0.770003
0.792165
0.813375
0.813315
0.795253
0.768138
0.737098
0.70669
0.681566
0.664133
0.655831
0.657128
0.66828
0.689603
0.721171
0.76223
0.809937
0.857937
0.89431
0.892764
0.774432
0.794718
0.81071
0.802974
0.777377
0.74336
0.706442
0.672134
0.644894
0.626607
0.618045
0.619071
0.629773
0.650386
0.681489
0.723648
0.775803
0.83265
0.883093
0.909302
0.776803
0.794792
0.806333
0.792904
0.761734
0.722714
0.681921
0.645354
0.617114
0.598612
0.590045
0.590966
0.601203
0.620737
0.650078
0.690686
0.744072
0.807354
0.868099
0.904411
0.777732
0.79349
0.801942
0.785227
0.750655
0.708429
0.66523
0.627301
0.598439
0.579698
0.570918
0.571592
0.58145
0.600221
0.627879
0.665755
0.717422
0.784191
0.855059
0.901042
0.777623
0.791439
0.798111
0.780179
0.744156
0.700507
0.656363
0.617891
0.588616
0.569418
0.560053
0.560116
0.56939
0.587501
0.613858
0.648916
0.697042
0.764112
0.842641
0.898804
0.776728
0.789006
0.795222
0.778362
0.743178
0.699941
0.656081
0.617595
0.587906
0.567993
0.557734
0.556839
0.565142
0.582269
0.607313
0.639668
0.683268
0.748348
0.832899
0.897644
0.775094
0.786258
0.792923
0.778803
0.746384
0.705287
0.66308
0.625536
0.596016
0.575675
0.564575
0.562514
0.569405
0.584879
0.607972
0.637451
0.675893
0.736597
0.825002
0.897524
0.772634
0.783113
0.790899
0.781134
0.753743
0.716912
0.678004
0.642532
0.613838
0.593342
0.581405
0.577853
0.582766
0.595725
0.615858
0.641658
0.674586
0.729635
0.819915
0.898307
0.76919
0.779483
0.788309
0.78311
0.761898
0.731023
0.697214
0.665556
0.639207
0.619685
0.607586
0.602753
0.605349
0.615
0.630984
0.652232
0.679424
0.727161
0.817054
0.899973
0.764928
0.775292
0.785324
0.784969
0.771168
0.748064
0.721179
0.69494
0.672241
0.654608
0.64276
0.636735
0.636551
0.642077
0.652868
0.668379
0.689463
0.72862
0.816764
0.902612
0.76089
0.770917
0.780663
0.783199
0.775745
0.760731
0.742006
0.722927
0.705741
0.691758
0.681526
0.675304
0.672915
0.674516
0.680154
0.68969
0.705402
0.737317
0.821718
0.907081
0.757958
0.768044
0.77854
0.783169
0.781028
0.773433
0.76263
0.750694
0.739145
0.72904
0.720833
0.714915
0.71134
0.710261
0.71239
0.717379
0.729487
0.754729
0.83144
0.912768
0.726254
0.76491
0.768844
0.771946
0.771264
0.768597
0.764647
0.76068
0.756854
0.754115
0.752202
0.751639
0.752291
0.754043
0.757971
0.762772
0.774718
0.795315
0.854624
0.922521
0.80697
0.830986
0.844371
0.85298
0.858251
0.861987
0.864486
0.866842
0.868697
0.87091
0.872841
0.875297
0.877504
0.880279
0.88283
0.886241
0.890251
0.898478
0.914206
0.942739
)
;

boundaryField
{
    movingWall
    {
        type            fixedValue;
        value           uniform 1;
    }
    fixedWalls
    {
        type            zeroGradient;
    }
    frontAndBack
    {
        type            empty;
    }
}


// ************************************************************************* //
