/*--------------------------------*- C++ -*----------------------------------*\
| =========                 |                                                 |
| \\      /  F ield         | OpenFOAM: The Open Source CFD Toolbox           |
|  \\    /   O peration     | Version:  2212                                  |
|   \\  /    A nd           | Website:  www.openfoam.com                      |
|    \\/     M anipulation  |                                                 |
\*---------------------------------------------------------------------------*/
FoamFile
{
    version     2.0;
    format      ascii;
    arch        "LSB;label=32;scalar=64";
    class       volScalarField;
    location    "10.6";
    object      p;
}
// * * * * * * * * * * * * * * * * * * * * * * * * * * * * * * * * * * * * * //

dimensions      [0 2 -2 0 0 0 0];

internalField   nonuniform List<scalar> 
400
(
6.3059e-07
-0.000150349
-0.000534425
-0.00107162
-0.00173234
-0.00249382
-0.00318494
-0.00359751
-0.00356528
-0.00293402
-0.00154847
0.000619479
0.00324969
0.00551423
0.00653395
0.00592313
0.00400238
0.00214996
0.00111091
0.00104181
0.000116538
-5.7875e-05
-0.00037682
-0.000763993
-0.00124391
-0.00188803
-0.00270614
-0.00354346
-0.00407994
-0.00393836
-0.00284636
-0.000824787
0.00168947
0.00396105
0.00512487
0.00474333
0.00310329
0.0013751
0.000593506
0.000684476
0.000536656
0.000265188
-7.71027e-05
-0.00055946
-0.00134716
-0.00258055
-0.00421909
-0.00598373
-0.00740251
-0.00794382
-0.00726413
-0.00546192
-0.00289156
-0.000194541
0.00179189
0.00242792
0.00170903
0.000502365
-0.000395796
-0.00039254
0.00115216
0.000741478
0.000192093
-0.000774634
-0.00245101
-0.00493776
-0.00799509
-0.0111204
-0.0137032
-0.0151768
-0.0152067
-0.0138397
-0.0112935
-0.00802893
-0.00475212
-0.00220963
-0.000870321
-0.000706164
-0.00128875
-0.00191808
0.00158354
0.000973944
-2.26697e-05
-0.00192394
-0.00500655
-0.00917997
-0.0139136
-0.0184795
-0.0222158
-0.0246525
-0.0255281
-0.0247224
-0.022363
-0.0187431
-0.0143043
-0.00965549
-0.00559197
-0.00294883
-0.0021932
-0.0040179
0.00129358
0.000445244
-0.00119715
-0.00430423
-0.00900487
-0.0148804
-0.0210724
-0.0267148
-0.0311906
-0.0341778
-0.0355446
-0.0351886
-0.0331961
-0.0297179
-0.0248988
-0.0189605
-0.012505
-0.0069482
-0.0044008
-0.00652408
-4.8098e-05
-0.00114734
-0.00349925
-0.00779663
-0.0139323
-0.021114
-0.0282356
-0.034407
-0.0391277
-0.0422309
-0.0437186
-0.0436092
-0.0419715
-0.0388777
-0.0343099
-0.0281564
-0.0205385
-0.0127025
-0.00785463
-0.00774786
-0.00245025
-0.00374194
-0.00669835
-0.0119131
-0.0190395
-0.0269813
-0.0345033
-0.0407781
-0.0454495
-0.0484756
-0.0499382
-0.0499295
-0.0485288
-0.045787
-0.0416611
-0.0359257
-0.0283249
-0.0193705
-0.011822
-0.00798039
-0.00553738
-0.00691494
-0.0102634
-0.0160215
-0.0236576
-0.0318888
-0.0394503
-0.0456116
-0.0501359
-0.0530558
-0.0544849
-0.054525
-0.0532508
-0.0507241
-0.0469606
-0.0418108
-0.0348669
-0.025947
-0.0167087
-0.00999429
-0.00873345
-0.0100856
-0.0135973
-0.0195417
-0.0272857
-0.0354862
-0.0429109
-0.0489083
-0.0533077
-0.0561654
-0.0575892
-0.0576605
-0.0564422
-0.0540092
-0.0504495
-0.045759
-0.039633
-0.0315232
-0.0223206
-0.0143395
-0.0115037
-0.0127575
-0.0162188
-0.0220537
-0.0296063
-0.0375875
-0.044825
-0.0506975
-0.0550407
-0.0578919
-0.0593341
-0.0594256
-0.0582165
-0.0557867
-0.052285
-0.0478508
-0.0424299
-0.0353817
-0.0271972
-0.0191788
-0.0135489
-0.0146182
-0.0178554
-0.0233147
-0.03043
-0.0380615
-0.0451162
-0.0509478
-0.0553268
-0.058238
-0.0597255
-0.0598279
-0.058586
-0.0560808
-0.0525136
-0.0481365
-0.0432055
-0.0370553
-0.0300311
-0.0224166
-0.0148369
-0.0155674
-0.0183512
-0.0232095
-0.0296923
-0.0368775
-0.043763
-0.0496382
-0.0541526
-0.0571984
-0.0587674
-0.0588745
-0.0575553
-0.0549136
-0.0511752
-0.0466542
-0.0419642
-0.0362991
-0.0302253
-0.0228952
-0.0154673
-0.0157216
-0.0177767
-0.0217455
-0.0273886
-0.0340303
-0.0407489
-0.0467386
-0.0514906
-0.0547658
-0.0564796
-0.0566206
-0.0551991
-0.0523507
-0.0483442
-0.0435803
-0.0387295
-0.0331406
-0.0280989
-0.0202786
-0.0155739
-0.0152977
-0.0163375
-0.0190871
-0.0236521
-0.0296329
-0.0361701
-0.042334
-0.0474256
-0.0510372
-0.0529778
-0.0531811
-0.0516887
-0.0485894
-0.0442251
-0.0390526
-0.0337809
-0.028071
-0.024231
-0.0143846
-0.0152763
-0.0145496
-0.0142602
-0.0154254
-0.0186841
-0.0238937
-0.0302302
-0.0366132
-0.042136
-0.0461992
-0.0484872
-0.0488643
-0.0473512
-0.0440192
-0.0392476
-0.033518
-0.0276407
-0.021629
-0.0180533
-0.00383278
-0.0146616
-0.0136177
-0.0117064
-0.0110806
-0.0129531
-0.0173796
-0.0235331
-0.0301692
-0.0361918
-0.0408098
-0.0435769
-0.0442599
-0.042849
-0.039375
-0.0341843
-0.0276891
-0.020682
-0.0132763
-0.00678603
0.0160528
-0.0145828
-0.0126568
-0.00864813
-0.00623434
-0.00690977
-0.0107454
-0.0168172
-0.0237391
-0.0302975
-0.0355379
-0.0389021
-0.0400336
-0.0388762
-0.0354469
-0.0298951
-0.0222755
-0.0128727
-0.000688585
0.0166945
0.0570635
-0.0117942
-0.0118303
-0.00572586
-0.00177488
-0.00176486
-0.0054045
-0.0115748
-0.0188142
-0.0258746
-0.0316863
-0.035661
-0.0373606
-0.0366841
-0.0333544
-0.0272236
-0.0175414
-0.0031485
0.0204897
0.0607037
0.129821
-0.0295164
-0.0106294
-0.000608685
0.00308089
0.00244831
-0.00155685
-0.00799911
-0.0155528
-0.0229753
-0.0291727
-0.0335307
-0.0355867
-0.0352
-0.0319548
-0.025227
-0.0128598
0.00942241
0.051171
0.122877
0.226076
)
;

boundaryField
{
    movingWall
    {
        type            zeroGradient;
    }
    fixedWalls
    {
        type            zeroGradient;
    }
    frontAndBack
    {
        type            empty;
    }
}


// ************************************************************************* //
