/*--------------------------------*- C++ -*----------------------------------*\
| =========                 |                                                 |
| \\      /  F ield         | OpenFOAM: The Open Source CFD Toolbox           |
|  \\    /   O peration     | Version:  2212                                  |
|   \\  /    A nd           | Website:  www.openfoam.com                      |
|    \\/     M anipulation  |                                                 |
\*---------------------------------------------------------------------------*/
FoamFile
{
    version     2.0;
    format      ascii;
    arch        "LSB;label=32;scalar=64";
    class       volScalarField;
    location    "10.6";
    object      T;
}
// * * * * * * * * * * * * * * * * * * * * * * * * * * * * * * * * * * * * * //

dimensions      [0 0 0 1 0 0 0];

internalField   nonuniform List<scalar> 
400
(
0.905347
0.907542
0.912005
0.918583
0.926199
0.933066
0.937899
0.940634
0.942064
0.94302
0.943879
0.944758
0.945689
0.946639
0.947452
0.947878
0.947501
0.94587
0.943215
0.941038
0.908195
0.910876
0.916243
0.923893
0.931916
0.937743
0.940538
0.941509
0.94186
0.942123
0.942618
0.943529
0.94492
0.946707
0.94852
0.94979
0.949644
0.94742
0.943985
0.941497
0.912639
0.916213
0.92284
0.93079
0.937001
0.939638
0.939649
0.938597
0.937251
0.93623
0.936072
0.937155
0.939491
0.943005
0.947053
0.950683
0.952301
0.950309
0.945398
0.942345
0.916984
0.921478
0.928682
0.93514
0.937975
0.937034
0.934024
0.930162
0.926326
0.923488
0.922382
0.923629
0.927075
0.932798
0.940012
0.947579
0.953383
0.954612
0.949121
0.944368
0.920336
0.925371
0.932055
0.935802
0.934796
0.93012
0.923548
0.91628
0.909626
0.904772
0.902577
0.903765
0.908143
0.915878
0.926275
0.938216
0.949587
0.957079
0.955876
0.948162
0.922572
0.927616
0.932915
0.933432
0.928546
0.920067
0.909783
0.899203
0.889984
0.883369
0.880227
0.881127
0.886056
0.895108
0.907844
0.923324
0.939726
0.95399
0.960975
0.95374
0.923863
0.928437
0.93187
0.929169
0.920717
0.908737
0.895158
0.881891
0.870777
0.863012
0.85931
0.85996
0.865054
0.874636
0.888555
0.90625
0.926267
0.945824
0.960393
0.961724
0.924472
0.928336
0.92991
0.924419
0.912929
0.897976
0.881772
0.866582
0.85429
0.845956
0.842045
0.842595
0.847622
0.857129
0.871175
0.889735
0.912044
0.935618
0.95582
0.966013
0.924614
0.927705
0.927656
0.919965
0.906137
0.88897
0.870942
0.854527
0.841574
0.832981
0.828989
0.829498
0.83441
0.843622
0.857178
0.87544
0.89867
0.925258
0.949932
0.964173
0.924458
0.926894
0.925737
0.916689
0.901363
0.882736
0.863521
0.846322
0.832938
0.824122
0.819978
0.820371
0.825159
0.834126
0.847101
0.864441
0.887303
0.915686
0.944626
0.962792
0.9241
0.926064
0.92429
0.914615
0.898582
0.879291
0.859582
0.842054
0.828415
0.819336
0.814894
0.814998
0.819535
0.828242
0.840712
0.856962
0.878563
0.907398
0.939685
0.961908
0.923599
0.925313
0.923502
0.914097
0.898289
0.879143
0.859539
0.842007
0.828195
0.818794
0.813935
0.813579
0.817647
0.825884
0.837753
0.852847
0.872635
0.900854
0.935736
0.961428
0.922949
0.924604
0.923142
0.914649
0.899844
0.881613
0.862785
0.845762
0.832126
0.822598
0.817376
0.816464
0.819833
0.827249
0.838166
0.851935
0.869526
0.896059
0.932614
0.961377
0.922105
0.923894
0.923168
0.916291
0.903385
0.88694
0.869615
0.853642
0.84053
0.831053
0.825509
0.823903
0.826299
0.832466
0.84193
0.853951
0.869082
0.893271
0.930599
0.961675
0.920989
0.923025
0.923022
0.917897
0.907354
0.89338
0.878331
0.864184
0.852294
0.843406
0.837877
0.8357
0.836982
0.841543
0.84901
0.858876
0.871389
0.892451
0.929544
0.962332
0.91966
0.922022
0.922948
0.919844
0.912168
0.90132
0.889216
0.877507
0.867363
0.859453
0.854134
0.851459
0.851458
0.854086
0.859118
0.866313
0.875992
0.893295
0.929507
0.963365
0.918347
0.92066
0.921849
0.920175
0.915119
0.907579
0.898894
0.890281
0.882595
0.876366
0.871823
0.8691
0.868109
0.86895
0.871612
0.876058
0.883194
0.897214
0.931617
0.965122
0.917417
0.920113
0.921998
0.921515
0.918775
0.914307
0.90889
0.90327
0.897989
0.893453
0.88981
0.88723
0.885696
0.885305
0.886306
0.888594
0.893864
0.90467
0.935582
0.967338
0.905219
0.917602
0.91778
0.917573
0.916123
0.914097
0.911737
0.909526
0.907486
0.905983
0.904887
0.904403
0.904457
0.905009
0.906472
0.908333
0.91309
0.921366
0.944861
0.971135
0.93339
0.941478
0.945835
0.948477
0.949923
0.95085
0.951363
0.951875
0.952245
0.95279
0.953272
0.953977
0.95463
0.955506
0.956345
0.957502
0.958965
0.962038
0.968135
0.978913
)
;

boundaryField
{
    movingWall
    {
        type            fixedValue;
        value           uniform 1;
    }
    fixedWalls
    {
        type            zeroGradient;
    }
    frontAndBack
    {
        type            empty;
    }
}


// ************************************************************************* //
