/*--------------------------------*- C++ -*----------------------------------*\
| =========                 |                                                 |
| \\      /  F ield         | OpenFOAM: The Open Source CFD Toolbox           |
|  \\    /   O peration     | Version:  2212                                  |
|   \\  /    A nd           | Website:  www.openfoam.com                      |
|    \\/     M anipulation  |                                                 |
\*---------------------------------------------------------------------------*/
FoamFile
{
    version     2.0;
    format      ascii;
    arch        "LSB;label=32;scalar=64";
    class       volScalarField;
    location    "15.1";
    object      T;
}
// * * * * * * * * * * * * * * * * * * * * * * * * * * * * * * * * * * * * * //

dimensions      [0 0 0 1 0 0 0];

internalField   nonuniform List<scalar> 
400
(
0.962108
0.962909
0.964535
0.966943
0.969752
0.972319
0.974163
0.975239
0.975822
0.976219
0.97658
0.976954
0.977354
0.977768
0.978132
0.978342
0.978229
0.977613
0.976594
0.97576
0.963132
0.964114
0.966083
0.968902
0.971889
0.974094
0.975177
0.975557
0.975687
0.975785
0.975986
0.97637
0.976963
0.977733
0.978524
0.979102
0.979102
0.978252
0.976912
0.975948
0.96473
0.966052
0.968502
0.971455
0.973781
0.974769
0.974732
0.974256
0.973662
0.973213
0.973136
0.973592
0.974585
0.976086
0.977824
0.979402
0.980158
0.97943
0.977497
0.976299
0.966297
0.967968
0.970641
0.973035
0.974054
0.973597
0.972287
0.97062
0.968974
0.967758
0.967282
0.96781
0.969275
0.971709
0.97478
0.978009
0.980516
0.98114
0.979
0.977118
0.967501
0.969372
0.971836
0.973165
0.972637
0.97062
0.9678
0.964693
0.961854
0.959783
0.958848
0.959354
0.96122
0.964512
0.968933
0.974005
0.978838
0.982059
0.981698
0.978637
0.968293
0.970152
0.972053
0.972081
0.969949
0.966322
0.961926
0.957412
0.953477
0.950652
0.94931
0.949697
0.951805
0.955672
0.961102
0.967686
0.974646
0.980692
0.983702
0.980858
0.968729
0.970386
0.971521
0.970229
0.966603
0.961485
0.955684
0.950018
0.945262
0.941937
0.940351
0.940632
0.942817
0.946923
0.952876
0.960426
0.96894
0.97723
0.983393
0.984046
0.96891
0.970273
0.97064
0.96819
0.963278
0.956889
0.949962
0.943463
0.938192
0.934614
0.932934
0.933172
0.935335
0.93942
0.945443
0.953382
0.962893
0.972908
0.981454
0.985752
0.968917
0.969964
0.969658
0.966284
0.960376
0.953038
0.945326
0.93829
0.932725
0.929028
0.92731
0.92753
0.929648
0.933615
0.939442
0.947273
0.957198
0.968512
0.978968
0.984977
0.968816
0.969603
0.968838
0.964887
0.958337
0.950371
0.942143
0.934763
0.929005
0.925207
0.92342
0.92359
0.925657
0.929523
0.935111
0.942561
0.95235
0.964445
0.976718
0.984391
0.968644
0.969251
0.968231
0.964006
0.957148
0.948895
0.940452
0.932925
0.927053
0.923139
0.921222
0.921267
0.923227
0.926984
0.932358
0.939351
0.948617
0.960923
0.974628
0.984017
0.968422
0.968946
0.967918
0.963795
0.957025
0.948832
0.940431
0.932901
0.926955
0.922902
0.920804
0.920651
0.922408
0.925963
0.93108
0.937581
0.946082
0.95814
0.972954
0.983812
0.968146
0.968669
0.967798
0.964047
0.957692
0.949888
0.941821
0.934513
0.928646
0.924539
0.922286
0.921894
0.923348
0.926548
0.931254
0.937186
0.944752
0.956103
0.971633
0.983789
0.967797
0.968402
0.967859
0.964779
0.959217
0.952172
0.94475
0.937896
0.93226
0.92818
0.925791
0.9251
0.926134
0.928793
0.932871
0.938049
0.944562
0.95492
0.970781
0.983914
0.967341
0.968071
0.967849
0.965502
0.96093
0.954933
0.948485
0.94242
0.937315
0.933495
0.931116
0.93018
0.930733
0.932698
0.935914
0.940164
0.945553
0.954578
0.970338
0.984191
0.9668
0.967688
0.967886
0.966394
0.963024
0.958348
0.953154
0.948134
0.943783
0.940388
0.938104
0.936956
0.936958
0.938091
0.940259
0.943359
0.947528
0.954947
0.970324
0.984626
0.966262
0.967136
0.967468
0.966595
0.964334
0.961057
0.957316
0.953618
0.950321
0.947649
0.945701
0.944534
0.944112
0.944479
0.945628
0.947546
0.950618
0.956626
0.971223
0.985368
0.965882
0.966941
0.967593
0.967244
0.965971
0.963996
0.961641
0.959214
0.956942
0.954995
0.953433
0.952328
0.951674
0.951511
0.951944
0.952931
0.955188
0.959806
0.972904
0.986302
0.960741
0.965798
0.965786
0.965608
0.964923
0.964008
0.962964
0.961992
0.961099
0.96044
0.959958
0.959739
0.959751
0.959977
0.96059
0.961376
0.96339
0.966897
0.976831
0.987903
0.972426
0.975759
0.977544
0.978614
0.979186
0.979544
0.979732
0.979923
0.980058
0.980269
0.980456
0.980738
0.981001
0.981358
0.981703
0.982181
0.982792
0.984081
0.986651
0.991177
)
;

boundaryField
{
    movingWall
    {
        type            fixedValue;
        value           uniform 1;
    }
    fixedWalls
    {
        type            zeroGradient;
    }
    frontAndBack
    {
        type            empty;
    }
}


// ************************************************************************* //
