/*--------------------------------*- C++ -*----------------------------------*\
| =========                 |                                                 |
| \\      /  F ield         | OpenFOAM: The Open Source CFD Toolbox           |
|  \\    /   O peration     | Version:  2212                                  |
|   \\  /    A nd           | Website:  www.openfoam.com                      |
|    \\/     M anipulation  |                                                 |
\*---------------------------------------------------------------------------*/
FoamFile
{
    version     2.0;
    format      ascii;
    arch        "LSB;label=32;scalar=64";
    class       surfaceScalarField;
    location    "5.6";
    object      phi;
}
// * * * * * * * * * * * * * * * * * * * * * * * * * * * * * * * * * * * * * //

dimensions      [0 3 -1 0 0 0 0];

oriented        oriented;

internalField   nonuniform List<scalar> 
760
(
1.55668e-07
-1.55624e-07
2.92663e-07
-1.36994e-07
3.08775e-07
-1.61128e-08
1.82476e-07
1.26298e-07
-1.21208e-07
3.03684e-07
-6.66037e-07
5.44829e-07
-1.484e-06
8.17964e-07
-2.48799e-06
1.00399e-06
-3.47627e-06
9.88281e-07
-4.21592e-06
7.39653e-07
-4.54007e-06
3.24148e-07
-4.35128e-06
-1.88788e-07
-3.5935e-06
-7.57784e-07
-2.38095e-06
-1.21255e-06
-9.43782e-07
-1.43717e-06
3.43132e-07
-1.28691e-06
1.08608e-06
-7.42949e-07
1.03093e-06
5.51527e-08
4.60274e-07
5.70655e-07
4.60274e-07
1.24266e-07
-2.79891e-07
7.31745e-08
-8.59023e-08
-2.98358e-07
3.55419e-07
-1.07925e-06
9.07194e-07
-2.31432e-06
1.53875e-06
-3.92312e-06
2.15363e-06
-5.65542e-06
2.55027e-06
-7.19832e-06
2.54689e-06
-8.32738e-06
2.11734e-06
-8.93283e-06
1.3451e-06
-8.96768e-06
3.58998e-07
-8.40934e-06
-7.47125e-07
-7.28909e-06
-1.87804e-06
-5.64013e-06
-2.8615e-06
-3.60646e-06
-3.47085e-06
-1.49272e-06
-3.40065e-06
1.7527e-07
-2.41094e-06
8.56458e-07
-6.26037e-07
5.24743e-07
9.02368e-07
9.85017e-07
-1.28215e-07
-1.51676e-07
-6.34501e-07
4.20383e-07
-1.62431e-06
1.34523e-06
-3.13839e-06
2.42127e-06
-5.05115e-06
3.45151e-06
-7.06376e-06
4.16623e-06
-8.86128e-06
4.34779e-06
-1.02637e-05
3.94934e-06
-1.12194e-05
3.07302e-06
-1.17206e-05
1.8463e-06
-1.17155e-05
3.53851e-07
-1.12578e-05
-1.20475e-06
-1.03272e-05
-2.80868e-06
-8.86926e-06
-4.31943e-06
-6.86415e-06
-5.47596e-06
-4.40095e-06
-5.86385e-06
-1.87897e-06
-4.93292e-06
-8.76814e-08
-2.41732e-06
2.94192e-07
5.20493e-07
1.27921e-06
-5.00287e-07
3.4861e-07
-1.55858e-06
1.47868e-06
-3.11558e-06
2.90223e-06
-5.074e-06
4.37969e-06
-7.17421e-06
5.55173e-06
-9.109e-06
6.10103e-06
-1.06763e-05
5.91513e-06
-1.18336e-05
5.10664e-06
-1.26089e-05
3.84832e-06
-1.3037e-05
2.27434e-06
-1.31026e-05
4.19441e-07
-1.28642e-05
-1.44312e-06
-1.22833e-05
-3.38955e-06
-1.12581e-05
-5.34465e-06
-9.65762e-06
-7.07644e-06
-7.35717e-06
-8.1643e-06
-4.39519e-06
-7.89491e-06
-1.37795e-06
-5.43457e-06
1.2021e-07
-9.77662e-07
1.39942e-06
-8.60705e-07
1.20932e-06
-2.35802e-06
2.97599e-06
-4.22569e-06
4.7699e-06
-6.26923e-06
6.42323e-06
-8.2081e-06
7.4906e-06
-9.81991e-06
7.71284e-06
-1.10279e-05
7.12311e-06
-1.18585e-05
5.93724e-06
-1.23736e-05
4.36342e-06
-1.2646e-05
2.54677e-06
-1.27666e-05
5.39987e-07
-1.27221e-05
-1.48765e-06
-1.25034e-05
-3.60819e-06
-1.20315e-05
-5.81657e-06
-1.11199e-05
-7.98805e-06
-9.48061e-06
-9.80358e-06
-6.81447e-06
-1.0561e-05
-3.2201e-06
-9.02894e-06
-2.61571e-07
-3.93619e-06
1.13785e-06
-1.0849e-06
2.29421e-06
-2.7792e-06
4.67029e-06
-4.66927e-06
6.65997e-06
-6.52367e-06
8.27762e-06
-8.11845e-06
9.08539e-06
-9.32262e-06
8.91701e-06
-1.0132e-05
7.93244e-06
-1.06115e-05
6.41678e-06
-1.08516e-05
4.60353e-06
-1.09522e-05
2.64741e-06
-1.1035e-05
6.22712e-07
-1.10866e-05
-1.43602e-06
-1.1123e-05
-3.57179e-06
-1.11149e-05
-5.82463e-06
-1.09086e-05
-8.1944e-06
-1.01767e-05
-1.05355e-05
-8.42506e-06
-1.23127e-05
-5.23838e-06
-1.22156e-05
-1.15773e-06
-8.01684e-06
-1.98818e-08
-1.10846e-06
3.40267e-06
-2.75306e-06
6.31489e-06
-4.44748e-06
8.35439e-06
-5.98021e-06
9.81034e-06
-7.1913e-06
1.02965e-05
-8.01824e-06
9.74395e-06
-8.49855e-06
8.41274e-06
-8.71915e-06
6.63738e-06
-8.78373e-06
4.66811e-06
-8.78952e-06
2.6532e-06
-8.81924e-06
6.5243e-07
-8.89148e-06
-1.36378e-06
-9.02607e-06
-3.43719e-06
-9.23436e-06
-5.61634e-06
-9.45959e-06
-7.96917e-06
-9.47014e-06
-1.05249e-05
-8.74693e-06
-1.30359e-05
-6.53242e-06
-1.44301e-05
-2.4215e-06
-1.21278e-05
-2.44138e-06
-9.33887e-07
4.33656e-06
-2.34292e-06
7.72393e-06
-3.72774e-06
9.73921e-06
-4.90488e-06
1.09875e-05
-5.77339e-06
1.1165e-05
-6.31623e-06
1.02868e-05
-6.59033e-06
8.68684e-06
-6.6867e-06
6.73375e-06
-6.70158e-06
4.68299e-06
-6.70823e-06
2.65985e-06
-6.74263e-06
6.86831e-07
-6.82188e-06
-1.28453e-06
-6.96703e-06
-3.29204e-06
-7.20861e-06
-5.37477e-06
-7.56361e-06
-7.61416e-06
-7.94088e-06
-1.01477e-05
-7.93029e-06
-1.30465e-05
-6.71403e-06
-1.56464e-05
-3.58416e-06
-1.52576e-05
-6.02554e-06
-6.23865e-07
4.96043e-06
-1.68479e-06
8.78485e-06
-2.71651e-06
1.07709e-05
-3.55432e-06
1.18253e-05
-4.14263e-06
1.17533e-05
-4.4914e-06
1.06356e-05
-4.65939e-06
8.85483e-06
-4.72503e-06
6.79939e-06
-4.7608e-06
4.71875e-06
-4.81043e-06
2.70949e-06
-4.88411e-06
7.60505e-07
-4.98827e-06
-1.18037e-06
-5.13283e-06
-3.14748e-06
-5.34645e-06
-5.16115e-06
-5.68417e-06
-7.27644e-06
-6.15936e-06
-9.67249e-06
-6.55367e-06
-1.26522e-05
-6.12594e-06
-1.60741e-05
-3.92223e-06
-1.74613e-05
-9.94776e-06
-2.32068e-07
5.1925e-06
-8.91899e-07
9.44468e-06
-1.56268e-06
1.14417e-05
-2.09153e-06
1.23541e-05
-2.45064e-06
1.21124e-05
-2.66418e-06
1.08491e-05
-2.78033e-06
8.97097e-06
-2.85238e-06
6.87143e-06
-2.92509e-06
4.79147e-06
-3.02056e-06
2.80496e-06
-3.14159e-06
8.81531e-07
-3.28783e-06
-1.03413e-06
-3.45947e-06
-2.97584e-06
-3.66879e-06
-4.95183e-06
-3.96657e-06
-6.97866e-06
-4.43495e-06
-9.20411e-06
-5.02112e-06
-1.2066e-05
-5.12277e-06
-1.59725e-05
-3.55775e-06
-1.90264e-05
-1.35055e-05
1.63658e-07
5.02884e-06
-6.96356e-08
9.67798e-06
-4.02163e-07
1.17742e-05
-6.52784e-07
1.26048e-05
-8.07327e-07
1.22669e-05
-8.96878e-07
1.09387e-05
-9.60865e-07
9.03496e-06
-1.03122e-06
6.94179e-06
-1.12458e-06
4.88482e-06
-1.24871e-06
2.92909e-06
-1.40609e-06
1.03892e-06
-1.59889e-06
-8.41326e-07
-1.8257e-06
-2.74903e-06
-2.08446e-06
-4.69308e-06
-2.40276e-06
-6.66035e-06
-2.87268e-06
-8.73419e-06
-3.55866e-06
-1.138e-05
-4.02495e-06
-1.55062e-05
-3.02547e-06
-2.00259e-05
-1.6531e-05
5.01121e-07
4.52772e-06
6.99052e-07
9.48005e-06
7.42359e-07
1.17309e-05
7.78109e-07
1.2569e-05
8.23172e-07
1.22219e-05
8.52147e-07
1.09097e-05
8.45271e-07
9.04184e-06
7.94297e-07
6.99276e-06
7.00291e-07
4.97883e-06
5.6507e-07
3.06431e-06
3.8361e-07
1.22038e-06
1.49717e-07
-6.07433e-07
-1.38342e-07
-2.46097e-06
-4.87226e-07
-4.34419e-06
-9.01076e-07
-6.2465e-06
-1.42419e-06
-8.21107e-06
-2.20394e-06
-1.06003e-05
-2.95443e-06
-1.47557e-05
-2.46121e-06
-2.05191e-05
-1.89922e-05
7.57186e-07
3.77053e-06
1.35542e-06
8.88182e-06
1.74877e-06
1.13376e-05
2.07885e-06
1.22389e-05
2.35255e-06
1.19482e-05
2.53956e-06
1.07227e-05
2.63165e-06
8.94975e-06
2.63953e-06
6.98488e-06
2.57739e-06
5.04096e-06
2.45209e-06
3.18962e-06
2.25628e-06
1.41618e-06
1.97594e-06
-3.27099e-07
1.61141e-06
-2.09644e-06
1.15764e-06
-3.89042e-06
6.10079e-07
-5.69894e-06
-8.29924e-08
-7.518e-06
-9.5682e-07
-9.72644e-06
-1.91996e-06
-1.37925e-05
-1.92561e-06
-2.05134e-05
-2.09178e-05
8.72183e-07
2.89835e-06
1.81284e-06
7.94115e-06
2.55573e-06
1.05947e-05
3.19787e-06
1.15968e-05
3.74664e-06
1.13994e-05
4.1587e-06
1.03106e-05
4.41808e-06
8.69037e-06
4.53878e-06
6.86418e-06
4.54392e-06
5.03582e-06
4.44889e-06
3.28465e-06
4.25185e-06
1.61323e-06
3.92077e-06
3.98258e-09
3.47546e-06
-1.65112e-06
2.89055e-06
-3.30551e-06
2.16695e-06
-4.97534e-06
1.3231e-06
-6.67415e-06
2.68075e-07
-8.67142e-06
-9.58198e-07
-1.25663e-05
-1.42726e-06
-2.00444e-05
-2.23451e-05
8.08065e-07
2.09028e-06
1.95769e-06
6.79153e-06
3.00217e-06
9.5502e-06
3.97738e-06
1.06216e-05
4.85623e-06
1.05206e-05
5.57264e-06
9.5942e-06
6.0874e-06
8.17562e-06
6.40349e-06
6.54809e-06
6.54197e-06
4.89735e-06
6.52108e-06
3.30553e-06
6.33941e-06
1.7949e-06
5.99416e-06
3.49227e-07
5.45273e-06
-1.10969e-06
4.72212e-06
-2.5749e-06
3.7943e-06
-4.04753e-06
2.69802e-06
-5.57787e-06
1.3928e-06
-7.3662e-06
-1.53512e-07
-1.102e-05
-9.12441e-07
-1.92854e-05
-2.32575e-05
5.78909e-07
1.51137e-06
1.76326e-06
5.60718e-06
3.10432e-06
8.20914e-06
4.45807e-06
9.26785e-06
5.72705e-06
9.25158e-06
6.81262e-06
8.50863e-06
7.64934e-06
7.33889e-06
8.22457e-06
5.97286e-06
8.55082e-06
4.5711e-06
8.64506e-06
3.21128e-06
8.51421e-06
1.92575e-06
8.15559e-06
7.07849e-07
7.52528e-06
-4.7938e-07
6.64043e-06
-1.69005e-06
5.48827e-06
-2.89537e-06
4.10971e-06
-4.19931e-06
2.57712e-06
-5.8336e-06
9.60833e-07
-9.40367e-06
-1.42686e-07
-1.81819e-05
-2.34002e-05
1.52898e-07
1.35847e-06
1.04314e-06
4.71694e-06
2.52347e-06
6.72881e-06
4.24887e-06
7.54244e-06
5.97428e-06
7.52617e-06
7.51206e-06
6.97084e-06
8.75956e-06
6.0914e-06
9.68703e-06
5.04539e-06
1.02897e-05
3.96847e-06
1.05792e-05
2.92179e-06
1.05616e-05
1.94333e-06
1.02426e-05
1.02679e-06
9.57705e-06
1.86192e-07
8.58572e-06
-6.98721e-07
7.25941e-06
-1.56905e-06
5.64972e-06
-2.58963e-06
3.917e-06
-4.10089e-06
2.24369e-06
-7.73036e-06
6.54263e-07
-1.65925e-05
-2.27459e-05
-5.17988e-07
1.87646e-06
2.01916e-07
3.99703e-06
1.7612e-06
5.16953e-06
3.82914e-06
5.4745e-06
5.98914e-06
5.36618e-06
7.95463e-06
5.00535e-06
9.58907e-06
4.45696e-06
1.08511e-05
3.78341e-06
1.17231e-05
3.09639e-06
1.22218e-05
2.42317e-06
1.23507e-05
1.81441e-06
1.21298e-05
1.24764e-06
1.15827e-05
7.33322e-07
1.06807e-05
2.03287e-07
9.42828e-06
-3.16644e-07
7.89793e-06
-1.05927e-06
6.27542e-06
-2.47838e-06
4.46078e-06
-5.91572e-06
2.05728e-06
-1.4189e-05
-2.06886e-05
-4.18022e-06
6.05668e-06
-3.64299e-06
3.4598e-06
-1.24569e-06
2.77223e-06
1.55625e-06
2.67257e-06
4.29972e-06
2.6227e-06
6.83819e-06
2.46688e-06
9.05839e-06
2.23677e-06
1.09001e-05
1.94169e-06
1.2345e-05
1.65145e-06
1.34203e-05
1.34793e-06
1.41429e-05
1.09176e-06
1.45577e-05
8.32861e-07
1.46525e-05
6.3855e-07
1.44366e-05
4.19167e-07
1.39046e-05
2.15374e-07
1.30721e-05
-2.26762e-07
1.19276e-05
-1.33392e-06
1.01141e-05
-4.10225e-06
5.63856e-06
-9.71339e-06
-1.50501e-05
6.05669e-06
9.51649e-06
1.22887e-05
1.49613e-05
1.7584e-05
2.00509e-05
2.22876e-05
2.42293e-05
2.58808e-05
2.72287e-05
2.83205e-05
2.91533e-05
2.97919e-05
3.0211e-05
3.04264e-05
3.01996e-05
2.88657e-05
2.47635e-05
1.50501e-05
)
;

boundaryField
{
    movingWall
    {
        type            calculated;
        value           uniform 0;
    }
    fixedWalls
    {
        type            calculated;
        value           uniform 0;
    }
    frontAndBack
    {
        type            empty;
        value           nonuniform List<scalar> 0();
    }
}


// ************************************************************************* //
