/*--------------------------------*- C++ -*----------------------------------*\
| =========                 |                                                 |
| \\      /  F ield         | OpenFOAM: The Open Source CFD Toolbox           |
|  \\    /   O peration     | Version:  2212                                  |
|   \\  /    A nd           | Website:  www.openfoam.com                      |
|    \\/     M anipulation  |                                                 |
\*---------------------------------------------------------------------------*/
FoamFile
{
    version     2.0;
    format      ascii;
    arch        "LSB;label=32;scalar=64";
    class       volScalarField;
    location    "5.6";
    object      T;
}
// * * * * * * * * * * * * * * * * * * * * * * * * * * * * * * * * * * * * * //

dimensions      [0 0 0 1 0 0 0];

internalField   nonuniform List<scalar> 
400
(
0.659323
0.670344
0.692467
0.724696
0.761287
0.79322
0.814442
0.825264
0.830138
0.833085
0.835523
0.837741
0.839806
0.841539
0.842459
0.841709
0.837879
0.829091
0.81576
0.804753
0.674141
0.687282
0.713463
0.750337
0.788072
0.814339
0.826246
0.83051
0.832601
0.834189
0.836052
0.838624
0.841996
0.845829
0.849026
0.849832
0.845599
0.834142
0.818197
0.806263
0.69702
0.714156
0.745892
0.783586
0.812635
0.825511
0.828001
0.827207
0.825326
0.823869
0.824201
0.827255
0.83307
0.841359
0.850315
0.857082
0.856823
0.844458
0.822712
0.808988
0.719356
0.740651
0.775023
0.806285
0.821912
0.822856
0.817398
0.809498
0.801096
0.794851
0.792579
0.795918
0.804542
0.818668
0.83627
0.854125
0.865915
0.862547
0.836884
0.816542
0.736871
0.760934
0.793872
0.814981
0.817602
0.808091
0.793535
0.776688
0.760982
0.749535
0.744399
0.747394
0.7581
0.777085
0.802839
0.832645
0.860704
0.876762
0.864288
0.831752
0.749169
0.774039
0.802682
0.812924
0.803975
0.784625
0.760653
0.735503
0.713712
0.698199
0.690909
0.693091
0.704721
0.726239
0.75698
0.795128
0.836451
0.872609
0.887102
0.854788
0.75719
0.781124
0.804123
0.804402
0.785673
0.757629
0.725623
0.694332
0.66861
0.650909
0.642665
0.644292
0.655998
0.678083
0.71065
0.752994
0.802274
0.851966
0.889598
0.887223
0.762052
0.784007
0.801494
0.793694
0.767123
0.731949
0.693893
0.658648
0.630854
0.612398
0.604006
0.605444
0.61673
0.638066
0.670067
0.713403
0.767117
0.825844
0.878105
0.905194
0.764703
0.784223
0.797023
0.783259
0.750902
0.710565
0.668544
0.631053
0.602339
0.583782
0.575493
0.576908
0.587767
0.607996
0.638121
0.679724
0.734529
0.799755
0.862591
0.90024
0.765798
0.782943
0.792491
0.775302
0.739419
0.695779
0.651315
0.612494
0.583228
0.564513
0.556082
0.557307
0.567824
0.587299
0.615683
0.654389
0.707259
0.775917
0.849144
0.896792
0.765773
0.780839
0.788522
0.77009
0.73271
0.687601
0.642188
0.602855
0.573211
0.554073
0.545078
0.545708
0.55566
0.574491
0.601568
0.637359
0.686472
0.755279
0.83632
0.894506
0.764899
0.778299
0.785498
0.768223
0.731728
0.687039
0.641924
0.602589
0.572529
0.552659
0.542748
0.542399
0.551369
0.569224
0.595002
0.628057
0.672473
0.739106
0.826278
0.893324
0.763225
0.775404
0.783072
0.768715
0.735115
0.692622
0.649189
0.610799
0.580878
0.560531
0.549722
0.548157
0.555676
0.571857
0.595689
0.625862
0.664998
0.727047
0.818126
0.893214
0.760649
0.772062
0.780882
0.771128
0.742795
0.704707
0.664639
0.628325
0.599182
0.578602
0.566869
0.56373
0.569204
0.582823
0.60367
0.630153
0.663696
0.719901
0.812876
0.894036
0.756983
0.768197
0.778098
0.773176
0.751331
0.719412
0.684564
0.652099
0.625269
0.605585
0.593592
0.589071
0.592135
0.602366
0.618995
0.640882
0.668626
0.717334
0.809908
0.895769
0.752406
0.763688
0.774818
0.775001
0.760952
0.737134
0.709427
0.682486
0.659312
0.641453
0.629609
0.623775
0.62393
0.629909
0.641223
0.657273
0.678838
0.718787
0.809592
0.898507
0.748078
0.759039
0.769866
0.773081
0.7657
0.750335
0.731089
0.71151
0.693946
0.679745
0.669455
0.663317
0.661125
0.663014
0.66901
0.67893
0.695052
0.727649
0.814675
0.903139
0.744933
0.755849
0.767414
0.77281
0.771009
0.763416
0.752432
0.740252
0.728481
0.718215
0.709925
0.704001
0.700497
0.699548
0.701882
0.70711
0.719599
0.74548
0.824696
0.909036
0.711985
0.75302
0.75752
0.761138
0.760737
0.758209
0.754309
0.750365
0.746557
0.743866
0.742028
0.741579
0.742383
0.744312
0.748482
0.753532
0.765946
0.787256
0.848652
0.919151
0.796802
0.822156
0.836333
0.845499
0.85116
0.855198
0.857931
0.8605
0.862533
0.864931
0.867025
0.869661
0.872025
0.874982
0.877691
0.8813
0.885505
0.894096
0.910429
0.940157
)
;

boundaryField
{
    movingWall
    {
        type            fixedValue;
        value           uniform 1;
    }
    fixedWalls
    {
        type            zeroGradient;
    }
    frontAndBack
    {
        type            empty;
    }
}


// ************************************************************************* //
