/*--------------------------------*- C++ -*----------------------------------*\
| =========                 |                                                 |
| \\      /  F ield         | OpenFOAM: The Open Source CFD Toolbox           |
|  \\    /   O peration     | Version:  2212                                  |
|   \\  /    A nd           | Website:  www.openfoam.com                      |
|    \\/     M anipulation  |                                                 |
\*---------------------------------------------------------------------------*/
FoamFile
{
    version     2.0;
    format      ascii;
    arch        "LSB;label=32;scalar=64";
    class       volScalarField;
    location    "4.9";
    object      T;
}
// * * * * * * * * * * * * * * * * * * * * * * * * * * * * * * * * * * * * * //

dimensions      [0 0 0 1 0 0 0];

internalField   nonuniform List<scalar> 
400
(
0.575928
0.590195
0.618817
0.660468
0.707714
0.748929
0.77633
0.790345
0.796687
0.800449
0.803396
0.805906
0.808073
0.809656
0.810075
0.808246
0.802395
0.790033
0.771601
0.756411
0.595102
0.612124
0.646006
0.693672
0.742448
0.776515
0.792235
0.798218
0.801361
0.80368
0.806086
0.80908
0.812753
0.816668
0.81952
0.819162
0.812371
0.796403
0.774658
0.758325
0.624759
0.646965
0.688077
0.73695
0.77489
0.792336
0.796712
0.796952
0.795643
0.794523
0.795166
0.79865
0.805047
0.814006
0.823413
0.829817
0.827334
0.809658
0.780322
0.76176
0.653804
0.681454
0.726185
0.76723
0.78866
0.791751
0.78695
0.779021
0.770136
0.763413
0.760929
0.764592
0.774104
0.789742
0.809228
0.828749
0.840676
0.833705
0.798815
0.7716
0.676725
0.708134
0.751481
0.780227
0.785981
0.776846
0.761585
0.743318
0.726033
0.713318
0.707469
0.710564
0.722215
0.74317
0.771881
0.805338
0.836761
0.85361
0.834963
0.79168
0.692989
0.725739
0.764216
0.779957
0.772064
0.751644
0.72567
0.698049
0.674052
0.656878
0.648623
0.650647
0.663008
0.686357
0.720203
0.762773
0.809452
0.850508
0.865552
0.82224
0.703789
0.735707
0.767694
0.77168
0.752477
0.722262
0.687365
0.653136
0.625083
0.605713
0.59648
0.597779
0.609929
0.633458
0.668766
0.715407
0.770523
0.826955
0.870119
0.864956
0.710509
0.740228
0.765858
0.760455
0.732363
0.694275
0.652861
0.614606
0.584602
0.564607
0.555249
0.556211
0.567625
0.589938
0.624149
0.671372
0.730919
0.797072
0.856955
0.888546
0.714344
0.741208
0.761441
0.749239
0.714704
0.671015
0.625463
0.585064
0.554321
0.534374
0.525154
0.525992
0.536724
0.557507
0.589238
0.634058
0.694346
0.767421
0.838965
0.882562
0.716109
0.740053
0.7565
0.740489
0.702124
0.654923
0.606894
0.565275
0.534111
0.514101
0.50475
0.505327
0.515559
0.535323
0.564877
0.606141
0.663844
0.740404
0.823625
0.878616
0.716355
0.737621
0.75185
0.734591
0.694692
0.645965
0.597008
0.554933
0.52343
0.503016
0.493081
0.493011
0.502584
0.521552
0.549526
0.58736
0.640584
0.716961
0.808829
0.875942
0.715437
0.734405
0.747891
0.732097
0.693343
0.645145
0.596534
0.554435
0.522447
0.501236
0.49034
0.489262
0.497824
0.515761
0.542302
0.577041
0.624882
0.698604
0.797334
0.874589
0.713437
0.730575
0.744336
0.731999
0.696649
0.650899
0.604059
0.562852
0.530876
0.509072
0.497212
0.494902
0.502019
0.518273
0.542798
0.574412
0.61634
0.68477
0.787882
0.874451
0.710256
0.726046
0.740708
0.733638
0.704364
0.663535
0.620303
0.581178
0.549845
0.527655
0.514766
0.510849
0.515926
0.529613
0.55109
0.578809
0.614611
0.676466
0.781791
0.875403
0.705717
0.720886
0.736331
0.734692
0.712831
0.678899
0.641327
0.606227
0.5772
0.555825
0.542599
0.537257
0.5399
0.550144
0.567272
0.590159
0.619696
0.67321
0.77823
0.877397
0.700027
0.714916
0.731169
0.735075
0.722048
0.697239
0.667567
0.638438
0.613263
0.593751
0.580637
0.573908
0.573538
0.579364
0.590938
0.607663
0.630609
0.674487
0.777747
0.880565
0.694698
0.70911
0.724511
0.731398
0.725685
0.710287
0.690002
0.668971
0.649911
0.634361
0.622948
0.615935
0.613134
0.614673
0.62066
0.630913
0.648153
0.684065
0.783403
0.885924
0.690792
0.704779
0.720552
0.72939
0.729623
0.722779
0.711661
0.698829
0.686179
0.674978
0.665814
0.659126
0.655041
0.653681
0.655951
0.66139
0.675071
0.703954
0.79484
0.892778
0.652177
0.702736
0.709402
0.71517
0.71609
0.714362
0.710864
0.707125
0.703384
0.700777
0.699035
0.698778
0.699881
0.702194
0.70703
0.712819
0.727042
0.751479
0.822389
0.904536
0.754374
0.78521
0.802611
0.814034
0.821281
0.826568
0.83027
0.833723
0.836493
0.839643
0.842384
0.845728
0.848702
0.852359
0.855669
0.860039
0.865019
0.875137
0.894149
0.929077
)
;

boundaryField
{
    movingWall
    {
        type            fixedValue;
        value           uniform 1;
    }
    fixedWalls
    {
        type            zeroGradient;
    }
    frontAndBack
    {
        type            empty;
    }
}


// ************************************************************************* //
