/*--------------------------------*- C++ -*----------------------------------*\
| =========                 |                                                 |
| \\      /  F ield         | OpenFOAM: The Open Source CFD Toolbox           |
|  \\    /   O peration     | Version:  2212                                  |
|   \\  /    A nd           | Website:  www.openfoam.com                      |
|    \\/     M anipulation  |                                                 |
\*---------------------------------------------------------------------------*/
FoamFile
{
    version     2.0;
    format      ascii;
    arch        "LSB;label=32;scalar=64";
    class       volScalarField;
    location    "13.6";
    object      p;
}
// * * * * * * * * * * * * * * * * * * * * * * * * * * * * * * * * * * * * * //

dimensions      [0 2 -2 0 0 0 0];

internalField   nonuniform List<scalar> 
400
(
2.43789e-07
-0.000150775
-0.000534859
-0.00107207
-0.00173279
-0.00249428
-0.00318541
-0.00359799
-0.00356576
-0.00293449
-0.00154893
0.000619038
0.00324926
0.00551377
0.00653344
0.00592254
0.00400171
0.00214927
0.00111027
0.00104121
0.000116111
-5.83071e-05
-0.000377254
-0.000764431
-0.00124435
-0.00188849
-0.00270661
-0.00354394
-0.00408044
-0.00393886
-0.00284685
-0.000825251
0.00168902
0.00396059
0.00512437
0.00474274
0.00310262
0.00137437
0.000592777
0.000683823
0.000536228
0.000264757
-7.75362e-05
-0.000559897
-0.00134761
-0.00258102
-0.0042196
-0.00598429
-0.00740311
-0.00794444
-0.00726474
-0.0054625
-0.00289212
-0.000195092
0.00179132
0.00242732
0.00170837
0.000501666
-0.000396525
-0.000393232
0.00115174
0.000741055
0.000191664
-0.000775078
-0.00245149
-0.00493831
-0.00799571
-0.0111211
-0.013704
-0.0151776
-0.0152075
-0.0138405
-0.0112942
-0.00802967
-0.00475283
-0.00221033
-0.000871012
-0.000706853
-0.00128947
-0.00191879
0.00158315
0.000973538
-2.30956e-05
-0.0019244
-0.0050071
-0.00918065
-0.0139144
-0.0184805
-0.0222169
-0.0246536
-0.0255293
-0.0247236
-0.0223641
-0.0187441
-0.0143053
-0.00965633
-0.00559275
-0.00294954
-0.0021939
-0.00401862
0.0012932
0.00044485
-0.00119759
-0.00430476
-0.00900554
-0.0148813
-0.0210735
-0.0267161
-0.0311921
-0.0341794
-0.0355462
-0.0351902
-0.0331976
-0.0297193
-0.0249
-0.0189616
-0.0125059
-0.00694898
-0.00440152
-0.00652484
-4.84736e-05
-0.00114774
-0.00349973
-0.00779726
-0.0139331
-0.0211151
-0.028237
-0.0344086
-0.0391296
-0.042233
-0.0437207
-0.0436113
-0.0419735
-0.0388794
-0.0343115
-0.0281577
-0.0205396
-0.0127034
-0.0078554
-0.00774859
-0.00245066
-0.00374239
-0.00669891
-0.0119139
-0.0190405
-0.0269826
-0.034505
-0.0407801
-0.0454518
-0.0484781
-0.0499408
-0.0499321
-0.0485313
-0.0457892
-0.041663
-0.0359273
-0.0283262
-0.0193716
-0.0118228
-0.0079811
-0.00553785
-0.00691546
-0.010264
-0.0160224
-0.0236589
-0.0318904
-0.0394523
-0.045614
-0.0501386
-0.0530587
-0.0544879
-0.054528
-0.0532537
-0.0507267
-0.0469629
-0.0418127
-0.0348685
-0.0259483
-0.0167097
-0.00999508
-0.008734
-0.0100862
-0.013598
-0.0195427
-0.0272871
-0.035488
-0.0429131
-0.0489109
-0.0533107
-0.0561687
-0.0575927
-0.0576639
-0.0564454
-0.0540122
-0.0504521
-0.0457612
-0.0396348
-0.0315246
-0.0223218
-0.0143404
-0.0115043
-0.0127582
-0.0162196
-0.0220548
-0.0296077
-0.0375894
-0.0448274
-0.0507004
-0.0550439
-0.0578954
-0.0593378
-0.0594293
-0.05822
-0.0557899
-0.0522877
-0.0478531
-0.0424318
-0.0353832
-0.0271985
-0.0191799
-0.0135496
-0.0146189
-0.0178562
-0.0233159
-0.0304315
-0.0380635
-0.0451186
-0.0509507
-0.0553301
-0.0582416
-0.0597293
-0.0598317
-0.0585896
-0.0560841
-0.0525164
-0.0481388
-0.0432075
-0.0370569
-0.0300324
-0.0224177
-0.0148376
-0.0155681
-0.0183521
-0.0232106
-0.0296938
-0.0368794
-0.0437653
-0.0496409
-0.0541557
-0.0572019
-0.058771
-0.0588781
-0.0575587
-0.0549167
-0.0511779
-0.0466564
-0.0419659
-0.0363005
-0.0302265
-0.0228963
-0.0154679
-0.0157223
-0.0177775
-0.0217465
-0.02739
-0.034032
-0.040751
-0.0467411
-0.0514936
-0.054769
-0.0564829
-0.0566239
-0.0552023
-0.0523536
-0.0483467
-0.0435822
-0.038731
-0.0331417
-0.0280999
-0.0202795
-0.0155745
-0.0152983
-0.0163382
-0.0190879
-0.0236533
-0.0296344
-0.0361719
-0.0423362
-0.0474281
-0.05104
-0.0529808
-0.0531841
-0.0516915
-0.0485919
-0.0442271
-0.0390541
-0.033782
-0.0280717
-0.0242317
-0.0143851
-0.0152769
-0.0145502
-0.0142609
-0.0154261
-0.018685
-0.0238948
-0.0302316
-0.036615
-0.0421382
-0.0462017
-0.0484898
-0.0488669
-0.0473536
-0.0440213
-0.0392492
-0.0335191
-0.0276413
-0.0216294
-0.0180536
-0.00383295
-0.0146621
-0.0136183
-0.0117069
-0.0110811
-0.0129537
-0.0173804
-0.0235342
-0.0301707
-0.0361936
-0.0408119
-0.043579
-0.0442621
-0.042851
-0.0393767
-0.0341855
-0.0276898
-0.0206823
-0.0132762
-0.00678574
0.016053
-0.0145833
-0.0126572
-0.00864853
-0.00623467
-0.00691013
-0.0107459
-0.016818
-0.0237401
-0.0302989
-0.0355396
-0.0389039
-0.0400354
-0.0388778
-0.0354482
-0.029896
-0.0222759
-0.0128726
-0.000688088
0.0166951
0.0570639
-0.0117947
-0.0118308
-0.00572615
-0.00177506
-0.00176503
-0.00540479
-0.0115753
-0.0188151
-0.0258757
-0.0316877
-0.0356626
-0.0373621
-0.0366855
-0.0333555
-0.0272243
-0.0175416
-0.0031482
0.0204904
0.0607045
0.129821
-0.0295169
-0.0106298
-0.000608909
0.00308079
0.00244822
-0.00155706
-0.00799954
-0.0155535
-0.0229763
-0.029174
-0.0335321
-0.0355882
-0.0352014
-0.031956
-0.0252277
-0.0128601
0.00942265
0.0511716
0.122878
0.226076
)
;

boundaryField
{
    movingWall
    {
        type            zeroGradient;
    }
    fixedWalls
    {
        type            zeroGradient;
    }
    frontAndBack
    {
        type            empty;
    }
}


// ************************************************************************* //
