/*--------------------------------*- C++ -*----------------------------------*\
| =========                 |                                                 |
| \\      /  F ield         | OpenFOAM: The Open Source CFD Toolbox           |
|  \\    /   O peration     | Version:  2212                                  |
|   \\  /    A nd           | Website:  www.openfoam.com                      |
|    \\/     M anipulation  |                                                 |
\*---------------------------------------------------------------------------*/
FoamFile
{
    version     2.0;
    format      ascii;
    arch        "LSB;label=32;scalar=64";
    class       surfaceScalarField;
    location    "13.6";
    object      phi;
}
// * * * * * * * * * * * * * * * * * * * * * * * * * * * * * * * * * * * * * //

dimensions      [0 3 -1 0 0 0 0];

oriented        oriented;

internalField   nonuniform List<scalar> 
760
(
1.56096e-07
-1.56118e-07
2.93639e-07
-1.37543e-07
3.10002e-07
-1.63629e-08
1.83692e-07
1.2631e-07
-1.20299e-07
3.03991e-07
-6.65924e-07
5.45626e-07
-1.48528e-06
8.19353e-07
-2.49088e-06
1.0056e-06
-3.48037e-06
9.89492e-07
-4.22037e-06
7.39998e-07
-4.54399e-06
3.23624e-07
-4.35366e-06
-1.90335e-07
-3.59375e-06
-7.59907e-07
-2.37896e-06
-1.21479e-06
-9.39983e-07
-1.43898e-06
3.47791e-07
-1.28777e-06
1.08997e-06
-7.4218e-07
1.0331e-06
5.6873e-08
4.61002e-07
5.72096e-07
4.61002e-07
1.25058e-07
-2.81176e-07
7.46229e-08
-8.7108e-08
-2.97013e-07
3.55273e-07
-1.0789e-06
9.082e-07
-2.31595e-06
1.54104e-06
-3.92744e-06
2.15712e-06
-5.66237e-06
2.55428e-06
-7.20711e-06
2.55035e-06
-8.33702e-06
2.1194e-06
-8.94237e-06
1.34534e-06
-8.97628e-06
3.57539e-07
-8.41626e-06
-7.50351e-07
-7.29367e-06
-1.8825e-06
-5.64205e-06
-2.86641e-06
-3.60581e-06
-3.47522e-06
-1.49021e-06
-3.40337e-06
1.78759e-07
-2.41115e-06
8.5901e-07
-6.23377e-07
5.25717e-07
9.0539e-07
9.86718e-07
-1.27593e-07
-1.53582e-07
-6.33924e-07
4.19223e-07
-1.62494e-06
1.34629e-06
-3.14151e-06
2.42477e-06
-5.0576e-06
3.45713e-06
-7.07349e-06
4.17301e-06
-8.87361e-06
4.35439e-06
-1.02779e-05
3.95462e-06
-1.12347e-05
3.07619e-06
-1.17362e-05
1.8469e-06
-1.17303e-05
3.51576e-07
-1.12713e-05
-1.20928e-06
-1.03386e-05
-2.81523e-06
-8.87794e-06
-4.32708e-06
-6.86964e-06
-5.48352e-06
-4.40325e-06
-5.86977e-06
-1.87874e-06
-4.93565e-06
-8.63865e-08
-2.41573e-06
2.94695e-07
5.24308e-07
1.28141e-06
-5.00532e-07
3.4695e-07
-1.56002e-06
1.47871e-06
-3.11956e-06
2.90584e-06
-5.08151e-06
4.38672e-06
-7.18545e-06
5.56107e-06
-9.12349e-06
6.11105e-06
-1.06934e-05
5.92428e-06
-1.18526e-05
5.11385e-06
-1.26292e-05
3.85283e-06
-1.30579e-05
2.27555e-06
-1.31229e-05
4.16618e-07
-1.28834e-05
-1.4488e-06
-1.23006e-05
-3.39807e-06
-1.12726e-05
-5.35502e-06
-9.66891e-06
-7.08725e-06
-7.36474e-06
-8.17394e-06
-4.39881e-06
-7.90158e-06
-1.37807e-06
-5.43648e-06
1.2074e-07
-9.745e-07
1.40215e-06
-8.6197e-07
1.20892e-06
-2.36178e-06
2.97852e-06
-4.23293e-06
4.77699e-06
-6.28036e-06
6.43416e-06
-8.22284e-06
7.50354e-06
-9.83763e-06
7.72584e-06
-1.10481e-05
7.13472e-06
-1.18807e-05
5.9465e-06
-1.23974e-05
4.36946e-06
-1.26706e-05
2.54877e-06
-1.27912e-05
5.37206e-07
-1.27455e-05
-1.49446e-06
-1.25248e-05
-3.61875e-06
-1.20502e-05
-5.82964e-06
-1.11355e-05
-8.002e-06
-9.49265e-06
-9.81674e-06
-6.82234e-06
-1.05719e-05
-3.22304e-06
-9.03577e-06
-2.61165e-07
-3.93638e-06
1.14099e-06
-1.08714e-06
2.29606e-06
-2.78475e-06
4.67612e-06
-4.67863e-06
6.67087e-06
-6.53678e-06
8.2923e-06
-8.13484e-06
9.10161e-06
-9.3418e-06
8.93281e-06
-1.01537e-05
7.9466e-06
-1.06356e-05
6.4284e-06
-1.08777e-05
4.61158e-06
-1.09797e-05
2.65076e-06
-1.10629e-05
6.20419e-07
-1.11134e-05
-1.44393e-06
-1.11475e-05
-3.58465e-06
-1.11363e-05
-5.84083e-06
-1.09266e-05
-8.21176e-06
-1.01913e-05
-1.0552e-05
-8.4362e-06
-1.2327e-05
-5.24513e-06
-1.22268e-05
-1.15868e-06
-8.02283e-06
-1.76909e-08
-1.11127e-06
3.40733e-06
-2.75945e-06
6.3243e-06
-4.45751e-06
8.36893e-06
-5.99363e-06
9.82843e-06
-7.20771e-06
1.03157e-05
-8.03743e-06
9.76253e-06
-8.52057e-06
8.42974e-06
-8.74412e-06
6.65195e-06
-8.81152e-06
4.67898e-06
-8.81947e-06
2.65871e-06
-8.85003e-06
6.50981e-07
-8.92136e-06
-1.37259e-06
-9.05344e-06
-3.45258e-06
-9.25792e-06
-5.63635e-06
-9.47885e-06
-7.99083e-06
-9.48549e-06
-1.05454e-05
-8.75916e-06
-1.30533e-05
-6.54135e-06
-1.44447e-05
-2.425e-06
-1.21392e-05
-2.44269e-06
-9.36654e-07
4.34399e-06
-2.34906e-06
7.7367e-06
-3.73706e-06
9.75693e-06
-4.91716e-06
1.10085e-05
-5.78842e-06
1.11869e-05
-6.33405e-06
1.03082e-05
-6.61126e-06
8.70695e-06
-6.71105e-06
6.75173e-06
-6.72923e-06
4.69716e-06
-6.73848e-06
2.66796e-06
-6.77412e-06
6.86621e-07
-6.85292e-06
-1.29379e-06
-6.99581e-06
-3.3097e-06
-7.23343e-06
-5.39873e-06
-7.58339e-06
-7.64086e-06
-7.95575e-06
-1.0173e-05
-7.94149e-06
-1.30676e-05
-6.72265e-06
-1.56635e-05
-3.58991e-06
-1.52719e-05
-6.0326e-06
-6.26082e-07
4.97007e-06
-1.6898e-06
8.80042e-06
-2.72408e-06
1.07912e-05
-3.56431e-06
1.18488e-05
-4.15501e-06
1.17776e-05
-4.50637e-06
1.06595e-05
-4.67731e-06
8.8779e-06
-4.74617e-06
6.82059e-06
-4.78503e-06
4.73602e-06
-4.83709e-06
2.72001e-06
-4.91214e-06
7.61677e-07
-5.01635e-06
-1.18958e-06
-5.15946e-06
-3.16659e-06
-5.36998e-06
-5.18821e-06
-5.7031e-06
-7.30774e-06
-6.17302e-06
-9.70308e-06
-6.5631e-06
-1.26775e-05
-6.13299e-06
-1.60936e-05
-3.92714e-06
-1.74778e-05
-9.95974e-06
-2.33284e-07
5.20335e-06
-8.95057e-07
9.46219e-06
-1.56764e-06
1.14638e-05
-2.0982e-06
1.23793e-05
-2.45911e-06
1.21385e-05
-2.67467e-06
1.08751e-05
-2.79309e-06
8.99632e-06
-2.86756e-06
6.89506e-06
-2.94252e-06
4.81098e-06
-3.03978e-06
2.81727e-06
-3.16203e-06
8.83928e-07
-3.30875e-06
-1.04286e-06
-3.47996e-06
-2.99538e-06
-3.6877e-06
-4.98047e-06
-3.98228e-06
-7.01316e-06
-4.44618e-06
-9.23918e-06
-5.02811e-06
-1.20956e-05
-5.1274e-06
-1.59943e-05
-3.56078e-06
-1.90444e-05
-1.35205e-05
1.63764e-07
5.03959e-06
-7.04674e-08
9.69642e-06
-4.03952e-07
1.17973e-05
-6.55498e-07
1.26309e-05
-8.11044e-07
1.22941e-05
-9.01731e-07
1.09658e-05
-9.66916e-07
9.0615e-06
-1.03845e-06
6.96659e-06
-1.13285e-06
4.90539e-06
-1.2579e-06
2.94232e-06
-1.41617e-06
1.04219e-06
-1.60977e-06
-8.49252e-07
-1.83713e-06
-2.76803e-06
-2.09585e-06
-4.72175e-06
-2.41309e-06
-6.69592e-06
-2.8802e-06
-8.77207e-06
-3.56279e-06
-1.1413e-05
-4.02717e-06
-1.55299e-05
-3.02688e-06
-2.00447e-05
-1.65474e-05
5.02495e-07
4.53709e-06
7.00737e-07
9.49818e-06
7.44138e-07
1.17539e-05
7.79889e-07
1.25951e-05
8.2485e-07
1.22491e-05
8.53722e-07
1.09369e-05
8.46874e-07
9.06835e-06
7.96121e-07
7.01735e-06
7.02256e-07
4.99926e-06
5.66967e-07
3.07761e-06
3.85013e-07
1.22415e-06
1.50206e-07
-6.14444e-07
-1.38991e-07
-2.47883e-06
-4.89215e-07
-4.37152e-06
-9.03967e-07
-6.28117e-06
-1.42658e-06
-8.24945e-06
-2.20456e-06
-1.0635e-05
-2.95402e-06
-1.47805e-05
-2.46096e-06
-2.05377e-05
-1.90084e-05
7.59813e-07
3.77728e-06
1.35962e-06
8.89837e-06
1.75413e-06
1.13594e-05
2.08521e-06
1.2264e-05
2.35977e-06
1.19746e-05
2.54769e-06
1.0749e-05
2.6409e-06
8.97513e-06
2.65012e-06
7.00813e-06
2.58928e-06
5.0601e-06
2.46469e-06
3.20219e-06
2.2687e-06
1.42014e-06
1.9872e-06
-3.32944e-07
1.62088e-06
-2.11251e-06
1.16487e-06
-3.91551e-06
6.1496e-07
-5.73125e-06
-7.99239e-08
-7.55457e-06
-9.53671e-07
-9.76127e-06
-1.9168e-06
-1.38173e-05
-1.92413e-06
-2.05304e-05
-2.09325e-05
8.75581e-07
2.9017e-06
1.81911e-06
7.95484e-06
2.5642e-06
1.06143e-05
3.20832e-06
1.16199e-05
3.75894e-06
1.14239e-05
4.17288e-06
1.0335e-05
4.43434e-06
8.71367e-06
4.55725e-06
6.88521e-06
4.56441e-06
5.05294e-06
4.47075e-06
3.29585e-06
4.27403e-06
1.61686e-06
3.94156e-06
-4.75918e-10
3.49418e-06
-1.66513e-06
2.90625e-06
-3.32759e-06
2.17908e-06
-5.00409e-06
1.33189e-06
-6.70738e-06
2.74391e-07
-8.70377e-06
-9.53106e-07
-1.25898e-05
-1.42487e-06
-2.00586e-05
-2.23574e-05
8.11462e-07
2.09024e-06
1.9651e-06
6.80121e-06
3.01279e-06
9.56658e-06
3.99089e-06
1.06418e-05
4.87251e-06
1.05423e-05
5.59165e-06
9.61589e-06
6.10923e-06
8.1961e-06
6.42817e-06
6.56627e-06
6.56917e-06
4.91194e-06
6.55e-06
3.31502e-06
6.36878e-06
1.79809e-06
6.02279e-06
3.45512e-07
5.47896e-06
-1.1213e-06
4.74484e-06
-2.59346e-06
3.81262e-06
-4.07187e-06
2.71138e-06
-5.60614e-06
1.4018e-06
-7.39419e-06
-1.48882e-07
-1.10392e-05
-9.09005e-07
-1.92985e-05
-2.32664e-05
5.81475e-07
1.50876e-06
1.77033e-06
5.61235e-06
3.11555e-06
8.22137e-06
4.47329e-06
9.28408e-06
5.74607e-06
9.26955e-06
6.83528e-06
8.52667e-06
7.67552e-06
7.35587e-06
8.25406e-06
5.98773e-06
8.58314e-06
4.58286e-06
8.67932e-06
3.21884e-06
8.54919e-06
1.92823e-06
8.18981e-06
7.04886e-07
7.55705e-06
-4.8854e-07
6.66838e-06
-1.70479e-06
5.5112e-06
-2.91468e-06
4.12656e-06
-4.2215e-06
2.5886e-06
-5.85624e-06
9.69154e-07
-9.41971e-06
-1.38887e-07
-1.81905e-05
-2.34053e-05
1.54344e-07
1.35442e-06
1.04874e-06
4.71796e-06
2.5336e-06
6.7365e-06
4.26376e-06
7.55393e-06
5.99381e-06
7.5395e-06
7.53599e-06
6.98449e-06
8.78761e-06
6.10425e-06
9.71881e-06
5.05653e-06
1.03246e-05
3.97707e-06
1.06163e-05
2.92718e-06
1.05997e-05
1.94481e-06
1.02803e-05
1.02422e-06
9.61183e-06
1.79974e-07
8.61684e-06
-7.09798e-07
7.28507e-06
-1.58291e-06
5.66877e-06
-2.6052e-06
3.92921e-06
-4.11668e-06
2.25076e-06
-7.74126e-06
6.56951e-07
-1.65967e-05
-2.27483e-05
-5.19161e-07
1.87358e-06
2.0374e-07
3.99506e-06
1.76795e-06
5.17229e-06
3.84159e-06
5.48029e-06
6.00739e-06
5.3737e-06
7.9783e-06
5.01358e-06
9.61769e-06
4.46486e-06
1.08839e-05
3.79028e-06
1.17595e-05
3.10153e-06
1.22604e-05
2.42629e-06
1.239e-05
1.81518e-06
1.21681e-05
1.24615e-06
1.16188e-05
7.29184e-07
1.07125e-05
1.96502e-07
9.45393e-06
-3.24294e-07
7.91683e-06
-1.0681e-06
6.28716e-06
-2.48701e-06
4.46687e-06
-5.92097e-06
2.05978e-06
-1.41896e-05
-2.06885e-05
-4.18159e-06
6.05517e-06
-3.64417e-06
3.45764e-06
-1.2438e-06
2.77191e-06
1.56272e-06
2.67378e-06
4.31136e-06
2.62506e-06
6.85503e-06
2.46991e-06
9.08001e-06
2.23988e-06
1.09258e-05
1.94451e-06
1.23737e-05
1.65359e-06
1.34507e-05
1.34928e-06
1.41738e-05
1.0921e-06
1.45877e-05
8.32241e-07
1.468e-05
6.36876e-07
1.44597e-05
4.16874e-07
1.39227e-05
2.12628e-07
1.30852e-05
-2.30522e-07
1.19348e-05
-1.33662e-06
1.01167e-05
-4.10292e-06
5.6396e-06
-9.71246e-06
-1.50489e-05
6.05517e-06
9.51281e-06
1.22847e-05
1.49585e-05
1.75836e-05
2.00535e-05
2.22934e-05
2.42379e-05
2.58915e-05
2.72407e-05
2.83328e-05
2.91651e-05
2.98019e-05
3.02188e-05
3.04315e-05
3.02009e-05
2.88643e-05
2.47614e-05
1.50489e-05
)
;

boundaryField
{
    movingWall
    {
        type            calculated;
        value           uniform 0;
    }
    fixedWalls
    {
        type            calculated;
        value           uniform 0;
    }
    frontAndBack
    {
        type            empty;
        value           nonuniform List<scalar> 0();
    }
}


// ************************************************************************* //
