/*--------------------------------*- C++ -*----------------------------------*\
| =========                 |                                                 |
| \\      /  F ield         | OpenFOAM: The Open Source CFD Toolbox           |
|  \\    /   O peration     | Version:  2212                                  |
|   \\  /    A nd           | Website:  www.openfoam.com                      |
|    \\/     M anipulation  |                                                 |
\*---------------------------------------------------------------------------*/
FoamFile
{
    version     2.0;
    format      ascii;
    arch        "LSB;label=32;scalar=64";
    class       volScalarField;
    location    "13.6";
    object      T;
}
// * * * * * * * * * * * * * * * * * * * * * * * * * * * * * * * * * * * * * //

dimensions      [0 0 0 1 0 0 0];

internalField   nonuniform List<scalar> 
400
(
0.949072
0.950164
0.952385
0.955671
0.959502
0.962993
0.965492
0.966942
0.967723
0.968253
0.968735
0.969232
0.969765
0.970314
0.970794
0.971068
0.970908
0.970073
0.968695
0.967566
0.950472
0.951812
0.954498
0.958342
0.962407
0.9654
0.966864
0.967376
0.967553
0.967686
0.967956
0.968468
0.969257
0.97028
0.971329
0.97209
0.972078
0.970927
0.96912
0.967818
0.95266
0.954461
0.9578
0.96182
0.964983
0.966325
0.966284
0.965656
0.964871
0.964276
0.964177
0.964784
0.966107
0.968103
0.970413
0.972506
0.973499
0.972506
0.969902
0.968287
0.954804
0.957079
0.96072
0.96398
0.965375
0.964777
0.96304
0.960827
0.95864
0.957023
0.956391
0.957094
0.959044
0.962284
0.966371
0.970667
0.973996
0.974806
0.971918
0.969385
0.956454
0.959001
0.962359
0.964184
0.963502
0.960823
0.957074
0.952943
0.949166
0.946412
0.945168
0.945842
0.948324
0.952706
0.95859
0.965342
0.971775
0.976056
0.975545
0.971426
0.957541
0.960076
0.962679
0.962756
0.95993
0.955106
0.94926
0.943256
0.938021
0.934264
0.93248
0.932995
0.935798
0.940941
0.948166
0.95693
0.966196
0.974247
0.978246
0.974413
0.958145
0.960411
0.961989
0.960299
0.955478
0.948671
0.940956
0.933419
0.927096
0.922675
0.920568
0.920941
0.923847
0.929305
0.937222
0.947266
0.958598
0.969638
0.977847
0.978698
0.958403
0.960275
0.960827
0.957588
0.951055
0.942557
0.933346
0.924703
0.917696
0.912942
0.91071
0.911027
0.913901
0.91933
0.927338
0.937895
0.950549
0.963881
0.975265
0.980992
0.958423
0.959873
0.959524
0.955054
0.947195
0.937436
0.92718
0.917826
0.910431
0.905521
0.903238
0.903531
0.906345
0.911616
0.91936
0.92977
0.942971
0.958028
0.971952
0.97996
0.958296
0.959395
0.958433
0.953195
0.944482
0.933889
0.922948
0.913138
0.905489
0.900444
0.898071
0.898298
0.901044
0.90618
0.913604
0.923505
0.936521
0.952614
0.968956
0.979179
0.958071
0.958926
0.957623
0.952021
0.9429
0.931925
0.920699
0.910695
0.902895
0.897697
0.895152
0.895213
0.897816
0.902807
0.909946
0.919238
0.931555
0.947926
0.966172
0.978681
0.957778
0.958517
0.957202
0.951739
0.942736
0.931841
0.920671
0.910664
0.902765
0.897381
0.894597
0.894394
0.896729
0.90145
0.908248
0.916885
0.928183
0.944221
0.963942
0.978409
0.95741
0.958144
0.957036
0.95207
0.943622
0.933245
0.922519
0.912805
0.90501
0.899555
0.896564
0.896043
0.897976
0.902226
0.908479
0.91636
0.926414
0.941509
0.962183
0.978379
0.956944
0.957782
0.957106
0.953037
0.945649
0.936281
0.926412
0.917302
0.909812
0.904392
0.901219
0.900301
0.901675
0.905208
0.910627
0.917507
0.926161
0.939934
0.961047
0.978545
0.956333
0.957332
0.957083
0.953992
0.947923
0.939951
0.931378
0.923314
0.91653
0.911453
0.908293
0.907049
0.907785
0.910396
0.91467
0.920317
0.927477
0.939477
0.960456
0.978914
0.955608
0.956814
0.957118
0.955167
0.950702
0.944489
0.937585
0.930911
0.925127
0.920614
0.917579
0.916053
0.916056
0.917562
0.920443
0.924563
0.930103
0.939965
0.960438
0.979494
0.954887
0.956073
0.956552
0.955422
0.952434
0.948087
0.943116
0.9382
0.933817
0.930265
0.927676
0.926125
0.925564
0.926051
0.927578
0.930127
0.934209
0.942197
0.961634
0.980482
0.954378
0.955806
0.956706
0.95627
0.954598
0.951983
0.948858
0.945636
0.942617
0.940028
0.937952
0.936483
0.935613
0.935396
0.935971
0.937283
0.940286
0.946428
0.963873
0.981727
0.947527
0.954301
0.954303
0.954085
0.953186
0.95198
0.950598
0.94931
0.948127
0.947255
0.946616
0.946327
0.946345
0.946648
0.947467
0.948515
0.951197
0.955869
0.969103
0.983861
0.96314
0.9676
0.969989
0.971425
0.972195
0.972679
0.972936
0.973196
0.97338
0.973665
0.973918
0.974297
0.97465
0.975129
0.97559
0.976229
0.977045
0.978764
0.98219
0.988227
)
;

boundaryField
{
    movingWall
    {
        type            fixedValue;
        value           uniform 1;
    }
    fixedWalls
    {
        type            zeroGradient;
    }
    frontAndBack
    {
        type            empty;
    }
}


// ************************************************************************* //
