/*--------------------------------*- C++ -*----------------------------------*\
| =========                 |                                                 |
| \\      /  F ield         | OpenFOAM: The Open Source CFD Toolbox           |
|  \\    /   O peration     | Version:  2212                                  |
|   \\  /    A nd           | Website:  www.openfoam.com                      |
|    \\/     M anipulation  |                                                 |
\*---------------------------------------------------------------------------*/
FoamFile
{
    version     2.0;
    format      ascii;
    arch        "LSB;label=32;scalar=64";
    class       volScalarField;
    location    "18.3";
    object      p;
}
// * * * * * * * * * * * * * * * * * * * * * * * * * * * * * * * * * * * * * //

dimensions      [0 2 -2 0 0 0 0];

internalField   nonuniform List<scalar> 
400
(
2.38401e-08
-0.000151014
-0.000535099
-0.0010723
-0.00173303
-0.00249452
-0.00318565
-0.00359823
-0.003566
-0.00293473
-0.00154917
0.000618791
0.00324902
0.00551353
0.00653319
0.00592228
0.00400145
0.002149
0.00111
0.00104095
0.00011587
-5.85487e-05
-0.000377493
-0.000764669
-0.00124459
-0.00188872
-0.00270685
-0.00354419
-0.00408068
-0.0039391
-0.0028471
-0.000825499
0.00168877
0.00396034
0.00512412
0.00474248
0.00310235
0.0013741
0.000592508
0.000683554
0.000535984
0.000264514
-7.77772e-05
-0.000560136
-0.00134785
-0.00258126
-0.00421984
-0.00598454
-0.00740336
-0.00794469
-0.00726499
-0.00546276
-0.00289238
-0.000195347
0.00179106
0.00242706
0.0017081
0.000501396
-0.000396796
-0.000393502
0.0011515
0.00074081
0.000191421
-0.000775322
-0.00245173
-0.00493855
-0.00799597
-0.0111214
-0.0137043
-0.0151779
-0.0152078
-0.0138408
-0.0112945
-0.00802994
-0.0047531
-0.0022106
-0.000871279
-0.000707123
-0.00128974
-0.00191906
0.0015829
0.000973291
-2.33403e-05
-0.00192465
-0.00500736
-0.00918091
-0.0139147
-0.0184808
-0.0222172
-0.024654
-0.0255296
-0.0247239
-0.0223644
-0.0187444
-0.0143055
-0.00965661
-0.00559302
-0.00294981
-0.00219417
-0.00401889
0.00129296
0.000444602
-0.00119783
-0.00430501
-0.00900581
-0.0148815
-0.0210738
-0.0267164
-0.0311924
-0.0341798
-0.0355466
-0.0351906
-0.0331979
-0.0297196
-0.0249003
-0.0189619
-0.0125062
-0.00694926
-0.0044018
-0.00652511
-4.87212e-05
-0.00114799
-0.00349998
-0.00779752
-0.0139334
-0.0211154
-0.0282373
-0.034409
-0.03913
-0.0422334
-0.0437211
-0.0436117
-0.0419739
-0.0388798
-0.0343118
-0.0281581
-0.0205399
-0.0127037
-0.00785567
-0.00774886
-0.00245091
-0.00374264
-0.00669917
-0.0119141
-0.0190408
-0.026983
-0.0345054
-0.0407805
-0.0454523
-0.0484785
-0.0499412
-0.0499325
-0.0485317
-0.0457896
-0.0416634
-0.0359277
-0.0283265
-0.0193719
-0.0118231
-0.00798137
-0.0055381
-0.00691572
-0.0102643
-0.0160227
-0.0236592
-0.0318907
-0.0394527
-0.0456144
-0.050139
-0.0530592
-0.0544884
-0.0545285
-0.0532542
-0.0507272
-0.0469634
-0.0418131
-0.0348688
-0.0259486
-0.01671
-0.00999536
-0.00873425
-0.0100864
-0.0135983
-0.019543
-0.0272874
-0.0354883
-0.0429135
-0.0489113
-0.0533112
-0.0561692
-0.0575932
-0.0576644
-0.056446
-0.0540127
-0.0504525
-0.0457616
-0.0396351
-0.031525
-0.0223221
-0.0143407
-0.0115046
-0.0127585
-0.0162199
-0.0220551
-0.0296081
-0.0375898
-0.0448278
-0.0507008
-0.0550444
-0.0578959
-0.0593383
-0.0594299
-0.0582205
-0.0557905
-0.0522882
-0.0478536
-0.0424322
-0.0353836
-0.0271988
-0.0191802
-0.0135498
-0.0146192
-0.0178565
-0.0233162
-0.0304318
-0.0380639
-0.045119
-0.0509511
-0.0553306
-0.0582421
-0.0597298
-0.0598322
-0.0585901
-0.0560846
-0.0525169
-0.0481392
-0.0432078
-0.0370572
-0.0300327
-0.022418
-0.0148379
-0.0155684
-0.0183524
-0.0232109
-0.0296941
-0.0368797
-0.0437657
-0.0496414
-0.0541562
-0.0572024
-0.0587716
-0.0588787
-0.0575593
-0.0549172
-0.0511783
-0.0466569
-0.0419663
-0.0363009
-0.0302268
-0.0228966
-0.0154682
-0.0157225
-0.0177777
-0.0217468
-0.0273903
-0.0340323
-0.0407514
-0.0467416
-0.051494
-0.0547695
-0.0564835
-0.0566245
-0.0552028
-0.052354
-0.0483471
-0.0435826
-0.0387313
-0.033142
-0.0281002
-0.0202798
-0.0155748
-0.0152986
-0.0163384
-0.0190882
-0.0236536
-0.0296347
-0.0361723
-0.0423367
-0.0474286
-0.0510405
-0.0529813
-0.0531846
-0.051692
-0.0485923
-0.0442275
-0.0390545
-0.0337823
-0.028072
-0.0242319
-0.0143854
-0.0152772
-0.0145505
-0.0142611
-0.0154263
-0.0186852
-0.0238951
-0.030232
-0.0366154
-0.0421386
-0.0462021
-0.0484903
-0.0488673
-0.047354
-0.0440217
-0.0392495
-0.0335194
-0.0276416
-0.0216296
-0.0180538
-0.00383318
-0.0146624
-0.0136185
-0.0117072
-0.0110814
-0.012954
-0.0173807
-0.0235345
-0.030171
-0.0361939
-0.0408123
-0.0435795
-0.0442625
-0.0428514
-0.039377
-0.0341858
-0.0276901
-0.0206825
-0.0132763
-0.0067859
0.0160528
-0.0145835
-0.0126575
-0.00864877
-0.0062349
-0.00691036
-0.0107462
-0.0168183
-0.0237404
-0.0302992
-0.0355399
-0.0389043
-0.0400357
-0.0388782
-0.0354486
-0.0298963
-0.0222761
-0.0128728
-0.000688238
0.016695
0.0570638
-0.0117949
-0.011831
-0.00572638
-0.00177528
-0.00176525
-0.00540501
-0.0115755
-0.0188153
-0.025876
-0.031688
-0.0356629
-0.0373625
-0.0366859
-0.0333558
-0.0272246
-0.0175418
-0.00314837
0.0204902
0.0607043
0.129821
-0.0295171
-0.01063
-0.000609136
0.00308057
0.002448
-0.00155728
-0.00799978
-0.0155538
-0.0229766
-0.0291743
-0.0335325
-0.0355886
-0.0352017
-0.0319563
-0.025228
-0.0128603
0.00942247
0.0511714
0.122878
0.226076
)
;

boundaryField
{
    movingWall
    {
        type            zeroGradient;
    }
    fixedWalls
    {
        type            zeroGradient;
    }
    frontAndBack
    {
        type            empty;
    }
}


// ************************************************************************* //
