/*--------------------------------*- C++ -*----------------------------------*\
| =========                 |                                                 |
| \\      /  F ield         | OpenFOAM: The Open Source CFD Toolbox           |
|  \\    /   O peration     | Version:  2212                                  |
|   \\  /    A nd           | Website:  www.openfoam.com                      |
|    \\/     M anipulation  |                                                 |
\*---------------------------------------------------------------------------*/
FoamFile
{
    version     2.0;
    format      ascii;
    arch        "LSB;label=32;scalar=64";
    class       volScalarField;
    location    "18.3";
    object      T;
}
// * * * * * * * * * * * * * * * * * * * * * * * * * * * * * * * * * * * * * //

dimensions      [0 0 0 1 0 0 0];

internalField   nonuniform List<scalar> 
400
(
0.979603
0.980029
0.980893
0.982171
0.983665
0.985033
0.986019
0.986596
0.986911
0.987126
0.987322
0.987524
0.987742
0.987967
0.988166
0.988282
0.988224
0.987894
0.987349
0.986902
0.980146
0.980668
0.981714
0.983213
0.984804
0.985981
0.986562
0.986765
0.986835
0.986887
0.986995
0.987203
0.987525
0.987944
0.988375
0.98869
0.988694
0.98824
0.987521
0.987004
0.980993
0.981696
0.983
0.984572
0.985812
0.986338
0.986315
0.986055
0.985731
0.985487
0.985444
0.985691
0.98623
0.987045
0.987989
0.988848
0.989263
0.988876
0.987837
0.987193
0.981823
0.982713
0.984136
0.98541
0.98595
0.985697
0.984985
0.984079
0.983184
0.982523
0.982265
0.982551
0.983346
0.984667
0.986334
0.988087
0.98945
0.989795
0.988647
0.987635
0.982461
0.983457
0.984767
0.98547
0.985177
0.98408
0.982547
0.980861
0.979319
0.978195
0.977687
0.977962
0.978975
0.980762
0.98316
0.985912
0.988535
0.990286
0.9901
0.988453
0.98288
0.983868
0.984874
0.984876
0.983716
0.981746
0.979359
0.976908
0.974771
0.973237
0.972509
0.972719
0.973864
0.975963
0.978911
0.982485
0.98626
0.98954
0.991176
0.989649
0.983108
0.983987
0.98458
0.983868
0.981898
0.979119
0.97597
0.972893
0.97031
0.968504
0.967643
0.967795
0.968982
0.971213
0.974446
0.978544
0.983165
0.987662
0.991004
0.991365
0.983201
0.98392
0.984099
0.982761
0.980093
0.976624
0.972863
0.969333
0.966469
0.964525
0.963612
0.963741
0.964917
0.967137
0.970409
0.97472
0.979884
0.985318
0.989952
0.992282
0.983201
0.98375
0.983564
0.981726
0.978518
0.974533
0.970344
0.966522
0.963498
0.961489
0.960555
0.960675
0.961826
0.963982
0.967149
0.971403
0.976793
0.982933
0.988604
0.991862
0.983144
0.983553
0.983119
0.980967
0.977411
0.973085
0.968615
0.964606
0.961476
0.959412
0.95844
0.958532
0.959656
0.961758
0.964795
0.968844
0.97416
0.980726
0.987384
0.991544
0.983049
0.983362
0.98279
0.980489
0.976765
0.972283
0.967696
0.963606
0.960415
0.958287
0.957245
0.957269
0.958335
0.960377
0.963299
0.9671
0.972133
0.978815
0.986251
0.991341
0.982928
0.983198
0.982622
0.980376
0.976698
0.972248
0.967685
0.963593
0.960362
0.958158
0.957017
0.956934
0.95789
0.959822
0.962604
0.966137
0.970757
0.977304
0.985342
0.99123
0.982778
0.983049
0.982559
0.980513
0.977061
0.972822
0.96844
0.964469
0.96128
0.959048
0.957823
0.95761
0.958401
0.96014
0.962698
0.965923
0.970034
0.976199
0.984626
0.991218
0.982589
0.982907
0.982595
0.980913
0.97789
0.974063
0.970031
0.966308
0.963245
0.961027
0.959729
0.959353
0.959915
0.96136
0.963577
0.966392
0.969931
0.975557
0.984164
0.991286
0.982343
0.982729
0.982594
0.981308
0.978821
0.975563
0.97206
0.968765
0.965992
0.963916
0.962623
0.962114
0.962414
0.963483
0.965231
0.967541
0.97047
0.975372
0.983924
0.991435
0.982051
0.982525
0.982619
0.981797
0.979961
0.977418
0.974597
0.97187
0.969506
0.967661
0.96642
0.965797
0.965797
0.966413
0.967592
0.969277
0.971543
0.975573
0.983917
0.991671
0.981761
0.982227
0.982395
0.98191
0.980675
0.978892
0.976859
0.974849
0.973058
0.971606
0.970548
0.969914
0.969685
0.969885
0.970509
0.971552
0.973222
0.976485
0.984405
0.992073
0.981555
0.982124
0.982468
0.982268
0.981569
0.980492
0.97921
0.977891
0.976656
0.975598
0.97475
0.97415
0.973794
0.973706
0.973942
0.974478
0.975704
0.978212
0.985317
0.99258
0.978769
0.981498
0.981485
0.981383
0.981006
0.980506
0.979936
0.979407
0.978921
0.978562
0.978299
0.978179
0.978184
0.978306
0.978639
0.979065
0.980157
0.98206
0.987446
0.993448
0.985089
0.986891
0.987854
0.988431
0.988739
0.98893
0.98903
0.989132
0.989204
0.989317
0.989417
0.989569
0.989711
0.989903
0.99009
0.990348
0.990679
0.991377
0.99277
0.995222
)
;

boundaryField
{
    movingWall
    {
        type            fixedValue;
        value           uniform 1;
    }
    fixedWalls
    {
        type            zeroGradient;
    }
    frontAndBack
    {
        type            empty;
    }
}


// ************************************************************************* //
