/*--------------------------------*- C++ -*----------------------------------*\
| =========                 |                                                 |
| \\      /  F ield         | OpenFOAM: The Open Source CFD Toolbox           |
|  \\    /   O peration     | Version:  2212                                  |
|   \\  /    A nd           | Website:  www.openfoam.com                      |
|    \\/     M anipulation  |                                                 |
\*---------------------------------------------------------------------------*/
FoamFile
{
    version     2.0;
    format      ascii;
    arch        "LSB;label=32;scalar=64";
    class       volScalarField;
    location    "8.3";
    object      p;
}
// * * * * * * * * * * * * * * * * * * * * * * * * * * * * * * * * * * * * * //

dimensions      [0 2 -2 0 0 0 0];

internalField   nonuniform List<scalar> 
400
(
-6.30734e-07
-0.000151739
-0.000535776
-0.00107291
-0.00173357
-0.00249495
-0.00318601
-0.00359853
-0.00356629
-0.00293506
-0.00154963
0.000618129
0.00324823
0.00551286
0.00653296
0.00592273
0.00400248
0.00215034
0.00111136
0.00104225
0.000115127
-5.92963e-05
-0.000378186
-0.000765308
-0.00124519
-0.00188924
-0.00270724
-0.00354442
-0.0040808
-0.0039392
-0.00284732
-0.000825923
0.00168821
0.00395987
0.00512407
0.00474306
0.00310356
0.00137551
0.00059393
0.000684881
0.000535156
0.00026373
-7.85134e-05
-0.000560811
-0.00134841
-0.00258159
-0.00421983
-0.00598414
-0.00740264
-0.00794383
-0.00726425
-0.00546224
-0.00289208
-0.000195115
0.0017915
0.00242792
0.00170943
0.000502928
-0.000395241
-0.000392062
0.00115049
0.000739872
0.000190586
-0.000775973
-0.00245204
-0.00493828
-0.00799494
-0.0111196
-0.0137018
-0.0151751
-0.015205
-0.0138383
-0.0112924
-0.00802818
-0.00475158
-0.00220913
-0.000869767
-0.000705563
-0.00128813
-0.00191751
0.00158159
0.000972124
-2.426e-05
-0.00192509
-0.00500702
-0.00917949
-0.013912
-0.0184768
-0.0222122
-0.0246483
-0.0255237
-0.0247182
-0.0223594
-0.0187402
-0.0143022
-0.00965397
-0.00559093
-0.00294811
-0.00219265
-0.00401718
0.00129144
0.000443304
-0.00119867
-0.00430494
-0.00900439
-0.0148784
-0.0210689
-0.0267097
-0.0311842
-0.0341705
-0.035537
-0.0351813
-0.0331895
-0.0297124
-0.0248944
-0.0189574
-0.012503
-0.00694705
-0.00440009
-0.00652312
-5.02095e-05
-0.00114917
-0.00350044
-0.00779662
-0.0139306
-0.0211103
-0.0282299
-0.0343992
-0.0391183
-0.0422203
-0.0437075
-0.0435984
-0.0419616
-0.0388691
-0.034303
-0.0281512
-0.020535
-0.0127005
-0.00785355
-0.00774714
-0.00245207
-0.00374341
-0.00669894
-0.0119121
-0.0190364
-0.0269757
-0.0344953
-0.0407677
-0.045437
-0.0484616
-0.0499235
-0.0499149
-0.0485153
-0.0457752
-0.0416514
-0.0359182
-0.0283196
-0.0193672
-0.0118203
-0.0079798
-0.00553867
-0.00691583
-0.0102632
-0.0160195
-0.0236531
-0.0318814
-0.0394401
-0.0455987
-0.0501205
-0.0530386
-0.0544667
-0.0545069
-0.0532339
-0.0507091
-0.0469482
-0.0418011
-0.0348597
-0.0259422
-0.016706
-0.00999309
-0.00873413
-0.0100858
-0.0135963
-0.0195387
-0.02728
-0.0354774
-0.042899
-0.0488933
-0.05329
-0.0561457
-0.0575684
-0.0576396
-0.0564225
-0.0539917
-0.0504348
-0.0457475
-0.0396243
-0.0315171
-0.0223167
-0.014337
-0.0115039
-0.0127573
-0.0162173
-0.02205
-0.0295997
-0.0375778
-0.044812
-0.0506813
-0.0550215
-0.0578705
-0.0593115
-0.059403
-0.0581951
-0.0557677
-0.052269
-0.0478381
-0.0424203
-0.0353748
-0.0271924
-0.0191752
-0.0135488
-0.0146176
-0.0178535
-0.0233108
-0.0304232
-0.0380515
-0.0451028
-0.0509311
-0.0553072
-0.0582162
-0.0597025
-0.0598049
-0.0585642
-0.0560614
-0.0524974
-0.0481237
-0.0431961
-0.0370485
-0.0300262
-0.0224126
-0.0148367
-0.0155667
-0.0183495
-0.0232057
-0.0296859
-0.036868
-0.0437502
-0.0496222
-0.0541337
-0.0571774
-0.0587451
-0.0588522
-0.0575343
-0.0548951
-0.0511599
-0.0466425
-0.0419558
-0.0362933
-0.0302211
-0.0228918
-0.0154671
-0.0157211
-0.0177753
-0.0217425
-0.0273832
-0.034022
-0.0407375
-0.0467242
-0.0514735
-0.0547465
-0.0564591
-0.0566002
-0.05518
-0.0523341
-0.0483309
-0.0435706
-0.0387232
-0.0331368
-0.0280962
-0.0202768
-0.0155738
-0.0152975
-0.0163367
-0.0190851
-0.0236483
-0.0296266
-0.0361609
-0.042322
-0.0474109
-0.0510205
-0.05296
-0.0531634
-0.0516724
-0.0485756
-0.0442145
-0.0390457
-0.0337775
-0.0280699
-0.0242306
-0.0143851
-0.0152764
-0.0145499
-0.0142603
-0.0154247
-0.0186821
-0.0238896
-0.0302236
-0.036604
-0.0421243
-0.0461856
-0.0484726
-0.0488498
-0.047338
-0.0440085
-0.0392402
-0.0335143
-0.0276404
-0.021631
-0.0180564
-0.00383617
-0.0146619
-0.0136183
-0.0117073
-0.0110814
-0.0129531
-0.017378
-0.0235293
-0.0301629
-0.0361832
-0.0407993
-0.0435653
-0.0442484
-0.0428387
-0.0393673
-0.0341799
-0.0276885
-0.0206848
-0.0132816
-0.00679277
0.0160467
-0.0145836
-0.0126578
-0.00864977
-0.00623651
-0.00691167
-0.0107461
-0.016816
-0.0237355
-0.0302916
-0.0355301
-0.0388933
-0.0400247
-0.0388686
-0.0354415
-0.0298929
-0.0222772
-0.0128781
-0.000696882
0.0166849
0.0570553
-0.0117955
-0.0118319
-0.00572837
-0.00177823
-0.00176819
-0.00540687
-0.0115753
-0.0188126
-0.0258706
-0.0316804
-0.0356539
-0.0373533
-0.0366778
-0.0333502
-0.0272226
-0.0175443
-0.00315529
0.0204799
0.0606931
0.129812
-0.0295175
-0.0106312
-0.000611702
0.00307701
0.00244437
-0.0015599
-0.00800042
-0.0155519
-0.0229721
-0.0291675
-0.0335242
-0.03558
-0.0351941
-0.0319509
-0.025226
-0.0128624
0.00941607
0.0511619
0.122868
0.226068
)
;

boundaryField
{
    movingWall
    {
        type            zeroGradient;
    }
    fixedWalls
    {
        type            zeroGradient;
    }
    frontAndBack
    {
        type            empty;
    }
}


// ************************************************************************* //
