/*--------------------------------*- C++ -*----------------------------------*\
| =========                 |                                                 |
| \\      /  F ield         | OpenFOAM: The Open Source CFD Toolbox           |
|  \\    /   O peration     | Version:  2212                                  |
|   \\  /    A nd           | Website:  www.openfoam.com                      |
|    \\/     M anipulation  |                                                 |
\*---------------------------------------------------------------------------*/
FoamFile
{
    version     2.0;
    format      ascii;
    arch        "LSB;label=32;scalar=64";
    class       surfaceScalarField;
    location    "8.3";
    object      phi;
}
// * * * * * * * * * * * * * * * * * * * * * * * * * * * * * * * * * * * * * //

dimensions      [0 3 -1 0 0 0 0];

oriented        oriented;

internalField   nonuniform List<scalar> 
760
(
1.56099e-07
-1.56042e-07
2.93582e-07
-1.37484e-07
3.09918e-07
-1.63351e-08
1.83605e-07
1.26313e-07
-1.20364e-07
3.03969e-07
-6.65929e-07
5.45564e-07
-1.48517e-06
8.19244e-07
-2.49065e-06
1.00548e-06
-3.48005e-06
9.89397e-07
-4.22002e-06
7.39972e-07
-4.54369e-06
3.23668e-07
-4.35348e-06
-1.90206e-07
-3.59375e-06
-7.59732e-07
-2.37914e-06
-1.2146e-06
-9.40308e-07
-1.43884e-06
3.474e-07
-1.28771e-06
1.08965e-06
-7.42249e-07
1.03292e-06
5.67286e-08
4.60943e-07
5.71978e-07
4.60943e-07
1.2501e-07
-2.81053e-07
7.4522e-08
-8.69961e-08
-2.9711e-07
3.55296e-07
-1.07892e-06
9.08129e-07
-2.31582e-06
1.54086e-06
-3.9271e-06
2.15684e-06
-5.66181e-06
2.55396e-06
-7.20641e-06
2.55007e-06
-8.33625e-06
2.11924e-06
-8.9416e-06
1.34533e-06
-8.97559e-06
3.5766e-07
-8.41571e-06
-7.50085e-07
-7.29331e-06
-1.88214e-06
-5.64191e-06
-2.86601e-06
-3.60588e-06
-3.47487e-06
-1.49043e-06
-3.40316e-06
1.78464e-07
-2.41114e-06
8.58797e-07
-6.23605e-07
5.25637e-07
9.05139e-07
9.86579e-07
-1.27638e-07
-1.53414e-07
-6.33965e-07
4.19331e-07
-1.62489e-06
1.34622e-06
-3.14127e-06
2.42451e-06
-5.05709e-06
3.45668e-06
-7.07271e-06
4.17246e-06
-8.87261e-06
4.35386e-06
-1.02767e-05
3.95419e-06
-1.12334e-05
3.07593e-06
-1.17349e-05
1.84685e-06
-1.1729e-05
3.51763e-07
-1.12702e-05
-1.2089e-06
-1.03377e-05
-2.81468e-06
-8.87723e-06
-4.32645e-06
-6.8692e-06
-5.4829e-06
-4.40307e-06
-5.86929e-06
-1.87877e-06
-4.93544e-06
-8.64987e-08
-2.41588e-06
2.94653e-07
5.23987e-07
1.28123e-06
-5.00511e-07
3.47096e-07
-1.5599e-06
1.47872e-06
-3.11925e-06
2.90556e-06
-5.08091e-06
4.38617e-06
-7.18454e-06
5.56032e-06
-9.12231e-06
6.11023e-06
-1.0692e-05
5.92352e-06
-1.1851e-05
5.11325e-06
-1.26276e-05
3.85245e-06
-1.30562e-05
2.27545e-06
-1.31212e-05
4.16849e-07
-1.28818e-05
-1.44833e-06
-1.22991e-05
-3.39736e-06
-1.12714e-05
-5.35416e-06
-9.66798e-06
-7.08636e-06
-7.36412e-06
-8.17315e-06
-4.39853e-06
-7.90104e-06
-1.37807e-06
-5.43634e-06
1.20694e-07
-9.74773e-07
1.40193e-06
-8.61869e-07
1.20897e-06
-2.36148e-06
2.97834e-06
-4.23235e-06
4.77643e-06
-6.27946e-06
6.43328e-06
-8.22163e-06
7.50249e-06
-9.83617e-06
7.72477e-06
-1.10464e-05
7.13376e-06
-1.18789e-05
5.94572e-06
-1.23954e-05
4.36894e-06
-1.26685e-05
2.54859e-06
-1.27891e-05
5.3743e-07
-1.27435e-05
-1.49389e-06
-1.2523e-05
-3.61787e-06
-1.20486e-05
-5.82855e-06
-1.11341e-05
-8.00083e-06
-9.49165e-06
-9.81564e-06
-6.82169e-06
-1.0571e-05
-3.22281e-06
-9.03522e-06
-2.61202e-07
-3.93638e-06
1.14073e-06
-1.08696e-06
2.29593e-06
-2.7843e-06
4.67567e-06
-4.67786e-06
6.66999e-06
-6.5357e-06
8.29111e-06
-8.13348e-06
9.10027e-06
-9.3402e-06
8.93149e-06
-1.01518e-05
7.9454e-06
-1.06335e-05
6.42741e-06
-1.08755e-05
4.61088e-06
-1.09773e-05
2.65046e-06
-1.10605e-05
6.20598e-07
-1.11111e-05
-1.44327e-06
-1.11454e-05
-3.58357e-06
-1.11345e-05
-5.83947e-06
-1.09251e-05
-8.2103e-06
-1.01901e-05
-1.05506e-05
-8.43527e-06
-1.23258e-05
-5.24457e-06
-1.22259e-05
-1.15861e-06
-8.02235e-06
-1.78808e-08
-1.11104e-06
3.40697e-06
-2.75892e-06
6.32355e-06
-4.45668e-06
8.36775e-06
-5.99252e-06
9.82694e-06
-7.20633e-06
1.03141e-05
-8.03581e-06
9.76096e-06
-8.5187e-06
8.4283e-06
-8.74199e-06
6.6507e-06
-8.80914e-06
4.67804e-06
-8.8169e-06
2.65822e-06
-8.84739e-06
6.51086e-07
-8.9188e-06
-1.37185e-06
-9.05109e-06
-3.45128e-06
-9.25591e-06
-5.63465e-06
-9.47721e-06
-7.989e-06
-9.48419e-06
-1.05436e-05
-8.75813e-06
-1.30519e-05
-6.5406e-06
-1.44434e-05
-2.42471e-06
-1.21382e-05
-2.44259e-06
-9.36426e-07
4.34339e-06
-2.34855e-06
7.73568e-06
-3.73628e-06
9.75549e-06
-4.91613e-06
1.10068e-05
-5.78715e-06
1.11851e-05
-6.33254e-06
1.03064e-05
-6.60948e-06
8.70524e-06
-6.70896e-06
6.75019e-06
-6.72686e-06
4.69593e-06
-6.73588e-06
2.66724e-06
-6.77141e-06
6.86619e-07
-6.85026e-06
-1.29301e-06
-6.99334e-06
-3.3082e-06
-7.2313e-06
-5.39669e-06
-7.5817e-06
-7.63859e-06
-7.95448e-06
-1.01709e-05
-7.94054e-06
-1.30658e-05
-6.72192e-06
-1.56621e-05
-3.58942e-06
-1.52707e-05
-6.03202e-06
-6.25898e-07
4.96929e-06
-1.68938e-06
8.79916e-06
-2.72344e-06
1.07896e-05
-3.56347e-06
1.18468e-05
-4.15396e-06
1.17756e-05
-4.50509e-06
1.06575e-05
-4.67578e-06
8.87592e-06
-4.74435e-06
6.81876e-06
-4.78295e-06
4.73452e-06
-4.83479e-06
2.71909e-06
-4.90973e-06
7.61555e-07
-5.01393e-06
-1.18881e-06
-5.15717e-06
-3.16497e-06
-5.36796e-06
-5.1859e-06
-5.70147e-06
-7.30508e-06
-6.17185e-06
-9.70048e-06
-6.56229e-06
-1.26754e-05
-6.13239e-06
-1.6092e-05
-3.92673e-06
-1.74764e-05
-9.95874e-06
-2.3318e-07
5.20247e-06
-8.9479e-07
9.46077e-06
-1.56722e-06
1.1462e-05
-2.09763e-06
1.23772e-05
-2.45839e-06
1.21363e-05
-2.67377e-06
1.08729e-05
-2.79199e-06
8.99414e-06
-2.86625e-06
6.89302e-06
-2.94102e-06
4.80929e-06
-3.03812e-06
2.81619e-06
-3.16027e-06
8.837e-07
-3.30694e-06
-1.04213e-06
-3.47819e-06
-2.99373e-06
-3.68607e-06
-4.97803e-06
-3.98093e-06
-7.01022e-06
-4.44522e-06
-9.2362e-06
-5.02751e-06
-1.20931e-05
-5.12701e-06
-1.59925e-05
-3.56052e-06
-1.90429e-05
-1.35193e-05
1.63759e-07
5.03871e-06
-7.03931e-08
9.69492e-06
-4.03796e-07
1.17954e-05
-6.55262e-07
1.26287e-05
-8.1072e-07
1.22918e-05
-9.01309e-07
1.09635e-05
-9.66389e-07
9.05922e-06
-1.03782e-06
6.96445e-06
-1.13213e-06
4.90361e-06
-1.2571e-06
2.94116e-06
-1.41529e-06
1.04189e-06
-1.60882e-06
-8.48591e-07
-1.83614e-06
-2.76641e-06
-2.09487e-06
-4.7193e-06
-2.4122e-06
-6.69288e-06
-2.87956e-06
-8.76884e-06
-3.56243e-06
-1.14102e-05
-4.02698e-06
-1.55279e-05
-3.02676e-06
-2.00431e-05
-1.6546e-05
5.02385e-07
4.53633e-06
7.00603e-07
9.4967e-06
7.43997e-07
1.1752e-05
7.79749e-07
1.25929e-05
8.24719e-07
1.22468e-05
8.53599e-07
1.09346e-05
8.46748e-07
9.06607e-06
7.95976e-07
7.01522e-06
7.02099e-07
4.99748e-06
5.66815e-07
3.07644e-06
3.84904e-07
1.2238e-06
1.50174e-07
-6.13861e-07
-1.38926e-07
-2.47731e-06
-4.89037e-07
-4.36919e-06
-9.03714e-07
-6.2782e-06
-1.42637e-06
-8.24618e-06
-2.20451e-06
-1.06321e-05
-2.95405e-06
-1.47784e-05
-2.46098e-06
-2.05362e-05
-1.9007e-05
7.59598e-07
3.77673e-06
1.35928e-06
8.89702e-06
1.75369e-06
1.13576e-05
2.08468e-06
1.2262e-05
2.35917e-06
1.19724e-05
2.54701e-06
1.07467e-05
2.64012e-06
8.97295e-06
2.64922e-06
7.00612e-06
2.58827e-06
5.05844e-06
2.46362e-06
3.20109e-06
2.26764e-06
1.41978e-06
1.98624e-06
-3.32458e-07
1.62008e-06
-2.11115e-06
1.16426e-06
-3.91337e-06
6.14546e-07
-5.72849e-06
-8.01838e-08
-7.55145e-06
-9.53937e-07
-9.75832e-06
-1.91707e-06
-1.38152e-05
-1.92426e-06
-2.0529e-05
-2.09313e-05
8.75301e-07
2.90143e-06
1.81859e-06
7.95372e-06
2.5635e-06
1.06127e-05
3.20745e-06
1.1618e-05
3.75791e-06
1.14219e-05
4.17169e-06
1.0333e-05
4.43296e-06
8.71168e-06
4.55568e-06
6.8834e-06
4.56267e-06
5.05146e-06
4.46889e-06
3.29487e-06
4.27214e-06
1.61653e-06
3.93978e-06
-9.76067e-11
3.49258e-06
-1.66395e-06
2.90491e-06
-3.32571e-06
2.17805e-06
-5.00163e-06
1.33114e-06
-6.70454e-06
2.73854e-07
-8.70103e-06
-9.53537e-07
-1.25879e-05
-1.42507e-06
-2.00574e-05
-2.23563e-05
8.11182e-07
2.09024e-06
1.96449e-06
6.80042e-06
3.01191e-06
9.56524e-06
3.98977e-06
1.06401e-05
4.87115e-06
1.05405e-05
5.59005e-06
9.61405e-06
6.10738e-06
8.19435e-06
6.42608e-06
6.56471e-06
6.56685e-06
4.91068e-06
6.54753e-06
3.31419e-06
6.36626e-06
1.7978e-06
6.02035e-06
3.45816e-07
5.47672e-06
-1.12032e-06
4.74289e-06
-2.59188e-06
3.81105e-06
-4.06979e-06
2.71024e-06
-5.60373e-06
1.40104e-06
-7.39182e-06
-1.49273e-07
-1.10375e-05
-9.09296e-07
-1.92974e-05
-2.32656e-05
5.81264e-07
1.50898e-06
1.76975e-06
5.61193e-06
3.11462e-06
8.22037e-06
4.47203e-06
9.28274e-06
5.74448e-06
9.26805e-06
6.83338e-06
8.52515e-06
7.67331e-06
7.35442e-06
8.25156e-06
5.98645e-06
8.5804e-06
4.58184e-06
8.67641e-06
3.21818e-06
8.5462e-06
1.928e-06
8.18689e-06
7.05128e-07
7.55434e-06
-4.87765e-07
6.666e-06
-1.70354e-06
5.50924e-06
-2.91304e-06
4.12512e-06
-4.21962e-06
2.58763e-06
-5.85433e-06
9.68451e-07
-9.41837e-06
-1.39207e-07
-1.81898e-05
-2.34048e-05
1.54225e-07
1.35475e-06
1.04828e-06
4.71788e-06
2.53277e-06
6.73588e-06
4.26252e-06
7.55299e-06
5.99219e-06
7.53839e-06
7.53399e-06
6.98334e-06
8.78525e-06
6.10316e-06
9.71613e-06
5.05558e-06
1.03216e-05
3.97633e-06
1.06131e-05
2.92671e-06
1.05964e-05
1.94467e-06
1.02771e-05
1.02444e-06
9.60888e-06
1.80498e-07
8.61419e-06
-7.08857e-07
7.28289e-06
-1.58173e-06
5.66716e-06
-2.60388e-06
3.92818e-06
-4.11535e-06
2.25017e-06
-7.74035e-06
6.56727e-07
-1.65963e-05
-2.27481e-05
-5.19064e-07
1.87382e-06
2.03594e-07
3.99523e-06
1.7674e-06
5.17207e-06
3.84057e-06
5.47982e-06
6.00588e-06
5.37308e-06
7.97633e-06
5.01289e-06
9.6153e-06
4.4642e-06
1.08812e-05
3.7897e-06
1.17564e-05
3.10109e-06
1.22571e-05
2.42602e-06
1.23867e-05
1.81511e-06
1.21648e-05
1.24627e-06
1.16158e-05
7.29533e-07
1.07099e-05
1.97078e-07
9.45177e-06
-3.23646e-07
7.91524e-06
-1.06736e-06
6.28618e-06
-2.48628e-06
4.46636e-06
-5.92053e-06
2.05957e-06
-1.41895e-05
-2.06885e-05
-4.18147e-06
6.05529e-06
-3.64407e-06
3.45782e-06
-1.24394e-06
2.77194e-06
1.5622e-06
2.67369e-06
4.31041e-06
2.62487e-06
6.85364e-06
2.46966e-06
9.07822e-06
2.23962e-06
1.09236e-05
1.94427e-06
1.23713e-05
1.65341e-06
1.34482e-05
1.34916e-06
1.41712e-05
1.09207e-06
1.45852e-05
8.32293e-07
1.46777e-05
6.37018e-07
1.44577e-05
4.17068e-07
1.39212e-05
2.1286e-07
1.30841e-05
-2.30206e-07
1.19342e-05
-1.33639e-06
1.01165e-05
-4.10287e-06
5.63951e-06
-9.71254e-06
-1.5049e-05
6.05529e-06
9.51311e-06
1.22851e-05
1.49587e-05
1.75836e-05
2.00533e-05
2.22929e-05
2.42372e-05
2.58906e-05
2.72397e-05
2.83318e-05
2.91641e-05
2.98011e-05
3.02182e-05
3.0431e-05
3.02008e-05
2.88644e-05
2.47616e-05
1.5049e-05
)
;

boundaryField
{
    movingWall
    {
        type            calculated;
        value           uniform 0;
    }
    fixedWalls
    {
        type            calculated;
        value           uniform 0;
    }
    frontAndBack
    {
        type            empty;
        value           nonuniform List<scalar> 0();
    }
}


// ************************************************************************* //
