/*--------------------------------*- C++ -*----------------------------------*\
| =========                 |                                                 |
| \\      /  F ield         | OpenFOAM: The Open Source CFD Toolbox           |
|  \\    /   O peration     | Version:  2212                                  |
|   \\  /    A nd           | Website:  www.openfoam.com                      |
|    \\/     M anipulation  |                                                 |
\*---------------------------------------------------------------------------*/
FoamFile
{
    version     2.0;
    format      ascii;
    arch        "LSB;label=32;scalar=64";
    class       volScalarField;
    location    "8.3";
    object      T;
}
// * * * * * * * * * * * * * * * * * * * * * * * * * * * * * * * * * * * * * //

dimensions      [0 0 0 1 0 0 0];

internalField   nonuniform List<scalar> 
400
(
0.838768
0.843054
0.851681
0.864318
0.878805
0.891661
0.900474
0.905252
0.907622
0.909163
0.910524
0.91188
0.913281
0.914663
0.915776
0.916206
0.915267
0.912174
0.907261
0.903223
0.844415
0.849565
0.859849
0.874421
0.889519
0.900256
0.905258
0.906989
0.907683
0.908206
0.909047
0.910488
0.912615
0.915286
0.917909
0.919567
0.91886
0.914705
0.908507
0.903972
0.853144
0.859929
0.8725
0.887499
0.899108
0.904064
0.904395
0.903009
0.901127
0.899696
0.899546
0.901256
0.904847
0.910191
0.916273
0.921569
0.923522
0.919535
0.910802
0.905349
0.861651
0.870121
0.88373
0.895966
0.90157
0.900548
0.896176
0.89046
0.88471
0.880454
0.878815
0.880762
0.886063
0.894844
0.905886
0.917394
0.925984
0.927071
0.917134
0.908769
0.868238
0.877741
0.890493
0.897999
0.897153
0.890225
0.880356
0.869346
0.85923
0.851853
0.848523
0.850354
0.857056
0.868907
0.884868
0.903231
0.920678
0.931873
0.928839
0.915317
0.872718
0.882336
0.8928
0.894886
0.887785
0.874969
0.859378
0.843271
0.829255
0.819213
0.814454
0.815831
0.823321
0.837099
0.856546
0.880284
0.905554
0.927565
0.937946
0.925031
0.87544
0.884356
0.891777
0.888608
0.875896
0.85771
0.837078
0.816912
0.800087
0.788364
0.782803
0.783802
0.791504
0.805999
0.827119
0.85409
0.88478
0.914968
0.937543
0.93888
0.876886
0.884668
0.889082
0.881448
0.864028
0.841312
0.816708
0.793695
0.77517
0.762658
0.756821
0.757674
0.765241
0.779551
0.800754
0.828904
0.86295
0.899186
0.930494
0.946393
0.877453
0.883961
0.885773
0.87468
0.853672
0.827601
0.800266
0.775473
0.756024
0.743182
0.737257
0.738056
0.74543
0.75924
0.77961
0.807179
0.842486
0.88322
0.921331
0.943513
0.877439
0.882824
0.882852
0.869664
0.846382
0.81811
0.789013
0.763096
0.743048
0.729912
0.72378
0.724413
0.731591
0.745009
0.764454
0.790533
0.825147
0.868506
0.913141
0.941387
0.877024
0.881543
0.88057
0.866465
0.842133
0.81286
0.78304
0.756654
0.736243
0.72273
0.716162
0.716365
0.723165
0.736186
0.75485
0.779236
0.811837
0.855764
0.905476
0.940016
0.876316
0.880292
0.879204
0.865586
0.841647
0.812602
0.782946
0.756551
0.735875
0.721874
0.714679
0.714197
0.7203
0.732625
0.750393
0.773024
0.802821
0.84572
0.899376
0.939279
0.875315
0.879039
0.878431
0.866313
0.843973
0.816321
0.787823
0.762168
0.741722
0.727503
0.719752
0.718436
0.723503
0.734613
0.750973
0.771625
0.798074
0.838334
0.894527
0.939202
0.873958
0.877722
0.878148
0.868606
0.849266
0.824353
0.798115
0.774004
0.754294
0.740108
0.731847
0.729485
0.733105
0.742366
0.756574
0.774623
0.797363
0.834021
0.891399
0.939671
0.872127
0.876144
0.877576
0.870806
0.85519
0.834081
0.811282
0.789887
0.771962
0.758608
0.750333
0.747099
0.749053
0.755924
0.767159
0.781994
0.800802
0.832692
0.889733
0.940692
0.869914
0.874317
0.877019
0.873373
0.862269
0.846016
0.827723
0.810006
0.794677
0.782749
0.774749
0.770742
0.770762
0.774733
0.78232
0.793152
0.807715
0.833904
0.889645
0.942303
0.867757
0.872051
0.875015
0.873498
0.866452
0.855324
0.842285
0.829286
0.817671
0.808261
0.801408
0.797303
0.795816
0.797087
0.801103
0.807796
0.818562
0.839811
0.892867
0.945038
0.866218
0.870955
0.874838
0.875042
0.871541
0.865162
0.857176
0.84878
0.840843
0.834005
0.828505
0.824603
0.822287
0.82169
0.823212
0.826672
0.834696
0.851172
0.89898
0.948494
0.847149
0.867606
0.868464
0.868736
0.86696
0.864198
0.860842
0.857656
0.854691
0.852522
0.850956
0.850312
0.850486
0.851411
0.853731
0.856651
0.864041
0.876858
0.913355
0.954419
0.892471
0.905627
0.912788
0.917212
0.919724
0.921391
0.922382
0.923349
0.924071
0.925053
0.925917
0.927122
0.928227
0.929679
0.931054
0.932934
0.935259
0.94011
0.949636
0.966593
)
;

boundaryField
{
    movingWall
    {
        type            fixedValue;
        value           uniform 1;
    }
    fixedWalls
    {
        type            zeroGradient;
    }
    frontAndBack
    {
        type            empty;
    }
}


// ************************************************************************* //
