/*--------------------------------*- C++ -*----------------------------------*\
| =========                 |                                                 |
| \\      /  F ield         | OpenFOAM: The Open Source CFD Toolbox           |
|  \\    /   O peration     | Version:  2212                                  |
|   \\  /    A nd           | Website:  www.openfoam.com                      |
|    \\/     M anipulation  |                                                 |
\*---------------------------------------------------------------------------*/
FoamFile
{
    version     2.0;
    format      ascii;
    arch        "LSB;label=32;scalar=64";
    class       volVectorField;
    location    "8.3";
    object      U;
}
// * * * * * * * * * * * * * * * * * * * * * * * * * * * * * * * * * * * * * //

dimensions      [0 1 -1 0 0 0 0];

internalField   nonuniform List<vector> 
400
(
(0.00168202 -0.00168284 0)
(0.00483848 -0.00189159 0)
(0.00658993 -0.0012004 0)
(0.00567325 -0.000574935 0)
(0.00157074 0.000184128 0)
(-0.00682995 0.00173937 0)
(-0.0206076 0.00478586 0)
(-0.0395385 0.00873497 0)
(-0.0608066 0.0112915 0)
(-0.0791322 0.0105119 0)
(-0.0898079 0.0067746 0)
(-0.09046 0.00166963 0)
(-0.0802252 -0.00361543 0)
(-0.0599958 -0.00827382 0)
(-0.0335252 -0.0108462 0)
(-0.00529849 -0.00979494 0)
(0.0167179 -0.00477388 0)
(0.0244663 0.00277581 0)
(0.0161769 0.00647131 0)
(0.00431625 0.00471669 0)
(0.00172015 -0.00506307 0)
(0.00316146 -0.00403063 0)
(-0.000418921 0.000588608 0)
(-0.0113313 0.00644169 0)
(-0.0314257 0.0140491 0)
(-0.0611465 0.0237717 0)
(-0.0968398 0.0330583 0)
(-0.13145 0.0370893 0)
(-0.158962 0.0335152 0)
(-0.176093 0.0234008 0)
(-0.181441 0.00911043 0)
(-0.175072 -0.00698758 0)
(-0.157556 -0.0231708 0)
(-0.129649 -0.0369106 0)
(-0.0936146 -0.0445629 0)
(-0.052197 -0.0418375 0)
(-0.0114042 -0.0263353 0)
(0.0168852 -0.00128187 0)
(0.0178698 0.0162211 0)
(0.00554181 0.0148185 0)
(-0.000240063 -0.00577773 0)
(-0.00538209 0.000804156 0)
(-0.01961 0.0142997 0)
(-0.0445027 0.0312342 0)
(-0.0803366 0.0494416 0)
(-0.122196 0.0643151 0)
(-0.162339 0.0705408 0)
(-0.195259 0.0660241 0)
(-0.218851 0.0521883 0)
(-0.232518 0.0315336 0)
(-0.236275 0.00641856 0)
(-0.23079 -0.021109 0)
(-0.216378 -0.0488673 0)
(-0.192535 -0.0732208 0)
(-0.159 -0.0890215 0)
(-0.115739 -0.0892268 0)
(-0.0645628 -0.0670293 0)
(-0.0138237 -0.0226686 0)
(0.00947988 0.0179141 0)
(0.0041554 0.0235777 0)
(-0.00347199 0.00045626 0)
(-0.0175145 0.0172423 0)
(-0.0435146 0.0414994 0)
(-0.0796781 0.0681904 0)
(-0.122952 0.0911542 0)
(-0.165842 0.103841 0)
(-0.201911 0.102896 0)
(-0.229232 0.0896661 0)
(-0.24807 0.0673229 0)
(-0.259024 0.0385793 0)
(-0.262932 0.00532038 0)
(-0.2606 -0.0311111 0)
(-0.251969 -0.0684469 0)
(-0.235993 -0.103734 0)
(-0.210683 -0.131483 0)
(-0.17334 -0.142885 0)
(-0.121398 -0.125763 0)
(-0.0568439 -0.0708552 0)
(-0.00098836 0.00356122 0)
(0.00474225 0.0282376 0)
(-0.00666243 0.0147852 0)
(-0.0287284 0.0441115 0)
(-0.0632867 0.077092 0)
(-0.104456 0.108915 0)
(-0.147273 0.131203 0)
(-0.184571 0.13819 0)
(-0.212907 0.129498 0)
(-0.232689 0.108742 0)
(-0.245205 0.0797942 0)
(-0.25218 0.045447 0)
(-0.255299 0.00724373 0)
(-0.255482 -0.0339905 0)
(-0.252504 -0.0770732 0)
(-0.245825 -0.120675 0)
(-0.232632 -0.160812 0)
(-0.208312 -0.189024 0)
(-0.166814 -0.189977 0)
(-0.103446 -0.142879 0)
(-0.022183 -0.0388576 0)
(0.00738116 0.0270977 0)
(-0.00851032 0.0348746 0)
(-0.0351755 0.0766388 0)
(-0.0730893 0.11495 0)
(-0.113259 0.147698 0)
(-0.150521 0.166029 0)
(-0.179382 0.165966 0)
(-0.198905 0.149757 0)
(-0.21065 0.122499 0)
(-0.216597 0.0885412 0)
(-0.219227 0.0508692 0)
(-0.220495 0.0109586 0)
(-0.221396 -0.0307495 0)
(-0.22213 -0.0747085 0)
(-0.222807 -0.121277 0)
(-0.221238 -0.169223 0)
(-0.212339 -0.213056 0)
(-0.188023 -0.238587 0)
(-0.139685 -0.218542 0)
(-0.0628479 -0.118944 0)
(0.00584767 0.0142007 0)
(-0.00829238 0.0570057 0)
(-0.0353405 0.110011 0)
(-0.0718344 0.150494 0)
(-0.107074 0.181184 0)
(-0.136708 0.193877 0)
(-0.157113 0.186482 0)
(-0.169022 0.16332 0)
(-0.174558 0.130537 0)
(-0.176128 0.0928951 0)
(-0.176224 0.0534069 0)
(-0.176336 0.0133173 0)
(-0.177137 -0.0273007 0)
(-0.179172 -0.0695619 0)
(-0.182984 -0.11471 0)
(-0.187937 -0.163843 0)
(-0.190412 -0.215814 0)
(-0.182528 -0.261668 0)
(-0.154281 -0.275189 0)
(-0.0994012 -0.205917 0)
(-0.00890822 -0.0146274 0)
(-0.00613536 0.0776008 0)
(-0.0297922 0.140562 0)
(-0.061427 0.18123 0)
(-0.0898972 0.208345 0)
(-0.111906 0.214934 0)
(-0.125442 0.200607 0)
(-0.13213 0.171376 0)
(-0.134279 0.134214 0)
(-0.134338 0.0941029 0)
(-0.134235 0.0537449 0)
(-0.134639 0.0138651 0)
(-0.135732 -0.0258779 0)
(-0.137966 -0.0664651 0)
(-0.142034 -0.109077 0)
(-0.148552 -0.155663 0)
(-0.156222 -0.208581 0)
(-0.159083 -0.265912 0)
(-0.146757 -0.308151 0)
(-0.112259 -0.277225 0)
(-0.030966 -0.0753408 0)
(-0.00272992 0.0936197 0)
(-0.0204191 0.165653 0)
(-0.0451546 0.205622 0)
(-0.0663502 0.228613 0)
(-0.0816188 0.229574 0)
(-0.0901087 0.209587 0)
(-0.093739 0.175836 0)
(-0.0946481 0.1358 0)
(-0.0949223 0.0944575 0)
(-0.0957149 0.0540226 0)
(-0.097063 0.014594 0)
(-0.0988725 -0.0245738 0)
(-0.10131 -0.0642133 0)
(-0.10488 -0.104976 0)
(-0.11073 -0.148455 0)
(-0.119597 -0.198577 0)
(-0.128355 -0.259812 0)
(-0.126531 -0.32348 0)
(-0.107486 -0.334787 0)
(-0.0373511 -0.163447 0)
(0.00121951 0.102766 0)
(-0.00894355 0.183495 0)
(-0.0256465 0.223177 0)
(-0.0396458 0.242797 0)
(-0.0491251 0.239562 0)
(-0.0539973 0.215588 0)
(-0.0559651 0.178832 0)
(-0.0566756 0.137136 0)
(-0.0576339 0.095385 0)
(-0.0593739 0.0552591 0)
(-0.0616655 0.0163084 0)
(-0.0643653 -0.0224808 0)
(-0.0674644 -0.0617165 0)
(-0.0711412 -0.1016 0)
(-0.0763281 -0.142801 0)
(-0.084595 -0.188945 0)
(-0.0960675 -0.248374 0)
(-0.100655 -0.324345 0)
(-0.0951769 -0.372253 0)
(-0.0309243 -0.242598 0)
(0.00511833 0.103932 0)
(0.00295769 0.193095 0)
(-0.00538962 0.233672 0)
(-0.0125063 0.25083 0)
(-0.0168969 0.244744 0)
(-0.0187833 0.218526 0)
(-0.0194704 0.180465 0)
(-0.0199973 0.13839 0)
(-0.0212942 0.0969373 0)
(-0.0235292 0.0574075 0)
(-0.0264174 0.0190784 0)
(-0.0299003 -0.019157 0)
(-0.0339942 -0.0579555 0)
(-0.0386379 -0.0973699 0)
(-0.0443773 -0.137319 0)
(-0.0524397 -0.180189 0)
(-0.0657598 -0.23567 0)
(-0.0742232 -0.318121 0)
(-0.0812008 -0.396757 0)
(-0.0229426 -0.307156 0)
(0.00845705 0.0974577 0)
(0.0142204 0.194088 0)
(0.0141036 0.237195 0)
(0.0137094 0.25361 0)
(0.0143324 0.24653 0)
(0.0155297 0.219821 0)
(0.0163896 0.181772 0)
(0.0164436 0.140059 0)
(0.0153058 0.0991238 0)
(0.0130284 0.0602062 0)
(0.00986051 0.0226211 0)
(0.0057528 -0.0147429 0)
(0.000562232 -0.0526722 0)
(-0.00556211 -0.0912647 0)
(-0.0130286 -0.13015 0)
(-0.0219756 -0.170328 0)
(-0.037717 -0.220712 0)
(-0.0487312 -0.304481 0)
(-0.0679052 -0.408502 0)
(-0.0144595 -0.360038 0)
(0.0103279 0.0844799 0)
(0.0234172 0.186492 0)
(0.0310808 0.233318 0)
(0.0370103 0.250156 0)
(0.0426719 0.243315 0)
(0.0476264 0.21753 0)
(0.0510632 0.180767 0)
(0.0527382 0.140363 0)
(0.0526056 0.100605 0)
(0.0508751 0.0628041 0)
(0.0477647 0.0264508 0)
(0.0431571 -0.00951257 0)
(0.0368847 -0.045979 0)
(0.0290712 -0.0831048 0)
(0.0189188 -0.120523 0)
(0.007595 -0.158461 0)
(-0.0118184 -0.204424 0)
(-0.0242423 -0.286483 0)
(-0.0558458 -0.411009 0)
(-0.00613812 -0.401887 0)
(0.00987641 0.0672311 0)
(0.0290273 0.170684 0)
(0.0443526 0.222228 0)
(0.0568948 0.241322 0)
(0.0681881 0.236394 0)
(0.0778748 0.213032 0)
(0.0850955 0.178739 0)
(0.0895492 0.1404 0)
(0.0913128 0.102243 0)
(0.0906861 0.0658133 0)
(0.0879996 0.0309731 0)
(0.0829505 -0.00329567 0)
(0.0754372 -0.0375284 0)
(0.0657471 -0.0723015 0)
(0.0524984 -0.10742 0)
(0.0375679 -0.142765 0)
(0.0131285 -0.184253 0)
(7.63363e-05 -0.263245 0)
(-0.0447997 -0.406711 0)
(0.00276486 -0.436266 0)
(0.00692853 0.049396 0)
(0.0293615 0.148963 0)
(0.0511093 0.203639 0)
(0.0699877 0.224556 0)
(0.0874636 0.221698 0)
(0.103158 0.201539 0)
(0.115828 0.170945 0)
(0.124792 0.136057 0)
(0.129962 0.100862 0)
(0.131581 0.067039 0)
(0.129916 0.034838 0)
(0.124992 0.00343432 0)
(0.116361 -0.027454 0)
(0.104631 -0.0586857 0)
(0.0875401 -0.0903036 0)
(0.068353 -0.122918 0)
(0.0382916 -0.160839 0)
(0.0238558 -0.237148 0)
(-0.0344423 -0.398959 0)
(0.0134739 -0.464427 0)
(0.00238658 0.0346282 0)
(0.0236382 0.123897 0)
(0.0509546 0.179947 0)
(0.0766865 0.202944 0)
(0.101352 0.202632 0)
(0.124235 0.186231 0)
(0.143689 0.160175 0)
(0.158496 0.129745 0)
(0.168241 0.0985547 0)
(0.17313 0.0682927 0)
(0.173103 0.0395558 0)
(0.168875 0.0119381 0)
(0.159039 -0.0149035 0)
(0.145307 -0.041703 0)
(0.124006 -0.0687414 0)
(0.100468 -0.0975405 0)
(0.0646157 -0.132696 0)
(0.0470027 -0.207448 0)
(-0.0227075 -0.38708 0)
(0.0285314 -0.485556 0)
(-0.00342581 0.0286171 0)
(0.01007 0.1015 0)
(0.037108 0.148694 0)
(0.0689728 0.169458 0)
(0.101867 0.170678 0)
(0.133587 0.158387 0)
(0.161585 0.137952 0)
(0.18413 0.113549 0)
(0.200178 0.0882633 0)
(0.210102 0.0636241 0)
(0.213026 0.0403768 0)
(0.210771 0.0184033 0)
(0.200507 -0.00267121 0)
(0.185876 -0.0233046 0)
(0.161063 -0.0439679 0)
(0.134447 -0.0677284 0)
(0.092918 -0.10168 0)
(0.0698713 -0.180005 0)
(-0.00437031 -0.37005 0)
(0.0521599 -0.49164 0)
(-0.0140093 0.0185208 0)
(-0.0075156 0.0881769 0)
(0.0192166 0.124192 0)
(0.0564487 0.137316 0)
(0.0976019 0.136907 0)
(0.137984 0.127724 0)
(0.174237 0.113067 0)
(0.204081 0.0952884 0)
(0.225976 0.0768167 0)
(0.241068 0.0586692 0)
(0.247102 0.0417989 0)
(0.248018 0.0261072 0)
(0.238679 0.0117464 0)
(0.226863 -0.00204273 0)
(0.201867 -0.016081 0)
(0.177885 -0.0350166 0)
(0.133542 -0.0677951 0)
(0.107834 -0.145997 0)
(0.0374696 -0.326119 0)
(0.0923664 -0.455871 0)
(-0.106018 0.0824205 0)
(-0.0777583 0.0689931 0)
(-0.0485681 0.073369 0)
(0.00377816 0.077887 0)
(0.0572911 0.0782197 0)
(0.110021 0.073955 0)
(0.157188 0.0666199 0)
(0.199548 0.0572157 0)
(0.231658 0.0475406 0)
(0.259809 0.0378851 0)
(0.275536 0.0292193 0)
(0.290691 0.0212344 0)
(0.291045 0.0144783 0)
(0.295157 0.00809589 0)
(0.278858 0.00112878 0)
(0.271646 -0.0100088 0)
(0.232338 -0.0355644 0)
(0.218139 -0.0954176 0)
(0.150207 -0.229723 0)
(0.170672 -0.341456 0)
(0.12997 0.103745 0)
(0.158322 0.0752298 0)
(0.212168 0.0532299 0)
(0.270676 0.0416246 0)
(0.323251 0.0359143 0)
(0.375691 0.0319493 0)
(0.420285 0.0289168 0)
(0.465601 0.0255812 0)
(0.498695 0.0229032 0)
(0.533944 0.0197109 0)
(0.553381 0.0175482 0)
(0.579191 0.0146105 0)
(0.58533 0.0131659 0)
(0.60367 0.0103471 0)
(0.595093 0.00938492 0)
(0.603596 0.00500105 0)
(0.56779 9.02031e-05 0)
(0.547615 -0.0183154 0)
(0.435694 -0.0504144 0)
(0.336755 -0.101386 0)
)
;

boundaryField
{
    movingWall
    {
        type            fixedValue;
        value           uniform (1 0 0);
    }
    fixedWalls
    {
        type            noSlip;
    }
    frontAndBack
    {
        type            empty;
    }
}


// ************************************************************************* //
