/*--------------------------------*- C++ -*----------------------------------*\
| =========                 |                                                 |
| \\      /  F ield         | OpenFOAM: The Open Source CFD Toolbox           |
|  \\    /   O peration     | Version:  2212                                  |
|   \\  /    A nd           | Website:  www.openfoam.com                      |
|    \\/     M anipulation  |                                                 |
\*---------------------------------------------------------------------------*/
FoamFile
{
    version     2.0;
    format      ascii;
    arch        "LSB;label=32;scalar=64";
    class       volScalarField;
    location    "17.4";
    object      T;
}
// * * * * * * * * * * * * * * * * * * * * * * * * * * * * * * * * * * * * * //

dimensions      [0 0 0 1 0 0 0];

internalField   nonuniform List<scalar> 
400
(
0.975743
0.976251
0.97728
0.978804
0.980585
0.982214
0.983387
0.984075
0.984449
0.984704
0.984936
0.985177
0.985435
0.985703
0.985939
0.986076
0.986006
0.985614
0.984965
0.984433
0.976391
0.977013
0.97826
0.980046
0.98194
0.983343
0.984033
0.984276
0.984358
0.984421
0.98455
0.984797
0.985179
0.985676
0.986187
0.986562
0.986566
0.986025
0.985169
0.984554
0.977401
0.978238
0.979792
0.981664
0.983141
0.983768
0.983741
0.983433
0.983049
0.982758
0.982708
0.983002
0.983642
0.98461
0.985731
0.98675
0.987242
0.98678
0.985545
0.984779
0.978391
0.97945
0.981146
0.982663
0.983307
0.983008
0.982162
0.981086
0.980025
0.97924
0.978933
0.979273
0.980217
0.981786
0.983765
0.985847
0.987466
0.987874
0.986508
0.985304
0.979151
0.980338
0.981898
0.982737
0.98239
0.981087
0.979268
0.977265
0.975434
0.974099
0.973496
0.973822
0.975025
0.977147
0.979996
0.983265
0.98638
0.988458
0.988236
0.986277
0.97965
0.980828
0.982028
0.982032
0.980655
0.978316
0.975481
0.972571
0.970033
0.968211
0.967346
0.967596
0.968956
0.971449
0.97495
0.979194
0.983678
0.987574
0.989516
0.987699
0.979923
0.980971
0.981679
0.980836
0.978497
0.975197
0.971456
0.967802
0.964735
0.96259
0.961568
0.961749
0.963159
0.965807
0.969646
0.974514
0.980002
0.985343
0.989313
0.98974
0.980034
0.980893
0.981108
0.979521
0.976353
0.972233
0.967767
0.963574
0.960174
0.957866
0.956781
0.956935
0.958331
0.960967
0.964853
0.969972
0.976105
0.982558
0.988063
0.990831
0.980035
0.980691
0.980474
0.978292
0.974482
0.96975
0.964776
0.960237
0.956647
0.954261
0.953152
0.953294
0.954661
0.957221
0.960982
0.966033
0.972434
0.979726
0.986462
0.990332
0.979968
0.980457
0.979945
0.977391
0.973167
0.96803
0.962723
0.957961
0.954246
0.951794
0.950641
0.95075
0.952084
0.95458
0.958186
0.962994
0.969307
0.977105
0.985013
0.989954
0.979855
0.98023
0.979554
0.976823
0.9724
0.967078
0.961631
0.956775
0.952986
0.950459
0.949221
0.949251
0.950516
0.952941
0.95641
0.960923
0.9669
0.974835
0.983666
0.989713
0.979712
0.980035
0.979354
0.976688
0.972321
0.967037
0.961618
0.95676
0.952922
0.950306
0.948952
0.948853
0.949987
0.952282
0.955585
0.95978
0.965265
0.973041
0.982588
0.989581
0.979534
0.979858
0.979279
0.976851
0.972752
0.967718
0.962515
0.957799
0.954013
0.951362
0.949908
0.949655
0.950594
0.952659
0.955697
0.959525
0.964408
0.971728
0.981737
0.989567
0.979309
0.979689
0.979321
0.977325
0.973736
0.969192
0.964404
0.959983
0.956346
0.953712
0.952171
0.951724
0.952391
0.954108
0.95674
0.960082
0.964285
0.970966
0.981188
0.989647
0.979016
0.979477
0.979319
0.977794
0.974841
0.970972
0.966813
0.962901
0.959608
0.957142
0.955607
0.955003
0.95536
0.956628
0.958704
0.961447
0.964925
0.970746
0.980903
0.989825
0.97867
0.979234
0.979348
0.978374
0.976195
0.973176
0.969825
0.966587
0.96378
0.96159
0.960116
0.959376
0.959377
0.960108
0.961507
0.963508
0.966199
0.970984
0.980894
0.990106
0.978324
0.97888
0.979082
0.978507
0.977042
0.974926
0.972511
0.970125
0.967998
0.966274
0.965018
0.964265
0.963993
0.96423
0.964972
0.96621
0.968192
0.972067
0.981473
0.990583
0.97808
0.978757
0.979167
0.978932
0.978103
0.976825
0.975304
0.973737
0.972271
0.971014
0.970007
0.969294
0.968872
0.968767
0.969047
0.969684
0.97114
0.974118
0.982557
0.991184
0.97477
0.978015
0.978001
0.97788
0.977433
0.97684
0.976164
0.975535
0.974958
0.974532
0.97422
0.974078
0.974085
0.97423
0.974625
0.975131
0.976428
0.978688
0.985086
0.992216
0.982281
0.984422
0.985567
0.986253
0.986619
0.986847
0.986966
0.987087
0.987173
0.987307
0.987426
0.987607
0.987776
0.988005
0.988226
0.988533
0.988926
0.989756
0.991411
0.994324
)
;

boundaryField
{
    movingWall
    {
        type            fixedValue;
        value           uniform 1;
    }
    fixedWalls
    {
        type            zeroGradient;
    }
    frontAndBack
    {
        type            empty;
    }
}


// ************************************************************************* //
