/*--------------------------------*- C++ -*----------------------------------*\
| =========                 |                                                 |
| \\      /  F ield         | OpenFOAM: The Open Source CFD Toolbox           |
|  \\    /   O peration     | Version:  2212                                  |
|   \\  /    A nd           | Website:  www.openfoam.com                      |
|    \\/     M anipulation  |                                                 |
\*---------------------------------------------------------------------------*/
FoamFile
{
    version     2.0;
    format      ascii;
    arch        "LSB;label=32;scalar=64";
    class       volVectorField;
    location    "11.3";
    object      U;
}
// * * * * * * * * * * * * * * * * * * * * * * * * * * * * * * * * * * * * * //

dimensions      [0 1 -1 0 0 0 0];

internalField   nonuniform List<vector> 
400
(
(0.0016818 -0.00168379 0)
(0.00483875 -0.00189227 0)
(0.00659125 -0.00120074 0)
(0.00567494 -0.000575138 0)
(0.00157232 0.000183973 0)
(-0.00682913 0.00173939 0)
(-0.0206084 0.00478643 0)
(-0.0395418 0.00873625 0)
(-0.0608123 0.0112929 0)
(-0.0791391 0.0105126 0)
(-0.0898144 0.0067745 0)
(-0.0904646 0.00166885 0)
(-0.0802269 -0.0036167 0)
(-0.0599941 -0.0082752 0)
(-0.0335205 -0.0108474 0)
(-0.0052919 -0.00979538 0)
(0.0167247 -0.00477295 0)
(0.0244714 0.00277706 0)
(0.0161791 0.00647244 0)
(0.00431659 0.00471723 0)
(0.00172055 -0.00506531 0)
(0.00316283 -0.00403259 0)
(-0.000416869 0.000587711 0)
(-0.0113298 0.00644175 0)
(-0.0314263 0.0140504 0)
(-0.0611509 0.0237746 0)
(-0.0968488 0.0330627 0)
(-0.131463 0.0370937 0)
(-0.158976 0.0335182 0)
(-0.176108 0.0234016 0)
(-0.181455 0.0091091 0)
(-0.175083 -0.00699068 0)
(-0.157564 -0.0231752 0)
(-0.129653 -0.0369154 0)
(-0.0936156 -0.0445669 0)
(-0.0521944 -0.0418396 0)
(-0.0113994 -0.0263343 0)
(0.0168905 -0.00127853 0)
(0.0178727 0.0162245 0)
(0.00554231 0.0148204 0)
(-0.000239527 -0.00578073 0)
(-0.00538108 0.000801492 0)
(-0.0196096 0.0142996 0)
(-0.0445051 0.031237 0)
(-0.0803437 0.0494474 0)
(-0.122209 0.0643232 0)
(-0.162356 0.0705493 0)
(-0.19528 0.066031 0)
(-0.218874 0.0521925 0)
(-0.232542 0.0315343 0)
(-0.236298 0.0064158 0)
(-0.230812 -0.021115 0)
(-0.216397 -0.0488756 0)
(-0.192551 -0.0732301 0)
(-0.159011 -0.0890299 0)
(-0.115745 -0.0892322 0)
(-0.0645642 -0.0670301 0)
(-0.0138209 -0.022664 0)
(0.00948181 0.0179196 0)
(0.00415547 0.0235808 0)
(-0.00347202 0.000452888 0)
(-0.0175154 0.0172406 0)
(-0.0435181 0.0415025 0)
(-0.0796864 0.0681982 0)
(-0.122966 0.0911658 0)
(-0.165862 0.103854 0)
(-0.201936 0.102908 0)
(-0.229261 0.0896754 0)
(-0.248102 0.0673285 0)
(-0.259057 0.0385804 0)
(-0.262964 0.00531649 0)
(-0.260631 -0.0311197 0)
(-0.251997 -0.0684593 0)
(-0.236018 -0.103749 0)
(-0.210704 -0.131497 0)
(-0.173355 -0.142896 0)
(-0.121407 -0.125769 0)
(-0.056846 -0.0708537 0)
(-0.000986718 0.00356753 0)
(0.00474231 0.0282416 0)
(-0.00666312 0.014783 0)
(-0.0287317 0.044113 0)
(-0.0632946 0.0771 0)
(-0.10447 0.108929 0)
(-0.147294 0.13122 0)
(-0.184597 0.138208 0)
(-0.212938 0.129513 0)
(-0.232723 0.108754 0)
(-0.245242 0.0798018 0)
(-0.252219 0.0454491 0)
(-0.255338 0.00723942 0)
(-0.25552 -0.0340011 0)
(-0.252539 -0.0770889 0)
(-0.245856 -0.120695 0)
(-0.232659 -0.160832 0)
(-0.208334 -0.189042 0)
(-0.16683 -0.18999 0)
(-0.103454 -0.142885 0)
(-0.0221828 -0.0388533 0)
(0.00738225 0.0271025 0)
(-0.00851165 0.0348754 0)
(-0.0351808 0.0766449 0)
(-0.0731004 0.114964 0)
(-0.113277 0.147718 0)
(-0.150544 0.166052 0)
(-0.179411 0.165988 0)
(-0.198938 0.149776 0)
(-0.210687 0.122515 0)
(-0.216638 0.0885517 0)
(-0.21927 0.050873 0)
(-0.22054 0.0109546 0)
(-0.22144 -0.0307613 0)
(-0.222171 -0.0747272 0)
(-0.222843 -0.1213 0)
(-0.221269 -0.169248 0)
(-0.212365 -0.21308 0)
(-0.188043 -0.238608 0)
(-0.139699 -0.218556 0)
(-0.0628539 -0.118948 0)
(0.00584968 0.0142044 0)
(-0.00829405 0.0570104 0)
(-0.0353469 0.110022 0)
(-0.0718471 0.150513 0)
(-0.107093 0.181209 0)
(-0.136732 0.193904 0)
(-0.157142 0.186509 0)
(-0.169055 0.163344 0)
(-0.174596 0.130558 0)
(-0.176171 0.0929094 0)
(-0.176271 0.0534133 0)
(-0.176386 0.013314 0)
(-0.177186 -0.0273144 0)
(-0.179218 -0.0695849 0)
(-0.183025 -0.11474 0)
(-0.187971 -0.163874 0)
(-0.190439 -0.215843 0)
(-0.182549 -0.261694 0)
(-0.154297 -0.27521 0)
(-0.0994127 -0.20593 0)
(-0.00890855 -0.0146249 0)
(-0.00613691 0.0776097 0)
(-0.0297985 0.140578 0)
(-0.0614392 0.181255 0)
(-0.0899149 0.208375 0)
(-0.111929 0.214965 0)
(-0.125469 0.200638 0)
(-0.132161 0.171405 0)
(-0.134316 0.13424 0)
(-0.13438 0.094122 0)
(-0.134282 0.0537549 0)
(-0.13469 0.0138632 0)
(-0.135783 -0.0258933 0)
(-0.138015 -0.0664928 0)
(-0.142077 -0.109113 0)
(-0.148587 -0.155703 0)
(-0.15625 -0.208619 0)
(-0.159103 -0.265943 0)
(-0.146772 -0.308177 0)
(-0.112271 -0.277245 0)
(-0.0309702 -0.0753457 0)
(-0.00273097 0.0936325 0)
(-0.0204242 0.165675 0)
(-0.0451647 0.205651 0)
(-0.0663648 0.228647 0)
(-0.0816373 0.22961 0)
(-0.0901309 0.209623 0)
(-0.0937658 0.17587 0)
(-0.0946804 0.135831 0)
(-0.09496 0.0944821 0)
(-0.0957572 0.0540369 0)
(-0.097108 0.0145942 0)
(-0.0989181 -0.0245896 0)
(-0.101354 -0.0642443 0)
(-0.10492 -0.105019 0)
(-0.110764 -0.148503 0)
(-0.119623 -0.198623 0)
(-0.128373 -0.25985 0)
(-0.126543 -0.323511 0)
(-0.107495 -0.334813 0)
(-0.0373552 -0.163465 0)
(0.00121931 0.102781 0)
(-0.00894654 0.18352 0)
(-0.0256531 0.22321 0)
(-0.0396557 0.242835 0)
(-0.0491379 0.239601 0)
(-0.0540129 0.215627 0)
(-0.0559844 0.17887 0)
(-0.0566991 0.137172 0)
(-0.0576615 0.0954145 0)
(-0.0594047 0.0552772 0)
(-0.0616983 0.0163108 0)
(-0.0643989 -0.022496 0)
(-0.0674976 -0.0617489 0)
(-0.0711723 -0.101646 0)
(-0.0763553 -0.142856 0)
(-0.0846161 -0.188999 0)
(-0.096082 -0.248419 0)
(-0.100663 -0.324379 0)
(-0.0951827 -0.372282 0)
(-0.0309264 -0.242621 0)
(0.00511922 0.103949 0)
(0.00295742 0.193123 0)
(-0.00539189 0.233707 0)
(-0.0125105 0.25087 0)
(-0.0169026 0.244786 0)
(-0.0187906 0.218569 0)
(-0.0194798 0.180506 0)
(-0.020009 0.138429 0)
(-0.021308 0.0969699 0)
(-0.0235444 0.0574283 0)
(-0.0264336 0.0190831 0)
(-0.0299172 -0.0191706 0)
(-0.0340119 -0.0579871 0)
(-0.0386556 -0.0974169 0)
(-0.044394 -0.137376 0)
(-0.0524534 -0.180249 0)
(-0.0657694 -0.235721 0)
(-0.0742267 -0.318159 0)
(-0.0812035 -0.396788 0)
(-0.0229435 -0.307183 0)
(0.00845921 0.0974739 0)
(0.0142232 0.194116 0)
(0.0141062 0.237231 0)
(0.0137117 0.253651 0)
(0.0143346 0.246573 0)
(0.0155317 0.219865 0)
(0.0163915 0.181815 0)
(0.0164453 0.1401 0)
(0.0153076 0.0991579 0)
(0.0130306 0.0602286 0)
(0.00986282 0.0226276 0)
(0.0057544 -0.0147543 0)
(0.000562281 -0.0527015 0)
(-0.00556381 -0.0913097 0)
(-0.0130322 -0.130207 0)
(-0.0219794 -0.17039 0)
(-0.03772 -0.220767 0)
(-0.0487298 -0.30452 0)
(-0.0679046 -0.408531 0)
(-0.0144592 -0.360065 0)
(0.0103312 0.084493 0)
(0.0234231 0.18652 0)
(0.0310882 0.233354 0)
(0.037019 0.250196 0)
(0.0426819 0.243358 0)
(0.0476379 0.217573 0)
(0.0510762 0.18081 0)
(0.0527529 0.140402 0)
(0.0526224 0.100638 0)
(0.0508939 0.0628262 0)
(0.0477846 0.0264582 0)
(0.0431765 -0.00952208 0)
(0.0369022 -0.0460056 0)
(0.0290858 -0.0831465 0)
(0.0189291 -0.120577 0)
(0.00760205 -0.158521 0)
(-0.011814 -0.204479 0)
(-0.024236 -0.286523 0)
(-0.0558425 -0.411037 0)
(-0.00613707 -0.401912 0)
(0.00987995 0.0672392 0)
(0.0290355 0.170708 0)
(0.0443642 0.222261 0)
(0.0569092 0.241361 0)
(0.0682054 0.236435 0)
(0.077895 0.213073 0)
(0.0851188 0.178779 0)
(0.089576 0.140437 0)
(0.0913429 0.102274 0)
(0.0907193 0.0658342 0)
(0.0880348 0.0309808 0)
(0.0829855 -0.00330331 0)
(0.07547 -0.0375515 0)
(0.0657763 -0.0723384 0)
(0.0525219 -0.107468 0)
(0.0375857 -0.14282 0)
(0.0131404 -0.184306 0)
(8.68127e-05 -0.263283 0)
(-0.0447943 -0.406736 0)
(0.00276665 -0.436287 0)
(0.00693115 0.0493983 0)
(0.0293708 0.148982 0)
(0.0511238 0.203668 0)
(0.0700064 0.224591 0)
(0.0874865 0.221735 0)
(0.103185 0.201577 0)
(0.115859 0.170982 0)
(0.124828 0.136089 0)
(0.130002 0.100889 0)
(0.131625 0.0670569 0)
(0.129963 0.0348447 0)
(0.125039 0.00342789 0)
(0.116407 -0.0274736 0)
(0.104672 -0.0587172 0)
(0.0875744 -0.0903451 0)
(0.0683802 -0.122967 0)
(0.0383105 -0.160887 0)
(0.0238684 -0.237182 0)
(-0.0344355 -0.398981 0)
(0.0134766 -0.464442 0)
(0.0023876 0.0346257 0)
(0.0236462 0.123909 0)
(0.0509695 0.17997 0)
(0.0767074 0.202974 0)
(0.101378 0.202665 0)
(0.124267 0.186264 0)
(0.143727 0.160206 0)
(0.15854 0.129773 0)
(0.168289 0.0985774 0)
(0.173182 0.0683079 0)
(0.173159 0.0395617 0)
(0.168931 0.0119335 0)
(0.159093 -0.0149187 0)
(0.145357 -0.0417283 0)
(0.124048 -0.068775 0)
(0.100502 -0.0975796 0)
(0.0646401 -0.132735 0)
(0.0470164 -0.207475 0)
(-0.0226995 -0.387094 0)
(0.0285353 -0.485566 0)
(-0.00342644 0.0286111 0)
(0.0100756 0.101504 0)
(0.0371212 0.14871 0)
(0.0689929 0.169481 0)
(0.101894 0.170704 0)
(0.133621 0.158413 0)
(0.161625 0.137977 0)
(0.184177 0.113571 0)
(0.20023 0.0882807 0)
(0.210159 0.0636354 0)
(0.213085 0.0403806 0)
(0.210832 0.0183992 0)
(0.200566 -0.0026838 0)
(0.185931 -0.0233246 0)
(0.16111 -0.0439937 0)
(0.134485 -0.0677575 0)
(0.0929447 -0.101709 0)
(0.0698844 -0.180026 0)
(-0.00436299 -0.370059 0)
(0.0521635 -0.491644 0)
(-0.0140132 0.018515 0)
(-0.00751621 0.0881756 0)
(0.0192242 0.1242 0)
(0.0564642 0.13733 0)
(0.0976258 0.136924 0)
(0.138016 0.127742 0)
(0.174277 0.113085 0)
(0.204129 0.0953042 0)
(0.22603 0.0768291 0)
(0.241127 0.0586774 0)
(0.247164 0.0418017 0)
(0.248081 0.0261046 0)
(0.238739 0.0117379 0)
(0.226919 -0.00205566 0)
(0.201914 -0.0160978 0)
(0.177923 -0.035035 0)
(0.133568 -0.0678132 0)
(0.107847 -0.146007 0)
(0.0374754 -0.32612 0)
(0.0923688 -0.455871 0)
(-0.106021 0.0824164 0)
(-0.0777609 0.0689895 0)
(-0.0485677 0.0733714 0)
(0.00378446 0.0778932 0)
(0.0573048 0.0782284 0)
(0.110042 0.0739648 0)
(0.157217 0.0666293 0)
(0.199585 0.057224 0)
(0.2317 0.0475468 0)
(0.259856 0.0378889 0)
(0.275584 0.02922 0)
(0.29074 0.0212324 0)
(0.29109 0.0144734 0)
(0.295199 0.00808911 0)
(0.278892 0.00112012 0)
(0.271672 -0.0100173 0)
(0.232356 -0.0355717 0)
(0.218146 -0.0954207 0)
(0.150209 -0.229723 0)
(0.170672 -0.341455 0)
(0.129968 0.103744 0)
(0.158319 0.0752269 0)
(0.212163 0.0532265 0)
(0.270671 0.0416219 0)
(0.323248 0.0359125 0)
(0.375692 0.0319484 0)
(0.42029 0.0289164 0)
(0.465611 0.025581 0)
(0.498709 0.0229029 0)
(0.533961 0.0197104 0)
(0.5534 0.0175473 0)
(0.579211 0.0146093 0)
(0.585347 0.0131643 0)
(0.603685 0.0103452 0)
(0.595104 0.00938273 0)
(0.603603 0.0049991 0)
(0.567792 8.86703e-05 0)
(0.547612 -0.0183162 0)
(0.435689 -0.0504144 0)
(0.336753 -0.101385 0)
)
;

boundaryField
{
    movingWall
    {
        type            fixedValue;
        value           uniform (1 0 0);
    }
    fixedWalls
    {
        type            noSlip;
    }
    frontAndBack
    {
        type            empty;
    }
}


// ************************************************************************* //
