/*--------------------------------*- C++ -*----------------------------------*\
| =========                 |                                                 |
| \\      /  F ield         | OpenFOAM: The Open Source CFD Toolbox           |
|  \\    /   O peration     | Version:  2212                                  |
|   \\  /    A nd           | Website:  www.openfoam.com                      |
|    \\/     M anipulation  |                                                 |
\*---------------------------------------------------------------------------*/
FoamFile
{
    version     2.0;
    format      ascii;
    arch        "LSB;label=32;scalar=64";
    class       volScalarField;
    location    "13.8";
    object      p;
}
// * * * * * * * * * * * * * * * * * * * * * * * * * * * * * * * * * * * * * //

dimensions      [0 2 -2 0 0 0 0];

internalField   nonuniform List<scalar> 
400
(
2.31836e-07
-0.000150786
-0.000534872
-0.00107208
-0.00173281
-0.00249429
-0.00318542
-0.003598
-0.00356579
-0.00293451
-0.00154894
0.000619031
0.00324925
0.00551375
0.00653342
0.00592252
0.00400169
0.00214925
0.00111025
0.0010412
0.000116098
-5.83179e-05
-0.000377265
-0.000764442
-0.00124436
-0.0018885
-0.00270662
-0.00354396
-0.00408047
-0.00393889
-0.00284687
-0.00082526
0.00168901
0.00396058
0.00512436
0.00474273
0.0031026
0.00137435
0.000592757
0.000683802
0.000536214
0.000264744
-7.7549e-05
-0.00055991
-0.00134762
-0.00258103
-0.00421961
-0.0059843
-0.00740313
-0.00794447
-0.00726476
-0.00546252
-0.00289213
-0.000195107
0.0017913
0.0024273
0.00170836
0.000501648
-0.000396546
-0.000393254
0.00115173
0.000741041
0.00019165
-0.000775094
-0.0024515
-0.00493833
-0.00799573
-0.0111211
-0.013704
-0.0151777
-0.0152075
-0.0138406
-0.0112942
-0.00802968
-0.00475285
-0.00221035
-0.000871027
-0.000706871
-0.00128949
-0.00191881
0.00158313
0.000973524
-2.31105e-05
-0.00192442
-0.00500712
-0.00918068
-0.0139144
-0.0184805
-0.0222169
-0.0246537
-0.0255294
-0.0247236
-0.0223641
-0.0187441
-0.0143053
-0.00965635
-0.00559276
-0.00294956
-0.00219392
-0.00401864
0.00129319
0.000444834
-0.0011976
-0.00430478
-0.00900556
-0.0148813
-0.0210735
-0.0267161
-0.0311921
-0.0341794
-0.0355462
-0.0351903
-0.0331976
-0.0297193
-0.0249
-0.0189616
-0.0125059
-0.006949
-0.00440154
-0.00652486
-4.84931e-05
-0.00114776
-0.00349975
-0.00779729
-0.0139332
-0.0211151
-0.028237
-0.0344087
-0.0391297
-0.042233
-0.0437207
-0.0436114
-0.0419735
-0.0388795
-0.0343115
-0.0281578
-0.0205396
-0.0127035
-0.00785542
-0.00774861
-0.00245068
-0.00374242
-0.00669893
-0.0119139
-0.0190405
-0.0269827
-0.034505
-0.0407802
-0.0454519
-0.0484781
-0.0499408
-0.0499321
-0.0485313
-0.0457893
-0.0416631
-0.0359273
-0.0283262
-0.0193716
-0.0118229
-0.00798113
-0.00553787
-0.00691549
-0.010264
-0.0160225
-0.0236589
-0.0318904
-0.0394523
-0.045614
-0.0501386
-0.0530588
-0.054488
-0.0545281
-0.0532538
-0.0507268
-0.046963
-0.0418128
-0.0348685
-0.0259483
-0.0167097
-0.00999511
-0.00873401
-0.0100862
-0.0135981
-0.0195427
-0.0272871
-0.035488
-0.0429132
-0.048911
-0.0533108
-0.0561688
-0.0575928
-0.057664
-0.0564455
-0.0540123
-0.0504521
-0.0457613
-0.0396348
-0.0315247
-0.0223218
-0.0143404
-0.0115044
-0.0127582
-0.0162197
-0.0220548
-0.0296078
-0.0375895
-0.0448274
-0.0507004
-0.055044
-0.0578955
-0.0593379
-0.0594294
-0.0582201
-0.05579
-0.0522878
-0.0478532
-0.0424318
-0.0353833
-0.0271986
-0.0191799
-0.0135496
-0.014619
-0.0178562
-0.0233159
-0.0304315
-0.0380635
-0.0451186
-0.0509507
-0.0553301
-0.0582416
-0.0597293
-0.0598317
-0.0585896
-0.0560841
-0.0525165
-0.0481389
-0.0432075
-0.0370569
-0.0300324
-0.0224177
-0.0148376
-0.0155681
-0.0183521
-0.0232106
-0.0296938
-0.0368794
-0.0437653
-0.049641
-0.0541558
-0.057202
-0.0587711
-0.0588782
-0.0575588
-0.0549168
-0.0511779
-0.0466565
-0.041966
-0.0363006
-0.0302265
-0.0228963
-0.015468
-0.0157223
-0.0177775
-0.0217465
-0.02739
-0.034032
-0.040751
-0.0467412
-0.0514936
-0.054769
-0.056483
-0.056624
-0.0552023
-0.0523536
-0.0483467
-0.0435823
-0.038731
-0.0331417
-0.0280999
-0.0202795
-0.0155745
-0.0152983
-0.0163382
-0.0190879
-0.0236533
-0.0296344
-0.036172
-0.0423363
-0.0474282
-0.0510401
-0.0529808
-0.0531841
-0.0516916
-0.0485919
-0.0442271
-0.0390542
-0.0337821
-0.0280718
-0.0242317
-0.0143851
-0.0152769
-0.0145502
-0.0142609
-0.0154261
-0.018685
-0.0238948
-0.0302317
-0.0366151
-0.0421383
-0.0462017
-0.0484899
-0.0488669
-0.0473536
-0.0440213
-0.0392492
-0.0335191
-0.0276414
-0.0216294
-0.0180536
-0.00383295
-0.0146621
-0.0136183
-0.0117069
-0.0110811
-0.0129537
-0.0173804
-0.0235342
-0.0301707
-0.0361936
-0.0408119
-0.0435791
-0.0442621
-0.042851
-0.0393767
-0.0341855
-0.0276898
-0.0206823
-0.0132762
-0.00678574
0.016053
-0.0145833
-0.0126572
-0.00864854
-0.00623468
-0.00691014
-0.0107459
-0.016818
-0.0237402
-0.0302989
-0.0355396
-0.038904
-0.0400354
-0.0388779
-0.0354483
-0.029896
-0.0222759
-0.0128726
-0.000688092
0.0166951
0.0570639
-0.0117947
-0.0118308
-0.00572615
-0.00177506
-0.00176504
-0.0054048
-0.0115753
-0.0188151
-0.0258758
-0.0316878
-0.0356626
-0.0373622
-0.0366856
-0.0333556
-0.0272243
-0.0175416
-0.00314819
0.0204904
0.0607045
0.129821
-0.0295169
-0.0106298
-0.000608913
0.00308078
0.00244821
-0.00155707
-0.00799956
-0.0155535
-0.0229764
-0.029174
-0.0335322
-0.0355883
-0.0352014
-0.031956
-0.0252277
-0.0128601
0.00942265
0.0511716
0.122878
0.226076
)
;

boundaryField
{
    movingWall
    {
        type            zeroGradient;
    }
    fixedWalls
    {
        type            zeroGradient;
    }
    frontAndBack
    {
        type            empty;
    }
}


// ************************************************************************* //
