/*--------------------------------*- C++ -*----------------------------------*\
| =========                 |                                                 |
| \\      /  F ield         | OpenFOAM: The Open Source CFD Toolbox           |
|  \\    /   O peration     | Version:  2212                                  |
|   \\  /    A nd           | Website:  www.openfoam.com                      |
|    \\/     M anipulation  |                                                 |
\*---------------------------------------------------------------------------*/
FoamFile
{
    version     2.0;
    format      ascii;
    arch        "LSB;label=32;scalar=64";
    class       volScalarField;
    location    "13.8";
    object      T;
}
// * * * * * * * * * * * * * * * * * * * * * * * * * * * * * * * * * * * * * //

dimensions      [0 0 0 1 0 0 0];

internalField   nonuniform List<scalar> 
400
(
0.951057
0.952104
0.954233
0.957383
0.961055
0.964403
0.966801
0.968194
0.968945
0.969456
0.969919
0.970398
0.97091
0.971439
0.971903
0.972167
0.972015
0.971213
0.96989
0.968806
0.952399
0.953683
0.956258
0.959943
0.963841
0.966713
0.968118
0.96861
0.968781
0.968909
0.969168
0.96966
0.97042
0.971405
0.972416
0.973149
0.973139
0.972035
0.970299
0.969049
0.954495
0.956221
0.959423
0.963278
0.966311
0.967599
0.967558
0.966954
0.966197
0.965624
0.965528
0.966112
0.967385
0.969307
0.971531
0.973547
0.974505
0.973553
0.971051
0.9695
0.956549
0.958731
0.962221
0.965347
0.966684
0.966107
0.964435
0.962304
0.960198
0.95864
0.958032
0.958709
0.960586
0.963705
0.967638
0.971774
0.97498
0.975763
0.97299
0.970556
0.958129
0.960572
0.963792
0.965539
0.964879
0.9623
0.958691
0.954714
0.951078
0.948426
0.947228
0.947876
0.950266
0.954484
0.960148
0.966647
0.97284
0.976962
0.976475
0.972517
0.95917
0.961601
0.964094
0.964162
0.96144
0.956797
0.951169
0.945388
0.940348
0.936731
0.935014
0.935509
0.938208
0.943159
0.950114
0.95855
0.967469
0.975219
0.979069
0.975388
0.959748
0.96192
0.963428
0.961796
0.957155
0.950602
0.943175
0.935919
0.929831
0.925574
0.923545
0.923904
0.926701
0.931956
0.939578
0.949247
0.960156
0.970782
0.978683
0.979506
0.959993
0.961786
0.962307
0.959186
0.952897
0.944716
0.935848
0.927527
0.920781
0.916202
0.914053
0.914357
0.917124
0.922351
0.930061
0.940225
0.952408
0.96524
0.976197
0.98171
0.960011
0.961397
0.961052
0.956746
0.949181
0.939786
0.929912
0.920906
0.913785
0.909056
0.906858
0.907139
0.909848
0.914923
0.92238
0.932403
0.945112
0.959606
0.973009
0.980717
0.959887
0.960937
0.960002
0.954957
0.946569
0.936371
0.925838
0.916392
0.909026
0.904168
0.901882
0.9021
0.904743
0.909688
0.916836
0.92637
0.938902
0.954395
0.970125
0.979965
0.95967
0.960485
0.959222
0.953827
0.945046
0.93448
0.923672
0.91404
0.906528
0.901522
0.89907
0.899128
0.901634
0.906439
0.913314
0.922261
0.934121
0.949882
0.967445
0.979485
0.959387
0.960092
0.958818
0.953555
0.944888
0.934399
0.923645
0.914009
0.906402
0.901217
0.898535
0.898339
0.900586
0.905133
0.911678
0.919995
0.930874
0.946315
0.965299
0.979223
0.959033
0.959734
0.958658
0.953874
0.945741
0.935751
0.925424
0.91607
0.908564
0.903311
0.90043
0.899927
0.901788
0.90588
0.9119
0.919489
0.929171
0.943704
0.963606
0.979194
0.958585
0.959386
0.958728
0.954806
0.947692
0.938673
0.929172
0.9204
0.913187
0.907967
0.904912
0.904027
0.905349
0.908751
0.913968
0.920593
0.928927
0.942188
0.962512
0.979354
0.957997
0.958955
0.958707
0.955726
0.949882
0.942207
0.933953
0.926188
0.919656
0.914766
0.911723
0.910525
0.911232
0.913747
0.917862
0.923299
0.930194
0.941748
0.961944
0.979709
0.957301
0.958458
0.958743
0.956859
0.952558
0.946576
0.939928
0.933502
0.927933
0.923588
0.920664
0.919195
0.919197
0.920646
0.92342
0.927387
0.932722
0.942219
0.961926
0.980267
0.956607
0.957745
0.9582
0.957107
0.954227
0.95004
0.945253
0.94052
0.9363
0.93288
0.930386
0.928893
0.928352
0.928821
0.930291
0.932745
0.936676
0.944368
0.963077
0.981218
0.956118
0.95749
0.95835
0.957926
0.956312
0.953793
0.950783
0.94768
0.944772
0.94228
0.94028
0.938866
0.938028
0.937819
0.938373
0.939636
0.942527
0.948441
0.965232
0.982417
0.949524
0.956038
0.956036
0.955823
0.954956
0.953793
0.952461
0.951221
0.950081
0.94924
0.948624
0.948345
0.948363
0.948654
0.949442
0.95045
0.953032
0.957529
0.970266
0.98447
0.964544
0.968833
0.971131
0.972511
0.973251
0.973716
0.973961
0.974211
0.974387
0.974661
0.974903
0.975268
0.975607
0.976067
0.976511
0.977126
0.977911
0.979565
0.982862
0.988671
)
;

boundaryField
{
    movingWall
    {
        type            fixedValue;
        value           uniform 1;
    }
    fixedWalls
    {
        type            zeroGradient;
    }
    frontAndBack
    {
        type            empty;
    }
}


// ************************************************************************* //
