/*--------------------------------*- C++ -*----------------------------------*\
| =========                 |                                                 |
| \\      /  F ield         | OpenFOAM: The Open Source CFD Toolbox           |
|  \\    /   O peration     | Version:  2212                                  |
|   \\  /    A nd           | Website:  www.openfoam.com                      |
|    \\/     M anipulation  |                                                 |
\*---------------------------------------------------------------------------*/
FoamFile
{
    version     2.0;
    format      ascii;
    arch        "LSB;label=32;scalar=64";
    class       surfaceScalarField;
    location    "3.1";
    object      phi;
}
// * * * * * * * * * * * * * * * * * * * * * * * * * * * * * * * * * * * * * //

dimensions      [0 3 -1 0 0 0 0];

oriented        oriented;

internalField   nonuniform List<scalar> 
760
(
1.46112e-07
-1.46113e-07
2.72507e-07
-1.26396e-07
2.84178e-07
-1.16702e-08
1.59071e-07
1.25107e-07
-1.37484e-07
2.96555e-07
-6.66022e-07
5.28537e-07
-1.45748e-06
7.91458e-07
-2.43159e-06
9.74111e-07
-3.3967e-06
9.65109e-07
-4.12669e-06
7.29992e-07
-4.45457e-06
3.27878e-07
-4.28389e-06
-1.70678e-07
-3.55378e-06
-7.30112e-07
-2.37365e-06
-1.18012e-06
-9.67496e-07
-1.40616e-06
2.97727e-07
-1.26522e-06
1.0388e-06
-7.41077e-07
9.99828e-07
3.89767e-08
4.48751e-07
5.51077e-07
4.48752e-07
1.08995e-07
-2.55108e-07
4.67387e-08
-6.41399e-08
-3.19751e-07
3.5482e-07
-1.07808e-06
8.83437e-07
-2.27333e-06
1.4918e-06
-3.83282e-06
2.08803e-06
-5.52146e-06
2.4801e-06
-7.03733e-06
2.48998e-06
-8.15621e-06
2.08399e-06
-8.7647e-06
1.33848e-06
-8.81367e-06
3.76846e-07
-8.27774e-06
-7.06608e-07
-7.18752e-06
-1.82033e-06
-5.57408e-06
-2.79356e-06
-3.5779e-06
-3.40234e-06
-1.49768e-06
-3.34545e-06
1.46186e-07
-2.38494e-06
8.27892e-07
-6.42729e-07
5.12109e-07
8.66861e-07
9.6086e-07
-1.37322e-07
-1.17786e-07
-6.38199e-07
4.36737e-07
-1.60064e-06
1.31727e-06
-3.06641e-06
2.3492e-06
-4.92245e-06
3.34784e-06
-6.88747e-06
4.05305e-06
-8.65547e-06
4.2481e-06
-1.00437e-05
3.87825e-06
-1.09953e-05
3.03554e-06
-1.15e-05
1.84315e-06
-1.15099e-05
3.86763e-07
-1.1069e-05
-1.14753e-06
-1.01614e-05
-2.72789e-06
-8.73337e-06
-4.22159e-06
-6.76412e-06
-5.37159e-06
-4.34193e-06
-5.76764e-06
-1.85922e-06
-4.86765e-06
-9.39841e-08
-2.40796e-06
2.89381e-07
4.83496e-07
1.25024e-06
-4.90975e-07
3.73189e-07
-1.52199e-06
1.46776e-06
-3.031e-06
2.82627e-06
-4.93211e-06
4.25031e-06
-6.9823e-06
5.39804e-06
-8.88496e-06
5.95571e-06
-1.04372e-05
5.80032e-06
-1.15891e-05
5.03015e-06
-1.23648e-05
3.81129e-06
-1.27979e-05
2.27617e-06
-1.28754e-05
4.64268e-07
-1.26495e-05
-1.3734e-06
-1.20861e-05
-3.29132e-06
-1.10835e-05
-5.22415e-06
-9.51138e-06
-6.94371e-06
-7.24632e-06
-8.0327e-06
-4.32872e-06
-7.78525e-06
-1.36128e-06
-5.37541e-06
1.1657e-07
-9.94351e-07
1.36681e-06
-8.33731e-07
1.20692e-06
-2.28436e-06
2.91838e-06
-4.09617e-06
4.63808e-06
-6.08848e-06
6.24262e-06
-7.99278e-06
7.30234e-06
-9.5881e-06
7.55103e-06
-1.07911e-05
7.00333e-06
-1.16222e-05
5.86128e-06
-1.21408e-05
4.32987e-06
-1.24188e-05
2.55416e-06
-1.25439e-05
5.8933e-07
-1.25097e-05
-1.40753e-06
-1.23051e-05
-3.49597e-06
-1.18495e-05
-5.67968e-06
-1.0957e-05
-7.83622e-06
-9.34165e-06
-9.64809e-06
-6.711e-06
-1.04159e-05
-3.16941e-06
-8.917e-06
-2.60427e-07
-3.90334e-06
1.10638e-06
-1.04482e-06
2.25174e-06
-2.68532e-06
4.55888e-06
-4.52309e-06
6.47585e-06
-6.33814e-06
8.05766e-06
-7.9115e-06
8.8757e-06
-9.10835e-06
8.74787e-06
-9.91666e-06
7.81164e-06
-1.03966e-05
6.34124e-06
-1.06368e-05
4.57003e-06
-1.07376e-05
2.65496e-06
-1.08202e-05
6.71949e-07
-1.08808e-05
-1.34688e-06
-1.09308e-05
-3.44605e-06
-1.09394e-05
-5.67106e-06
-1.07505e-05
-8.02516e-06
-1.00353e-05
-1.03632e-05
-8.3044e-06
-1.21468e-05
-5.15382e-06
-1.20676e-05
-1.13921e-06
-7.91795e-06
-3.2825e-08
-1.06451e-06
3.31626e-06
-2.6574e-06
6.15176e-06
-4.30878e-06
8.12723e-06
-5.81227e-06
9.56116e-06
-7.00915e-06
1.00726e-05
-7.8309e-06
9.56962e-06
-8.30762e-06
8.28836e-06
-8.52231e-06
6.55593e-06
-8.57817e-06
4.62589e-06
-8.57525e-06
2.65205e-06
-8.60067e-06
6.97362e-07
-8.67837e-06
-1.26917e-06
-8.82728e-06
-3.29714e-06
-9.0575e-06
-5.44084e-06
-9.30761e-06
-7.77505e-06
-9.33982e-06
-1.0331e-05
-8.6327e-06
-1.2854e-05
-6.43962e-06
-1.42607e-05
-2.37866e-06
-1.19789e-05
-2.41148e-06
-8.95297e-07
4.21155e-06
-2.26044e-06
7.51691e-06
-3.61158e-06
9.47837e-06
-4.76678e-06
1.07164e-05
-5.6235e-06
1.09293e-05
-6.15887e-06
1.0105e-05
-6.42396e-06
8.55344e-06
-6.50718e-06
6.63915e-06
-6.50631e-06
4.62502e-06
-6.49875e-06
2.64449e-06
-6.52563e-06
7.24235e-07
-6.6063e-06
-1.1885e-06
-6.76342e-06
-3.14002e-06
-7.02795e-06
-5.17631e-06
-7.41405e-06
-7.38895e-06
-7.82278e-06
-9.92226e-06
-7.83504e-06
-1.28417e-05
-6.63376e-06
-1.54619e-05
-3.52228e-06
-1.50904e-05
-5.93376e-06
-5.96494e-07
4.80805e-06
-1.62416e-06
8.54457e-06
-2.63095e-06
1.04852e-05
-3.45181e-06
1.15372e-05
-4.02881e-06
1.15063e-05
-4.36757e-06
1.04437e-05
-4.52307e-06
8.70894e-06
-4.57292e-06
6.68901e-06
-4.59182e-06
4.64391e-06
-4.62746e-06
2.68014e-06
-4.69278e-06
7.89552e-07
-4.79525e-06
-1.08603e-06
-4.94658e-06
-2.98869e-06
-5.17732e-06
-4.94557e-06
-5.54358e-06
-7.02269e-06
-6.05421e-06
-9.41162e-06
-6.47763e-06
-1.24183e-05
-6.06457e-06
-1.5875e-05
-3.8761e-06
-1.72789e-05
-9.80986e-06
-2.2038e-07
5.02843e-06
-8.58792e-07
9.18298e-06
-1.5129e-06
1.11393e-05
-2.02933e-06
1.20536e-05
-2.37797e-06
1.1855e-05
-2.58059e-06
1.06464e-05
-2.68408e-06
8.81243e-06
-2.74209e-06
6.74701e-06
-2.80139e-06
4.70321e-06
-2.88625e-06
2.76499e-06
-3e-06
9.0331e-07
-3.14244e-06
-9.43592e-07
-3.3149e-06
-2.81623e-06
-3.5319e-06
-4.72856e-06
-3.84895e-06
-6.70564e-06
-4.34836e-06
-8.91222e-06
-4.96611e-06
-1.18005e-05
-5.08487e-06
-1.57562e-05
-3.53142e-06
-1.88323e-05
-1.33413e-05
1.5794e-07
4.87049e-06
-6.61227e-08
9.40705e-06
-3.89444e-07
1.14626e-05
-6.32474e-07
1.22967e-05
-7.79171e-07
1.20016e-05
-8.59572e-07
1.07268e-05
-9.13617e-07
8.86648e-06
-9.74555e-07
6.80795e-06
-1.06004e-06
4.7887e-06
-1.17791e-06
2.88286e-06
-1.32974e-06
1.05514e-06
-1.51725e-06
-7.5608e-07
-1.74003e-06
-2.59345e-06
-1.99772e-06
-4.47087e-06
-2.32231e-06
-6.38105e-06
-2.81241e-06
-8.42211e-06
-3.52537e-06
-1.10876e-05
-4.00718e-06
-1.52744e-05
-3.01352e-06
-1.9826e-05
-1.63548e-05
4.78539e-07
4.39195e-06
6.69729e-07
9.21586e-06
7.12083e-07
1.14202e-05
7.50072e-07
1.22587e-05
8.00555e-07
1.19512e-05
8.36448e-07
1.06909e-05
8.35653e-07
8.86727e-06
7.88689e-07
6.85492e-06
6.97429e-07
4.87996e-06
5.64898e-07
3.01539e-06
3.87738e-07
1.2323e-06
1.59828e-07
-5.28169e-07
-1.21039e-07
-2.31258e-06
-4.62415e-07
-4.1295e-06
-8.71628e-07
-5.97184e-06
-1.4008e-06
-7.89294e-06
-2.19761e-06
-1.02907e-05
-2.95853e-06
-1.45135e-05
-2.46375e-06
-2.03208e-05
-1.88185e-05
7.18806e-07
3.67314e-06
1.29471e-06
8.63995e-06
1.67647e-06
1.10385e-05
2.00161e-06
1.19335e-05
2.27649e-06
1.16763e-05
2.46714e-06
1.05002e-05
2.56145e-06
8.77296e-06
2.56881e-06
6.84755e-06
2.50458e-06
4.94419e-06
2.37868e-06
3.14129e-06
2.18655e-06
1.42442e-06
1.91406e-06
-2.55673e-07
1.5593e-06
-1.95783e-06
1.11769e-06
-3.68789e-06
5.83039e-07
-5.43719e-06
-1.01481e-07
-7.20842e-06
-9.8084e-07
-9.41139e-06
-1.94764e-06
-1.35467e-05
-1.93885e-06
-2.03296e-05
-2.07574e-05
8.24472e-07
2.84867e-06
1.72645e-06
7.73797e-06
2.44523e-06
1.03197e-05
3.07314e-06
1.13056e-05
3.61548e-06
1.11339e-05
4.02538e-06
1.00903e-05
4.28262e-06
8.51572e-06
4.39933e-06
6.73084e-06
4.39979e-06
4.94373e-06
4.30157e-06
3.23951e-06
4.10443e-06
1.62157e-06
3.78727e-06
6.14854e-08
3.35271e-06
-1.52327e-06
2.78494e-06
-3.12012e-06
2.08206e-06
-4.73431e-06
1.25793e-06
-6.38429e-06
2.15761e-07
-8.36923e-06
-1.00415e-06
-1.23268e-05
-1.44911e-06
-1.98846e-05
-2.22065e-05
7.60944e-07
2.08773e-06
1.85676e-06
6.64215e-06
2.86369e-06
9.31279e-06
3.81351e-06
1.03558e-05
4.67607e-06
1.02714e-05
5.38243e-06
9.38396e-06
5.88945e-06
8.00871e-06
6.19772e-06
6.42258e-06
6.32904e-06
4.81241e-06
6.30432e-06
3.26422e-06
6.12599e-06
1.79991e-06
5.78493e-06
4.02542e-07
5.26042e-06
-9.9876e-07
4.55199e-06
-2.41169e-06
3.65224e-06
-3.83456e-06
2.58912e-06
-5.32117e-06
1.31412e-06
-7.09423e-06
-1.97644e-07
-1.0815e-05
-9.45265e-07
-1.9137e-05
-2.31518e-05
5.42835e-07
1.54489e-06
1.66519e-06
5.5198e-06
2.954e-06
8.02397e-06
4.26529e-06
9.04452e-06
5.50291e-06
9.03376e-06
6.56662e-06
8.32025e-06
7.38756e-06
7.18776e-06
7.95029e-06
5.85985e-06
8.26707e-06
4.49563e-06
8.35673e-06
3.17456e-06
8.22725e-06
1.92938e-06
7.87797e-06
7.51825e-07
7.26678e-06
-3.8757e-07
6.40943e-06
-1.55435e-06
5.293e-06
-2.71812e-06
3.95982e-06
-3.98798e-06
2.46913e-06
-5.60354e-06
8.78832e-07
-9.22473e-06
-1.81223e-07
-1.80769e-05
-2.3333e-05
1.32025e-07
1.41287e-06
9.63097e-07
4.68873e-06
2.38268e-06
6.60439e-06
4.05117e-06
7.37603e-06
5.72965e-06
7.35528e-06
7.23211e-06
6.8178e-06
8.45319e-06
5.96668e-06
9.36082e-06
4.95222e-06
9.94891e-06
3.90754e-06
1.02309e-05
2.89262e-06
1.02126e-05
1.94768e-06
9.90113e-06
1.06325e-06
9.26222e-06
2.5134e-07
8.30018e-06
-5.92296e-07
7.01793e-06
-1.43588e-06
5.46329e-06
-2.43334e-06
3.79137e-06
-3.93163e-06
2.16793e-06
-7.60129e-06
6.24732e-07
-1.65337e-05
-2.27083e-05
-5.02836e-07
1.9157e-06
1.69747e-07
4.01614e-06
1.6559e-06
5.11824e-06
3.6471e-06
5.38483e-06
5.73908e-06
5.2633e-06
7.65107e-06
4.90581e-06
9.24453e-06
4.37322e-06
1.0477e-05
3.71978e-06
1.13287e-05
3.05582e-06
1.18176e-05
2.40367e-06
1.19487e-05
1.81666e-06
1.1743e-05
1.26891e-06
1.1217e-05
7.77362e-07
1.03544e-05
2.70305e-07
9.1587e-06
-2.4021e-07
7.69199e-06
-9.66627e-07
6.14164e-06
-2.38128e-06
4.38817e-06
-5.84782e-06
2.02692e-06
-1.41725e-05
-2.06813e-05
-4.16402e-06
6.07972e-06
-3.63695e-06
3.48908e-06
-1.28944e-06
2.77072e-06
1.44593e-06
2.64946e-06
4.1225e-06
2.58673e-06
6.60143e-06
2.42689e-06
8.77428e-06
2.20037e-06
1.05818e-05
1.91228e-06
1.2006e-05
1.63158e-06
1.30727e-05
1.337e-06
1.37985e-05
1.09081e-06
1.42269e-05
8.40589e-07
1.43483e-05
6.55889e-07
1.41766e-05
4.4205e-07
1.36929e-05
2.43533e-07
1.29117e-05
-1.85467e-07
1.18319e-05
-1.30145e-06
1.00739e-05
-4.08989e-06
5.62199e-06
-9.72055e-06
-1.50593e-05
6.07972e-06
9.5688e-06
1.23395e-05
1.4989e-05
1.75757e-05
2.00026e-05
2.2203e-05
2.41152e-05
2.57468e-05
2.70838e-05
2.81746e-05
2.90152e-05
2.96711e-05
3.01132e-05
3.03567e-05
3.01712e-05
2.88698e-05
2.47799e-05
1.50593e-05
)
;

boundaryField
{
    movingWall
    {
        type            calculated;
        value           uniform 0;
    }
    fixedWalls
    {
        type            calculated;
        value           uniform 0;
    }
    frontAndBack
    {
        type            empty;
        value           nonuniform List<scalar> 0();
    }
}


// ************************************************************************* //
