/*--------------------------------*- C++ -*----------------------------------*\
| =========                 |                                                 |
| \\      /  F ield         | OpenFOAM: The Open Source CFD Toolbox           |
|  \\    /   O peration     | Version:  2212                                  |
|   \\  /    A nd           | Website:  www.openfoam.com                      |
|    \\/     M anipulation  |                                                 |
\*---------------------------------------------------------------------------*/
FoamFile
{
    version     2.0;
    format      ascii;
    arch        "LSB;label=32;scalar=64";
    class       volScalarField;
    location    "14.5";
    object      T;
}
// * * * * * * * * * * * * * * * * * * * * * * * * * * * * * * * * * * * * * //

dimensions      [0 0 0 1 0 0 0];

internalField   nonuniform List<scalar> 
400
(
0.957379
0.958284
0.960122
0.962844
0.96602
0.968918
0.970998
0.972209
0.972864
0.97331
0.973715
0.974134
0.974583
0.975046
0.975453
0.975688
0.975558
0.974863
0.973715
0.972774
0.958536
0.959647
0.961872
0.965058
0.968432
0.97092
0.972141
0.972569
0.972716
0.972826
0.973052
0.973483
0.974148
0.97501
0.975897
0.976542
0.976539
0.975581
0.974072
0.972986
0.960345
0.961838
0.964607
0.967943
0.970569
0.971684
0.971645
0.971113
0.970449
0.969946
0.969861
0.970372
0.971486
0.973169
0.975116
0.976884
0.977727
0.976904
0.974728
0.973379
0.962118
0.964005
0.967026
0.96973
0.970883
0.970373
0.968907
0.967039
0.965195
0.963831
0.963299
0.96389
0.965533
0.968263
0.971705
0.975326
0.978134
0.978828
0.976418
0.9743
0.963481
0.965595
0.968378
0.969884
0.969298
0.967038
0.963877
0.960395
0.957213
0.954891
0.953842
0.95441
0.956502
0.960194
0.96515
0.970837
0.976256
0.979866
0.979453
0.976008
0.964378
0.966479
0.96863
0.968672
0.966286
0.96222
0.957292
0.952233
0.947821
0.944654
0.943151
0.943585
0.945948
0.950282
0.95637
0.963752
0.971556
0.978337
0.981709
0.978508
0.964874
0.966748
0.968039
0.966598
0.962534
0.956797
0.950295
0.943943
0.938613
0.934886
0.933109
0.933423
0.935873
0.940475
0.947148
0.955612
0.965158
0.974455
0.981366
0.982094
0.965081
0.966625
0.967054
0.964313
0.958806
0.951644
0.943881
0.936595
0.930688
0.926678
0.924796
0.925063
0.927487
0.932065
0.938816
0.947715
0.958378
0.969607
0.979192
0.984012
0.965092
0.966281
0.965954
0.962177
0.955553
0.947328
0.938683
0.930798
0.924561
0.920419
0.918494
0.918741
0.921114
0.92556
0.932091
0.940867
0.951993
0.964677
0.976403
0.983144
0.964981
0.965877
0.965035
0.96061
0.953268
0.944338
0.935116
0.926845
0.920393
0.916137
0.914135
0.914326
0.916642
0.920975
0.927236
0.935586
0.946558
0.960118
0.97388
0.982486
0.964789
0.965482
0.964353
0.959622
0.951934
0.942683
0.93322
0.924784
0.918205
0.91382
0.911672
0.911723
0.913919
0.918129
0.924151
0.931988
0.942373
0.956169
0.971536
0.982066
0.964541
0.965139
0.964002
0.959385
0.951796
0.942612
0.933196
0.924757
0.918095
0.913553
0.911204
0.911033
0.913002
0.916985
0.922719
0.930004
0.939531
0.953048
0.969658
0.981837
0.964231
0.964828
0.963865
0.959666
0.952544
0.943796
0.934754
0.926563
0.919989
0.915387
0.912864
0.912424
0.914054
0.91764
0.922913
0.929561
0.93804
0.950763
0.968177
0.981812
0.963839
0.964527
0.96393
0.960485
0.954253
0.946356
0.938036
0.930355
0.924039
0.919467
0.916791
0.916016
0.917175
0.920155
0.924725
0.930528
0.937827
0.949437
0.967221
0.981952
0.963327
0.964153
0.963917
0.961294
0.956171
0.94945
0.942223
0.935425
0.929704
0.925422
0.922757
0.921708
0.922328
0.924531
0.928135
0.932898
0.938937
0.949053
0.966724
0.982262
0.962719
0.963721
0.963955
0.962291
0.958518
0.953277
0.947456
0.94183
0.936953
0.933148
0.930588
0.929302
0.929304
0.930574
0.933004
0.936478
0.941151
0.949466
0.966709
0.982751
0.962114
0.9631
0.963483
0.962513
0.959983
0.956313
0.95212
0.947975
0.94428
0.941286
0.939103
0.937795
0.937322
0.937733
0.939021
0.941171
0.944613
0.951347
0.967717
0.983582
0.961687
0.96288
0.96362
0.963236
0.961815
0.959604
0.956966
0.954247
0.951701
0.949518
0.947767
0.94653
0.945796
0.945613
0.946099
0.947205
0.949736
0.954913
0.969602
0.98463
0.955921
0.961603
0.961594
0.9614
0.960635
0.959613
0.958444
0.957356
0.956356
0.955619
0.955078
0.954834
0.954848
0.955102
0.95579
0.956672
0.958931
0.962864
0.974005
0.986426
0.969039
0.972783
0.974788
0.975991
0.976634
0.977038
0.97725
0.977466
0.977619
0.977857
0.978067
0.978385
0.978681
0.979082
0.979469
0.980006
0.980692
0.982138
0.985021
0.990099
)
;

boundaryField
{
    movingWall
    {
        type            fixedValue;
        value           uniform 1;
    }
    fixedWalls
    {
        type            zeroGradient;
    }
    frontAndBack
    {
        type            empty;
    }
}


// ************************************************************************* //
