/*--------------------------------*- C++ -*----------------------------------*\
| =========                 |                                                 |
| \\      /  F ield         | OpenFOAM: The Open Source CFD Toolbox           |
|  \\    /   O peration     | Version:  2212                                  |
|   \\  /    A nd           | Website:  www.openfoam.com                      |
|    \\/     M anipulation  |                                                 |
\*---------------------------------------------------------------------------*/
FoamFile
{
    version     2.0;
    format      ascii;
    arch        "LSB;label=32;scalar=64";
    class       surfaceScalarField;
    location    "2.3";
    object      phi;
}
// * * * * * * * * * * * * * * * * * * * * * * * * * * * * * * * * * * * * * //

dimensions      [0 3 -1 0 0 0 0];

oriented        oriented;

internalField   nonuniform List<scalar> 
760
(
1.20088e-07
-1.2009e-07
2.1673e-07
-9.66416e-08
2.15923e-07
8.07261e-10
9.61303e-08
1.19792e-07
-1.79078e-07
2.75209e-07
-6.63141e-07
4.84063e-07
-1.38541e-06
7.22266e-07
-2.28232e-06
8.96918e-07
-3.18542e-06
9.03097e-07
-3.88385e-06
6.98432e-07
-4.21133e-06
3.27473e-07
-4.07199e-06
-1.39334e-07
-3.39779e-06
-6.74201e-07
-2.29089e-06
-1.1069e-06
-9.6405e-07
-1.32684e-06
2.34393e-07
-1.19844e-06
9.4666e-07
-7.12267e-07
9.28006e-07
1.86544e-08
4.19789e-07
5.08217e-07
4.19789e-07
6.81043e-08
-1.88194e-07
-2.4663e-08
-3.87366e-09
-3.73303e-07
3.49448e-07
-1.06695e-06
8.13437e-07
-2.15392e-06
1.36218e-06
-3.58559e-06
1.91573e-06
-5.1662e-06
2.30287e-06
-6.61967e-06
2.35039e-06
-7.71834e-06
2.00177e-06
-8.33536e-06
1.31546e-06
-8.41546e-06
4.07576e-07
-7.92594e-06
-6.28854e-07
-6.89654e-06
-1.7036e-06
-5.3584e-06
-2.64504e-06
-3.44878e-06
-3.23646e-06
-1.45706e-06
-3.19016e-06
1.14309e-07
-2.28364e-06
7.74264e-07
-6.413e-07
4.84123e-07
7.98358e-07
9.03912e-07
-1.61346e-07
-2.6848e-08
-6.41677e-07
4.76457e-07
-1.52655e-06
1.23432e-06
-2.86255e-06
2.14944e-06
-4.576e-06
3.07563e-06
-6.43393e-06
3.77367e-06
-8.14987e-06
4.01881e-06
-9.52846e-06
3.72897e-06
-1.04917e-05
2.96501e-06
-1.10183e-05
1.84207e-06
-1.10648e-05
4.54011e-07
-1.06564e-05
-1.03723e-06
-9.78813e-06
-2.57185e-06
-8.41077e-06
-4.02241e-06
-6.50576e-06
-5.14146e-06
-4.16839e-06
-5.52754e-06
-1.7795e-06
-4.67253e-06
-9.00139e-08
-2.33078e-06
2.81063e-07
4.27282e-07
1.18498e-06
-4.61024e-07
4.34176e-07
-1.41559e-06
1.43103e-06
-2.79751e-06
2.61624e-06
-4.55811e-06
3.91004e-06
-6.50276e-06
5.02028e-06
-8.3603e-06
5.6312e-06
-9.91857e-06
5.57707e-06
-1.10983e-05
4.9087e-06
-1.19076e-05
3.77437e-06
-1.23722e-05
2.30662e-06
-1.24788e-05
5.60595e-07
-1.22708e-05
-1.24515e-06
-1.1726e-05
-3.11667e-06
-1.07465e-05
-5.00198e-06
-9.20862e-06
-6.67929e-06
-6.99465e-06
-7.74151e-06
-4.15818e-06
-7.509e-06
-1.30136e-06
-5.1876e-06
1.14288e-07
-9.88361e-07
1.29926e-06
-7.59143e-07
1.19332e-06
-2.08686e-06
2.75874e-06
-3.76207e-06
4.29146e-06
-5.64695e-06
5.79491e-06
-7.50508e-06
6.8784e-06
-9.11262e-06
7.23874e-06
-1.03596e-05
6.82404e-06
-1.12424e-05
5.79146e-06
-1.18076e-05
4.3396e-06
-1.21203e-05
2.61936e-06
-1.22587e-05
6.98924e-07
-1.2232e-05
-1.27186e-06
-1.20297e-05
-3.31897e-06
-1.15731e-05
-5.45857e-06
-1.06823e-05
-7.57001e-06
-9.08015e-06
-9.34371e-06
-6.49306e-06
-1.00961e-05
-3.04359e-06
-8.63707e-06
-2.47543e-07
-3.78441e-06
1.05172e-06
-9.41899e-07
2.13522e-06
-2.44879e-06
4.26563e-06
-4.17107e-06
6.01374e-06
-5.92359e-06
7.54744e-06
-7.49639e-06
8.4512e-06
-8.73747e-06
8.47983e-06
-9.6062e-06
7.69277e-06
-1.01432e-05
6.3285e-06
-1.04266e-05
4.62291e-06
-1.05519e-05
2.74473e-06
-1.06378e-05
7.84769e-07
-1.06992e-05
-1.21038e-06
-1.07419e-05
-3.27636e-06
-1.07397e-05
-5.46071e-06
-1.05393e-05
-7.77044e-06
-9.81489e-06
-1.00681e-05
-8.08841e-06
-1.18226e-05
-4.98181e-06
-1.17437e-05
-1.0911e-06
-7.67513e-06
-3.93767e-08
-9.58286e-07
3.0935e-06
-2.43165e-06
5.739e-06
-4.00026e-06
7.58235e-06
-5.47324e-06
9.02042e-06
-6.69164e-06
9.66959e-06
-7.56557e-06
9.35376e-06
-8.09953e-06
8.22673e-06
-8.36034e-06
6.58931e-06
-8.44366e-06
4.70623e-06
-8.44913e-06
2.75019e-06
-8.46828e-06
8.03919e-07
-8.5364e-06
-1.14226e-06
-8.67422e-06
-3.13854e-06
-8.89619e-06
-5.23874e-06
-9.14189e-06
-7.52475e-06
-9.16935e-06
-1.00406e-05
-8.45726e-06
-1.25347e-05
-6.27811e-06
-1.39228e-05
-2.29372e-06
-1.16595e-05
-2.3331e-06
-8.08072e-07
3.90158e-06
-2.07849e-06
7.00942e-06
-3.37333e-06
8.87718e-06
-4.51584e-06
1.01629e-05
-5.39757e-06
1.05513e-05
-5.9768e-06
9.933e-06
-6.28486e-06
8.53478e-06
-6.39804e-06
6.7025e-06
-6.40922e-06
4.71742e-06
-6.39936e-06
2.74033e-06
-6.4161e-06
8.20659e-07
-6.48203e-06
-1.07633e-06
-6.62419e-06
-2.99638e-06
-6.87993e-06
-4.983e-06
-7.26726e-06
-7.13742e-06
-7.68492e-06
-9.62296e-06
-7.70403e-06
-1.25156e-05
-6.50731e-06
-1.51195e-05
-3.41184e-06
-1.4755e-05
-5.74493e-06
-5.39238e-07
4.44081e-06
-1.4993e-06
7.96948e-06
-2.46834e-06
9.84623e-06
-3.28243e-06
1.0977e-05
-3.87693e-06
1.11458e-05
-4.24411e-06
1.03002e-05
-4.4261e-06
8.71677e-06
-4.49227e-06
6.76867e-06
-4.51581e-06
4.74096e-06
-4.54729e-06
2.77181e-06
-4.60341e-06
8.76777e-07
-4.69131e-06
-9.88434e-07
-4.82658e-06
-2.86111e-06
-5.04542e-06
-4.76416e-06
-5.41257e-06
-6.77027e-06
-5.93903e-06
-9.0965e-06
-6.38028e-06
-1.20743e-05
-5.97362e-06
-1.55262e-05
-3.80084e-06
-1.69278e-05
-9.54577e-06
-1.99842e-07
4.64066e-06
-7.96043e-07
8.56568e-06
-1.42477e-06
1.0475e-05
-1.93367e-06
1.14859e-05
-2.28748e-06
1.14996e-05
-2.50058e-06
1.05133e-05
-2.61407e-06
8.83027e-06
-2.67839e-06
6.83299e-06
-2.73861e-06
4.80117e-06
-2.82069e-06
2.8539e-06
-2.92848e-06
9.8456e-07
-3.06004e-06
-8.56872e-07
-3.21805e-06
-2.7031e-06
-3.42169e-06
-4.56051e-06
-3.73587e-06
-6.45609e-06
-4.25191e-06
-8.58047e-06
-4.8963e-06
-1.14299e-05
-5.02998e-06
-1.53925e-05
-3.48962e-06
-1.84681e-05
-1.30354e-05
1.41678e-07
4.49898e-06
-6.1955e-08
8.76931e-06
-3.67604e-07
1.07806e-05
-6.00749e-07
1.17191e-05
-7.41456e-07
1.16403e-05
-8.16726e-07
1.05885e-05
-8.65623e-07
8.87917e-06
-9.22699e-07
6.89007e-06
-1.00619e-06
4.88466e-06
-1.12243e-06
2.97014e-06
-1.27142e-06
1.13355e-06
-1.45307e-06
-6.7522e-07
-1.66738e-06
-2.4888e-06
-1.91401e-06
-4.31388e-06
-2.23381e-06
-6.13629e-06
-2.73673e-06
-8.07755e-06
-3.4782e-06
-1.06884e-05
-3.97874e-06
-1.4892e-05
-2.99268e-06
-1.94542e-05
-1.60281e-05
4.26448e-07
4.07253e-06
6.05253e-07
8.59051e-06
6.53454e-07
1.07324e-05
7.06555e-07
1.1666e-05
7.7913e-07
1.15678e-05
8.39008e-07
1.05287e-05
8.58095e-07
8.86008e-06
8.2479e-07
6.92337e-06
7.40079e-07
4.96937e-06
6.10252e-07
3.09996e-06
4.3456e-07
1.30925e-06
2.08287e-07
-4.48947e-07
-6.72009e-08
-2.21331e-06
-4.07028e-07
-3.97405e-06
-8.15508e-07
-5.72781e-06
-1.35488e-06
-7.53817e-06
-2.17855e-06
-9.86478e-06
-2.95771e-06
-1.41128e-05
-2.46361e-06
-1.99483e-05
-1.84917e-05
6.33729e-07
3.4388e-06
1.16617e-06
8.05807e-06
1.53799e-06
1.03606e-05
1.8767e-06
1.13273e-05
2.18494e-06
1.12595e-05
2.4159e-06
1.02977e-05
2.54489e-06
8.73109e-06
2.57559e-06
6.89267e-06
2.52414e-06
5.02082e-06
2.40306e-06
3.22105e-06
2.21193e-06
1.50037e-06
1.93558e-06
-1.72602e-07
1.57628e-06
-1.85401e-06
1.13176e-06
-3.52954e-06
5.94518e-07
-5.19056e-06
-9.77364e-08
-6.84592e-06
-9.97182e-07
-8.96533e-06
-1.98028e-06
-1.31297e-05
-1.95447e-06
-1.99741e-05
-2.04462e-05
7.19053e-07
2.71975e-06
1.54221e-06
7.23491e-06
2.2264e-06
9.6764e-06
2.8571e-06
1.06966e-05
3.43034e-06
1.06863e-05
3.88642e-06
9.84162e-06
4.18917e-06
8.42835e-06
4.34061e-06
6.74122e-06
4.36243e-06
4.99901e-06
4.27389e-06
3.30958e-06
4.07751e-06
1.69675e-06
3.76021e-06
1.44708e-07
3.31652e-06
-1.41033e-06
2.74159e-06
-2.9546e-06
2.03515e-06
-4.48413e-06
1.20979e-06
-6.02055e-06
1.57742e-07
-7.91329e-06
-1.06696e-06
-1.1905e-05
-1.47915e-06
-1.95619e-05
-2.19253e-05
6.55045e-07
2.0647e-06
1.63706e-06
6.25289e-06
2.58036e-06
8.73309e-06
3.5094e-06
9.76753e-06
4.38707e-06
9.8086e-06
5.13281e-06
9.09588e-06
5.68648e-06
7.87468e-06
6.03496e-06
6.39274e-06
6.19398e-06
4.83998e-06
6.18407e-06
3.31949e-06
6.01127e-06
1.86955e-06
5.66847e-06
4.87509e-07
5.13726e-06
-8.79117e-07
4.42352e-06
-2.24087e-06
3.52437e-06
-3.58497e-06
2.4722e-06
-4.96838e-06
1.21213e-06
-6.65322e-06
-2.65968e-07
-1.04269e-05
-9.96294e-07
-1.88316e-05
-2.29216e-05
4.57495e-07
1.60721e-06
1.44054e-06
5.26985e-06
2.6251e-06
7.54854e-06
3.87132e-06
8.52131e-06
5.0885e-06
8.59142e-06
6.16769e-06
8.01669e-06
7.02357e-06
7.0188e-06
7.62417e-06
5.79215e-06
7.97217e-06
4.49198e-06
8.08303e-06
3.20863e-06
7.96548e-06
1.9871e-06
7.62214e-06
8.30853e-07
7.01261e-06
-2.69592e-07
6.16077e-06
-1.38903e-06
5.05836e-06
-2.48256e-06
3.75667e-06
-3.66669e-06
2.3049e-06
-5.20146e-06
7.42489e-07
-8.8645e-06
-2.48143e-07
-1.78409e-05
-2.31698e-05
8.03846e-08
1.52682e-06
7.68448e-07
4.58179e-06
2.0536e-06
6.26339e-06
3.61175e-06
6.96316e-06
5.22278e-06
6.98039e-06
6.70189e-06
6.53758e-06
7.92977e-06
5.79092e-06
8.85802e-06
4.8639e-06
9.46873e-06
3.88127e-06
9.77011e-06
2.90725e-06
9.76442e-06
1.99279e-06
9.46131e-06
1.13396e-06
8.84338e-06
3.4834e-07
7.89843e-06
-4.44082e-07
6.65347e-06
-1.2376e-06
5.1576e-06
-2.17082e-06
3.56774e-06
-3.6116e-06
2.02501e-06
-7.32177e-06
5.67404e-07
-1.63833e-05
-2.26024e-05
-4.74993e-07
2.00182e-06
7.3284e-08
4.03351e-06
1.37214e-06
4.96453e-06
3.18653e-06
5.14877e-06
5.14734e-06
5.01958e-06
6.98163e-06
4.70329e-06
8.54033e-06
4.23222e-06
9.76624e-06
3.63799e-06
1.06261e-05
3.02139e-06
1.11312e-05
2.40215e-06
1.12827e-05
1.84134e-06
1.11035e-05
1.31314e-06
1.06024e-05
8.49388e-07
9.78446e-06
3.73901e-07
8.66476e-06
-1.17895e-07
7.29286e-06
-7.98924e-07
5.8661e-06
-2.18485e-06
4.23102e-06
-5.68669e-06
1.96005e-06
-1.41124e-05
-2.06423e-05
-4.13652e-06
6.13834e-06
-3.6571e-06
3.55409e-06
-1.44514e-06
2.75256e-06
1.12357e-06
2.58006e-06
3.64954e-06
2.49361e-06
6.01605e-06
2.33679e-06
8.11931e-06
2.12897e-06
9.89427e-06
1.86303e-06
1.13117e-05
1.60394e-06
1.23885e-05
1.32539e-06
1.31355e-05
1.09435e-06
1.35937e-05
8.54865e-07
1.37593e-05
6.83852e-07
1.36557e-05
4.77433e-07
1.32467e-05
2.91182e-07
1.25498e-05
-1.02058e-07
1.15961e-05
-1.23113e-06
9.96149e-06
-4.0521e-06
5.57483e-06
-9.72569e-06
-1.50675e-05
6.13834e-06
9.69243e-06
1.2445e-05
1.50251e-05
1.75187e-05
1.98554e-05
2.19844e-05
2.38474e-05
2.54514e-05
2.67768e-05
2.78711e-05
2.8726e-05
2.94098e-05
2.98873e-05
3.01785e-05
3.00764e-05
2.88453e-05
2.47932e-05
1.50675e-05
)
;

boundaryField
{
    movingWall
    {
        type            calculated;
        value           uniform 0;
    }
    fixedWalls
    {
        type            calculated;
        value           uniform 0;
    }
    frontAndBack
    {
        type            empty;
        value           nonuniform List<scalar> 0();
    }
}


// ************************************************************************* //
