/*--------------------------------*- C++ -*----------------------------------*\
| =========                 |                                                 |
| \\      /  F ield         | OpenFOAM: The Open Source CFD Toolbox           |
|  \\    /   O peration     | Version:  2212                                  |
|   \\  /    A nd           | Website:  www.openfoam.com                      |
|    \\/     M anipulation  |                                                 |
\*---------------------------------------------------------------------------*/
FoamFile
{
    version     2.0;
    format      ascii;
    arch        "LSB;label=32;scalar=64";
    class       volScalarField;
    location    "2.3";
    object      T;
}
// * * * * * * * * * * * * * * * * * * * * * * * * * * * * * * * * * * * * * //

dimensions      [0 0 0 1 0 0 0];

internalField   nonuniform List<scalar> 
400
(
0.0747716
0.0969406
0.142341
0.211159
0.296961
0.384331
0.455534
0.501382
0.525757
0.538927
0.547118
0.552028
0.554071
0.552459
0.545823
0.531003
0.502873
0.453487
0.386156
0.333844
0.0961481
0.126498
0.187142
0.274595
0.374011
0.459525
0.513699
0.542151
0.558848
0.570484
0.579173
0.585944
0.590864
0.592636
0.588593
0.573474
0.539494
0.478467
0.400317
0.343876
0.13311
0.178605
0.262662
0.366807
0.46196
0.524614
0.556672
0.573738
0.583987
0.590432
0.596021
0.602678
0.611058
0.620259
0.626652
0.622544
0.594635
0.526274
0.426158
0.362363
0.175685
0.238696
0.342566
0.447465
0.522026
0.559211
0.573138
0.576045
0.572575
0.567955
0.5664
0.571062
0.582941
0.602334
0.626504
0.647968
0.650671
0.606688
0.491375
0.402621
0.215788
0.293793
0.407828
0.500765
0.550151
0.56401
0.559036
0.544089
0.525619
0.510359
0.501993
0.503702
0.51628
0.541413
0.578847
0.624864
0.667493
0.678566
0.604109
0.472864
0.248829
0.336728
0.45215
0.527685
0.553281
0.546754
0.524397
0.495087
0.467326
0.44656
0.434727
0.433499
0.443563
0.467265
0.506744
0.562693
0.630384
0.69226
0.700167
0.569799
0.27366
0.366135
0.477609
0.535877
0.541967
0.519715
0.485236
0.448718
0.418686
0.397878
0.386163
0.383391
0.390085
0.408759
0.443139
0.497107
0.571151
0.656995
0.726649
0.692131
0.290734
0.383398
0.488903
0.533406
0.525492
0.492757
0.451826
0.413809
0.385687
0.367448
0.357193
0.353575
0.356802
0.369254
0.395625
0.442582
0.515162
0.609786
0.707406
0.762118
0.301277
0.391111
0.490816
0.526315
0.509639
0.470998
0.427835
0.391376
0.366636
0.351551
0.343018
0.339133
0.339776
0.346702
0.364236
0.400564
0.466311
0.564763
0.676671
0.753624
0.306285
0.391327
0.486224
0.517707
0.497273
0.456354
0.413332
0.37923
0.357542
0.345004
0.337828
0.33393
0.333072
0.336505
0.347418
0.373179
0.427964
0.525085
0.652301
0.747153
0.306588
0.385713
0.477218
0.509273
0.489141
0.448455
0.406681
0.374581
0.354812
0.343753
0.337343
0.333385
0.331576
0.332934
0.339672
0.357136
0.399955
0.490537
0.627724
0.743295
0.302814
0.375469
0.464017
0.500183
0.484482
0.446541
0.40668
0.375736
0.356411
0.345571
0.339288
0.335235
0.332941
0.333276
0.337857
0.349797
0.381737
0.463791
0.608956
0.741201
0.295069
0.361557
0.447526
0.490299
0.482363
0.449335
0.411982
0.381594
0.361548
0.34978
0.342908
0.338581
0.336085
0.336029
0.339629
0.348275
0.370944
0.4422
0.592618
0.741381
0.282987
0.343943
0.426274
0.476466
0.479684
0.454912
0.42196
0.392617
0.371374
0.357729
0.349372
0.34427
0.341551
0.341379
0.344484
0.351145
0.366886
0.427587
0.581377
0.743143
0.266652
0.324346
0.402846
0.459158
0.474341
0.460165
0.433924
0.407369
0.385969
0.370755
0.360712
0.354441
0.351118
0.350474
0.352693
0.357614
0.36833
0.418268
0.573505
0.74683
0.247292
0.301763
0.375021
0.434954
0.462327
0.461639
0.445756
0.425218
0.406053
0.390638
0.379293
0.371498
0.366696
0.364457
0.364723
0.367262
0.374625
0.414568
0.570528
0.752328
0.230744
0.283652
0.350524
0.407923
0.441518
0.452233
0.447997
0.436657
0.423415
0.411033
0.400616
0.392332
0.386185
0.381817
0.37981
0.379982
0.386694
0.42058
0.576661
0.761875
0.219201
0.264977
0.327181
0.380166
0.415781
0.434294
0.440267
0.438223
0.432119
0.424294
0.416454
0.409187
0.403495
0.398995
0.397796
0.398814
0.410069
0.443705
0.594101
0.77447
0.134636
0.275209
0.310777
0.345345
0.368976
0.385422
0.396047
0.403332
0.408115
0.412508
0.41652
0.421283
0.427029
0.433215
0.442859
0.452291
0.475065
0.51478
0.63973
0.796137
0.382724
0.461507
0.509328
0.543715
0.568789
0.588944
0.604963
0.619451
0.631617
0.643678
0.654087
0.665073
0.674563
0.685012
0.694019
0.704913
0.715554
0.736502
0.772381
0.843872
)
;

boundaryField
{
    movingWall
    {
        type            fixedValue;
        value           uniform 1;
    }
    fixedWalls
    {
        type            zeroGradient;
    }
    frontAndBack
    {
        type            empty;
    }
}


// ************************************************************************* //
