/*--------------------------------*- C++ -*----------------------------------*\
| =========                 |                                                 |
| \\      /  F ield         | OpenFOAM: The Open Source CFD Toolbox           |
|  \\    /   O peration     | Version:  2212                                  |
|   \\  /    A nd           | Website:  www.openfoam.com                      |
|    \\/     M anipulation  |                                                 |
\*---------------------------------------------------------------------------*/
FoamFile
{
    version     2.0;
    format      ascii;
    arch        "LSB;label=32;scalar=64";
    class       volScalarField;
    location    "11.8";
    object      T;
}
// * * * * * * * * * * * * * * * * * * * * * * * * * * * * * * * * * * * * * //

dimensions      [0 0 0 1 0 0 0];

internalField   nonuniform List<scalar> 
400
(
0.926617
0.92825
0.931571
0.936477
0.942176
0.947343
0.95101
0.953112
0.954229
0.954982
0.955664
0.956365
0.957112
0.957878
0.958542
0.958908
0.958649
0.957419
0.955402
0.95375
0.928723
0.930722
0.934728
0.94045
0.946476
0.950882
0.953017
0.953761
0.954024
0.954222
0.954609
0.955333
0.956443
0.957876
0.959339
0.960384
0.960323
0.958637
0.956008
0.954109
0.932011
0.934688
0.939652
0.945617
0.950292
0.952275
0.952247
0.951384
0.950294
0.949468
0.949335
0.950195
0.952057
0.954864
0.958104
0.961027
0.962377
0.960895
0.95712
0.954776
0.935231
0.938605
0.944008
0.948848
0.950943
0.950142
0.947717
0.94462
0.941552
0.939283
0.938398
0.939391
0.942137
0.946699
0.95245
0.95849
0.963149
0.964218
0.960015
0.956351
0.937711
0.941489
0.946486
0.949241
0.948351
0.944599
0.939341
0.933537
0.928228
0.924355
0.922606
0.923555
0.927049
0.933216
0.9415
0.95101
0.960069
0.96607
0.965244
0.959291
0.939355
0.943127
0.947041
0.947284
0.943342
0.936567
0.928353
0.919911
0.912552
0.907273
0.904767
0.90549
0.909429
0.916659
0.92682
0.939157
0.952213
0.963562
0.969162
0.963602
0.940286
0.94368
0.946131
0.943851
0.937086
0.92752
0.916677
0.906084
0.897203
0.890998
0.888041
0.888565
0.892644
0.900308
0.91143
0.925552
0.941505
0.957065
0.968645
0.96978
0.940703
0.943538
0.944527
0.940048
0.930867
0.918925
0.905981
0.893842
0.88401
0.877342
0.874214
0.874659
0.878691
0.886306
0.897544
0.912374
0.930173
0.948948
0.965006
0.973095
0.94077
0.942999
0.942709
0.936487
0.925441
0.911727
0.89732
0.884191
0.873821
0.866939
0.863744
0.864157
0.868101
0.875487
0.886347
0.900957
0.919509
0.940701
0.96033
0.971637
0.940616
0.942339
0.941175
0.933871
0.921627
0.906743
0.891379
0.877615
0.866893
0.859828
0.856508
0.856828
0.860675
0.867871
0.878275
0.892162
0.910439
0.933077
0.956107
0.970537
0.940314
0.941677
0.940029
0.932217
0.919403
0.903984
0.888222
0.87419
0.863259
0.85598
0.85242
0.852508
0.856155
0.863146
0.873149
0.886174
0.903459
0.926475
0.952179
0.969834
0.939907
0.941092
0.93942
0.931813
0.91917
0.903864
0.888183
0.874145
0.863076
0.855538
0.851642
0.851361
0.854632
0.861246
0.87077
0.882875
0.898721
0.921259
0.949037
0.969451
0.939389
0.940549
0.939163
0.932267
0.920413
0.905837
0.890777
0.877148
0.866221
0.858582
0.854396
0.853669
0.856378
0.862333
0.871094
0.882139
0.896236
0.91744
0.946555
0.969409
0.938726
0.940015
0.939227
0.933606
0.923253
0.910098
0.89624
0.883455
0.872953
0.865357
0.860914
0.85963
0.861558
0.866509
0.874104
0.883747
0.895879
0.915219
0.944953
0.969645
0.937853
0.939356
0.939158
0.934923
0.926438
0.91525
0.903212
0.891892
0.882374
0.875255
0.870827
0.869085
0.870118
0.873779
0.879771
0.887687
0.897724
0.914571
0.944117
0.970165
0.936816
0.938596
0.939161
0.936533
0.930318
0.921613
0.911923
0.902554
0.894436
0.888105
0.883848
0.881709
0.881713
0.883825
0.887865
0.893641
0.901406
0.915251
0.944089
0.970985
0.935786
0.937534
0.938329
0.936851
0.932721
0.926647
0.919681
0.912783
0.906632
0.901647
0.898014
0.895837
0.895049
0.895731
0.897872
0.901444
0.907168
0.918384
0.945771
0.97238
0.935058
0.937132
0.938503
0.93799
0.93571
0.932081
0.927717
0.923204
0.918972
0.91534
0.912426
0.910365
0.909142
0.908835
0.909642
0.911482
0.915699
0.924333
0.948926
0.974138
0.92538
0.935066
0.935131
0.934887
0.933669
0.932008
0.93009
0.928299
0.926651
0.925436
0.924548
0.924151
0.924186
0.924619
0.925779
0.927259
0.931043
0.937629
0.956302
0.977152
0.947572
0.953925
0.957338
0.959397
0.960512
0.961219
0.961601
0.961986
0.962261
0.962677
0.963046
0.963592
0.9641
0.964784
0.965443
0.966353
0.967509
0.969943
0.974782
0.983321
)
;

boundaryField
{
    movingWall
    {
        type            fixedValue;
        value           uniform 1;
    }
    fixedWalls
    {
        type            zeroGradient;
    }
    frontAndBack
    {
        type            empty;
    }
}


// ************************************************************************* //
