/*--------------------------------*- C++ -*----------------------------------*\
| =========                 |                                                 |
| \\      /  F ield         | OpenFOAM: The Open Source CFD Toolbox           |
|  \\    /   O peration     | Version:  2212                                  |
|   \\  /    A nd           | Website:  www.openfoam.com                      |
|    \\/     M anipulation  |                                                 |
\*---------------------------------------------------------------------------*/
FoamFile
{
    version     2.0;
    format      ascii;
    arch        "LSB;label=32;scalar=64";
    class       surfaceScalarField;
    location    "2.6";
    object      phi;
}
// * * * * * * * * * * * * * * * * * * * * * * * * * * * * * * * * * * * * * //

dimensions      [0 3 -1 0 0 0 0];

oriented        oriented;

internalField   nonuniform List<scalar> 
760
(
1.3504e-07
-1.35039e-07
2.49364e-07
-1.14323e-07
2.56415e-07
-7.0509e-09
1.33795e-07
1.2262e-07
-1.53372e-07
2.87167e-07
-6.62089e-07
5.08717e-07
-1.4223e-06
7.60207e-07
-2.361e-06
9.38707e-07
-3.29724e-06
9.36235e-07
-4.01273e-06
7.15488e-07
-4.34154e-06
3.28813e-07
-4.18848e-06
-1.53054e-07
-3.48868e-06
-6.99804e-07
-2.34697e-06
-1.14171e-06
-9.80417e-07
-1.36655e-06
2.54016e-07
-1.23443e-06
9.86119e-07
-7.32103e-07
9.62132e-07
2.39867e-08
4.34114e-07
5.28018e-07
4.34114e-07
9.14952e-08
-2.26534e-07
1.71701e-08
-3.9998e-08
-3.40546e-07
3.50666e-07
-1.06969e-06
8.51768e-07
-2.21703e-06
1.4345e-06
-3.71984e-06
2.01153e-06
-5.35962e-06
2.39999e-06
-6.84551e-06
2.4246e-06
-7.95264e-06
2.04336e-06
-8.56318e-06
1.32603e-06
-8.62626e-06
3.91888e-07
-8.11358e-06
-6.65728e-07
-7.05561e-06
-1.75777e-06
-5.48221e-06
-2.71512e-06
-3.53056e-06
-3.3182e-06
-1.49289e-06
-3.2721e-06
1.18479e-07
-2.34347e-06
7.95922e-07
-6.53456e-07
4.97076e-07
8.26864e-07
9.31191e-07
-1.46548e-07
-7.99861e-08
-6.38039e-07
4.51492e-07
-1.56565e-06
1.27827e-06
-2.97449e-06
2.26061e-06
-4.76826e-06
3.22826e-06
-6.68513e-06
3.92841e-06
-8.42619e-06
4.14104e-06
-9.80356e-06
3.80198e-06
-1.07532e-05
2.993e-06
-1.12619e-05
1.83474e-06
-1.12854e-05
4.15366e-07
-1.08596e-05
-1.09155e-06
-9.97354e-06
-2.64379e-06
-8.57493e-06
-4.11373e-06
-6.64296e-06
-5.25017e-06
-4.26634e-06
-5.64872e-06
-1.82977e-06
-4.78004e-06
-9.76202e-08
-2.38561e-06
2.8467e-07
4.44574e-07
1.21586e-06
-4.77607e-07
3.97621e-07
-1.47434e-06
1.44823e-06
-2.92786e-06
2.73179e-06
-4.76827e-06
4.10102e-06
-6.77148e-06
5.23147e-06
-8.64954e-06
5.80647e-06
-1.01949e-05
5.68636e-06
-1.13472e-05
4.95431e-06
-1.21265e-05
3.77234e-06
-1.25647e-05
2.27292e-06
-1.26506e-05
5.01229e-07
-1.24327e-05
-1.30945e-06
-1.18813e-05
-3.19522e-06
-1.08962e-05
-5.0988e-06
-9.34915e-06
-6.79721e-06
-7.11867e-06
-7.8792e-06
-4.24829e-06
-7.65042e-06
-1.33731e-06
-5.29658e-06
1.14529e-07
-1.00726e-06
1.33039e-06
-8.00897e-07
1.19852e-06
-2.19786e-06
2.84519e-06
-3.95074e-06
4.48467e-06
-5.89606e-06
6.04635e-06
-7.77627e-06
7.11167e-06
-9.3673e-06
7.39749e-06
-1.05757e-05
6.89475e-06
-1.14147e-05
5.79336e-06
-1.19408e-05
4.29845e-06
-1.22246e-05
2.55668e-06
-1.23507e-05
6.27275e-07
-1.23196e-05
-1.34047e-06
-1.21196e-05
-3.39525e-06
-1.16707e-05
-5.54767e-06
-1.0789e-05
-7.679e-06
-9.19169e-06
-9.47646e-06
-6.59477e-06
-1.02473e-05
-3.10911e-06
-8.78223e-06
-2.5692e-07
-3.85946e-06
1.07347e-06
-9.99836e-07
2.19835e-06
-2.58261e-06
4.42797e-06
-4.37051e-06
6.27257e-06
-6.15646e-06
7.83229e-06
-7.72292e-06
8.67814e-06
-8.92715e-06
8.60173e-06
-9.74708e-06
7.71468e-06
-1.02375e-05
6.28382e-06
-1.04845e-05
4.54543e-06
-1.05876e-05
2.6598e-06
-1.06671e-05
7.06702e-07
-1.0727e-05
-1.28053e-06
-1.07769e-05
-3.34538e-06
-1.07873e-05
-5.53725e-06
-1.06021e-05
-7.86417e-06
-9.89326e-06
-1.01853e-05
-8.17656e-06
-1.1964e-05
-5.06086e-06
-1.18979e-05
-1.11723e-06
-7.80309e-06
-4.37599e-08
-1.01843e-06
3.21678e-06
-2.55991e-06
5.96944e-06
-4.17537e-06
7.88803e-06
-5.66278e-06
9.3197e-06
-6.86209e-06
9.87745e-06
-7.69579e-06
9.43542e-06
-8.18519e-06
8.20408e-06
-8.40876e-06
6.50739e-06
-8.46766e-06
4.60433e-06
-8.46197e-06
2.65412e-06
-8.48057e-06
7.25305e-07
-8.55206e-06
-1.20904e-06
-8.69714e-06
-3.20031e-06
-8.9281e-06
-5.30628e-06
-9.18313e-06
-7.60914e-06
-9.22126e-06
-1.01472e-05
-8.51981e-06
-1.26655e-05
-6.34306e-06
-1.40747e-05
-2.33337e-06
-1.18128e-05
-2.37712e-06
-8.5773e-07
4.07451e-06
-2.18248e-06
7.29419e-06
-3.50921e-06
9.21476e-06
-4.6571e-06
1.04676e-05
-5.52013e-06
1.07405e-05
-6.06789e-06
9.98318e-06
-6.34467e-06
8.48087e-06
-6.43513e-06
6.59786e-06
-6.43531e-06
4.60451e-06
-6.42323e-06
2.64203e-06
-6.44146e-06
7.43544e-07
-6.51125e-06
-1.13926e-06
-6.65862e-06
-3.05294e-06
-6.91913e-06
-5.04578e-06
-7.30962e-06
-7.21864e-06
-7.7285e-06
-9.72833e-06
-7.74949e-06
-1.26445e-05
-6.55523e-06
-1.5269e-05
-3.45897e-06
-1.4909e-05
-5.8361e-06
-5.72209e-07
4.64672e-06
-1.57167e-06
8.29366e-06
-2.56306e-06
1.02062e-05
-3.38127e-06
1.12858e-05
-3.96535e-06
1.13246e-05
-4.3156e-06
1.03334e-05
-4.48235e-06
8.64762e-06
-4.54006e-06
6.65557e-06
-4.56206e-06
4.6265e-06
-4.59563e-06
2.67561e-06
-4.65351e-06
8.01424e-07
-4.74327e-06
-1.0495e-06
-4.87941e-06
-2.91679e-06
-5.09799e-06
-4.8272e-06
-5.46209e-06
-6.85454e-06
-5.98228e-06
-9.20814e-06
-6.41773e-06
-1.2209e-05
-6.00969e-06
-1.5677e-05
-3.83085e-06
-1.70879e-05
-9.66695e-06
-2.1225e-07
4.85897e-06
-8.33909e-07
8.91531e-06
-1.47913e-06
1.08514e-05
-1.99515e-06
1.18018e-05
-2.3499e-06
1.16793e-05
-2.56221e-06
1.05457e-05
-2.67646e-06
8.76186e-06
-2.74409e-06
6.7232e-06
-2.80979e-06
4.6922e-06
-2.89649e-06
2.7623e-06
-3.00599e-06
9.1093e-07
-3.13682e-06
-9.18679e-07
-3.29153e-06
-2.76208e-06
-3.48969e-06
-4.62905e-06
-3.79559e-06
-6.54863e-06
-4.2989e-06
-8.70483e-06
-4.92949e-06
-1.15785e-05
-5.05528e-06
-1.55512e-05
-3.50793e-06
-1.86352e-05
-1.31749e-05
1.50231e-07
4.70874e-06
-6.65014e-08
9.13205e-06
-3.851e-07
1.117e-05
-6.28726e-07
1.20454e-05
-7.80111e-07
1.18307e-05
-8.6815e-07
1.06338e-05
-9.3169e-07
8.8254e-06
-1.00278e-06
6.79429e-06
-1.09686e-06
4.78628e-06
-1.21971e-06
2.88515e-06
-1.37066e-06
1.06188e-06
-1.5499e-06
-7.39442e-07
-1.7562e-06
-2.55578e-06
-1.99314e-06
-4.3921e-06
-2.29981e-06
-6.24196e-06
-2.78586e-06
-8.21878e-06
-3.50833e-06
-1.0856e-05
-3.9967e-06
-1.50628e-05
-3.00433e-06
-1.96276e-05
-1.61792e-05
4.55578e-07
4.25316e-06
6.40234e-07
8.94739e-06
6.825e-07
1.11277e-05
7.21263e-07
1.20067e-05
7.717e-07
1.17803e-05
8.05141e-07
1.06003e-05
7.98716e-07
8.83183e-06
7.44143e-07
6.84886e-06
6.44599e-07
4.88583e-06
5.0632e-07
3.02343e-06
3.28142e-07
1.24006e-06
1.05838e-07
-5.17138e-07
-1.64433e-07
-2.28551e-06
-4.889e-07
-4.06763e-06
-8.79884e-07
-5.85098e-06
-1.39932e-06
-7.69935e-06
-2.20053e-06
-1.00548e-05
-2.96587e-06
-1.42975e-05
-2.46749e-06
-2.0126e-05
-1.86467e-05
6.81921e-07
3.57124e-06
1.23909e-06
8.39022e-06
1.61542e-06
1.07514e-05
1.94227e-06
1.16798e-05
2.2228e-06
1.14997e-05
2.41781e-06
1.04053e-05
2.51212e-06
8.73752e-06
2.51558e-06
6.8454e-06
2.44581e-06
4.9556e-06
2.31475e-06
3.15448e-06
2.11984e-06
1.43497e-06
1.84813e-06
-2.45424e-07
1.49964e-06
-1.93702e-06
1.06887e-06
-3.63687e-06
5.48611e-07
-5.33072e-06
-1.24012e-07
-7.02672e-06
-1.00434e-06
-9.17444e-06
-1.97383e-06
-1.3328e-05
-1.95125e-06
-2.01485e-05
-2.0598e-05
7.7887e-07
2.79237e-06
1.64845e-06
7.52064e-06
2.3533e-06
1.00465e-05
2.98076e-06
1.10524e-05
3.53049e-06
1.095e-05
3.9499e-06
9.98592e-06
4.2141e-06
8.47331e-06
4.33384e-06
6.72567e-06
4.33421e-06
4.95523e-06
4.23425e-06
3.25444e-06
4.03507e-06
1.63415e-06
3.71602e-06
7.36318e-08
3.28187e-06
-1.50287e-06
2.71776e-06
-3.07276e-06
2.02298e-06
-4.63594e-06
1.20908e-06
-6.21282e-06
1.7267e-07
-8.13803e-06
-1.04416e-06
-1.21112e-05
-1.46826e-06
-1.97244e-05
-2.20662e-05
7.14847e-07
2.07752e-06
1.76422e-06
6.47126e-06
2.74666e-06
9.0641e-06
3.68944e-06
1.01096e-05
4.55676e-06
1.00827e-05
5.27425e-06
9.26843e-06
5.79308e-06
7.95449e-06
6.11039e-06
6.40836e-06
6.24698e-06
4.81865e-06
6.22395e-06
3.27746e-06
6.04442e-06
1.81368e-06
5.70076e-06
4.17293e-07
5.17235e-06
-9.74467e-07
4.46216e-06
-2.36256e-06
3.5655e-06
-3.73928e-06
2.51349e-06
-5.16081e-06
1.25257e-06
-6.87712e-06
-2.36265e-07
-1.06223e-05
-9.7406e-07
-1.89866e-05
-2.30403e-05
5.05344e-07
1.57218e-06
1.56966e-06
5.40695e-06
2.81761e-06
7.81615e-06
4.10509e-06
8.82211e-06
5.33617e-06
8.85158e-06
6.40583e-06
8.19877e-06
7.23867e-06
7.12165e-06
7.81365e-06
5.83339e-06
8.13995e-06
4.49234e-06
8.23518e-06
3.18223e-06
8.10721e-06
1.94165e-06
7.75627e-06
7.68235e-07
7.14073e-06
-3.58924e-07
6.28083e-06
-1.50267e-06
5.16762e-06
-2.62608e-06
3.85002e-06
-3.8432e-06
2.38075e-06
-5.40784e-06
8.06461e-07
-9.04806e-06
-2.16317e-07
-1.79639e-05
-2.32566e-05
1.08708e-07
1.46347e-06
8.78638e-07
4.63702e-06
2.2435e-06
6.45129e-06
3.8691e-06
7.19651e-06
5.52316e-06
7.19752e-06
7.0187e-06
6.70323e-06
8.2437e-06
5.89665e-06
9.15959e-06
4.91749e-06
9.75565e-06
3.89628e-06
1.0043e-05
2.89483e-06
1.0026e-05
1.95872e-06
9.71255e-06
1.08166e-06
9.07367e-06
2.79962e-07
8.11148e-06
-5.40479e-07
6.83952e-06
-1.35412e-06
5.30987e-06
-2.31356e-06
3.67844e-06
-3.77641e-06
2.096e-06
-7.46562e-06
5.9607e-07
-1.64639e-05
-2.26605e-05
-4.9032e-07
1.95379e-06
1.2514e-07
4.02156e-06
1.53006e-06
5.04637e-06
3.44707e-06
5.2795e-06
5.48673e-06
5.15787e-06
7.36972e-06
4.82024e-06
8.95132e-06
4.31505e-06
1.01823e-05
3.68653e-06
1.10369e-05
3.04162e-06
1.15303e-05
2.40151e-06
1.16653e-05
1.82369e-06
1.14642e-05
1.28276e-06
1.09413e-05
8.02827e-07
1.00901e-05
3.10736e-07
8.92223e-06
-1.86236e-07
7.49717e-06
-8.885e-07
6.0066e-06
-2.28584e-06
4.3115e-06
-5.77052e-06
1.9945e-06
-1.41469e-05
-2.0666e-05
-4.15279e-06
6.10658e-06
-3.64924e-06
3.51802e-06
-1.36358e-06
2.76071e-06
1.29876e-06
2.61715e-06
3.9116e-06
2.54503e-06
6.34424e-06
2.3876e-06
8.48935e-06
2.16995e-06
1.02843e-05
1.89155e-06
1.1706e-05
1.61995e-06
1.27758e-05
1.33171e-06
1.3508e-05
1.09151e-06
1.39452e-05
8.45542e-07
1.4081e-05
6.67033e-07
1.39344e-05
4.57331e-07
1.34824e-05
2.65775e-07
1.27401e-05
-1.46246e-07
1.17208e-05
-1.26655e-06
1.00228e-05
-4.07244e-06
5.60077e-06
-9.72493e-06
-1.50653e-05
6.10658e-06
9.6246e-06
1.23853e-05
1.50025e-05
1.75475e-05
1.99351e-05
2.2105e-05
2.39966e-05
2.56165e-05
2.69482e-05
2.80397e-05
2.88853e-05
2.95523e-05
3.00097e-05
3.02754e-05
3.01292e-05
2.88626e-05
2.47902e-05
1.50653e-05
)
;

boundaryField
{
    movingWall
    {
        type            calculated;
        value           uniform 0;
    }
    fixedWalls
    {
        type            calculated;
        value           uniform 0;
    }
    frontAndBack
    {
        type            empty;
        value           nonuniform List<scalar> 0();
    }
}


// ************************************************************************* //
