/*--------------------------------*- C++ -*----------------------------------*\
| =========                 |                                                 |
| \\      /  F ield         | OpenFOAM: The Open Source CFD Toolbox           |
|  \\    /   O peration     | Version:  2212                                  |
|   \\  /    A nd           | Website:  www.openfoam.com                      |
|    \\/     M anipulation  |                                                 |
\*---------------------------------------------------------------------------*/
FoamFile
{
    version     2.0;
    format      ascii;
    arch        "LSB;label=32;scalar=64";
    class       volScalarField;
    location    "2.6";
    object      T;
}
// * * * * * * * * * * * * * * * * * * * * * * * * * * * * * * * * * * * * * //

dimensions      [0 0 0 1 0 0 0];

internalField   nonuniform List<scalar> 
400
(
0.133495
0.159147
0.210571
0.286158
0.376004
0.461676
0.526139
0.563876
0.581744
0.590578
0.596095
0.599622
0.601301
0.600375
0.59552
0.583961
0.561136
0.519714
0.461125
0.414211
0.160887
0.194204
0.259576
0.35142
0.450665
0.529119
0.57298
0.592846
0.603553
0.611067
0.617176
0.622596
0.627248
0.629922
0.628041
0.616865
0.589338
0.538173
0.471087
0.421234
0.206447
0.253853
0.33977
0.442671
0.530185
0.580618
0.601587
0.610819
0.615645
0.61875
0.622614
0.628792
0.637575
0.648023
0.656512
0.655969
0.63418
0.576317
0.489868
0.434222
0.256081
0.319153
0.420166
0.516742
0.577925
0.601437
0.605455
0.601925
0.594695
0.588481
0.586722
0.592183
0.6052
0.626028
0.651662
0.675105
0.681374
0.645165
0.544215
0.466166
0.300065
0.375686
0.481619
0.560568
0.594044
0.595042
0.581898
0.562248
0.541808
0.52639
0.519073
0.522631
0.537216
0.564327
0.603192
0.650064
0.693487
0.707479
0.643134
0.525704
0.334579
0.417545
0.520335
0.578334
0.587559
0.569583
0.540554
0.507884
0.479204
0.459063
0.449143
0.450674
0.46386
0.490578
0.532369
0.589411
0.656756
0.717664
0.728033
0.611029
0.359651
0.445015
0.540476
0.579209
0.569251
0.536667
0.496367
0.457073
0.426392
0.406532
0.397344
0.398172
0.409055
0.431836
0.46966
0.525775
0.600067
0.683924
0.750767
0.721179
0.376558
0.460582
0.54789
0.571759
0.548096
0.505522
0.458965
0.418172
0.389322
0.372312
0.365277
0.366219
0.374649
0.392144
0.422771
0.472643
0.546287
0.639462
0.732776
0.783398
0.387031
0.467412
0.547728
0.561884
0.529458
0.480969
0.431979
0.392476
0.366878
0.35334
0.348762
0.350436
0.35732
0.370242
0.392738
0.432409
0.499552
0.596936
0.70469
0.775998
0.392281
0.467723
0.542966
0.55274
0.516259
0.465094
0.415786
0.378236
0.355475
0.344596
0.341809
0.344209
0.350561
0.361065
0.377812
0.407333
0.463598
0.559612
0.682153
0.770923
0.393226
0.463209
0.53557
0.545762
0.509075
0.457587
0.409021
0.373055
0.351894
0.342271
0.3402
0.342856
0.349028
0.358582
0.372237
0.394019
0.438311
0.527696
0.659652
0.767596
0.390438
0.454815
0.525539
0.540245
0.50752
0.458148
0.410976
0.375762
0.354676
0.344818
0.342438
0.34486
0.350898
0.360264
0.372777
0.389686
0.423028
0.503495
0.642717
0.766176
0.383889
0.443254
0.513363
0.535705
0.510515
0.465493
0.420397
0.385484
0.363482
0.352339
0.348846
0.35053
0.356182
0.365323
0.377309
0.391383
0.415451
0.484713
0.628199
0.766579
0.372975
0.428172
0.49718
0.528876
0.515241
0.478188
0.437182
0.403149
0.379884
0.36667
0.361243
0.361474
0.366173
0.374552
0.38566
0.397673
0.414654
0.472908
0.618689
0.768615
0.357495
0.410789
0.478638
0.519106
0.518677
0.492481
0.458181
0.426958
0.403626
0.388823
0.381387
0.379685
0.382632
0.389183
0.398174
0.40773
0.419337
0.466459
0.612402
0.772256
0.338601
0.389882
0.455196
0.502614
0.516676
0.505064
0.481558
0.456507
0.435433
0.420257
0.410995
0.406777
0.406715
0.40982
0.415054
0.420968
0.428641
0.465446
0.610811
0.777692
0.322076
0.372391
0.433336
0.481541
0.504935
0.506804
0.496089
0.480736
0.465645
0.453186
0.444092
0.438196
0.435082
0.434054
0.434999
0.436996
0.443249
0.47389
0.617781
0.786703
0.310076
0.35411
0.411787
0.458376
0.487088
0.499484
0.500732
0.495552
0.487717
0.479342
0.471785
0.465411
0.46083
0.457535
0.457083
0.458188
0.46797
0.497748
0.634818
0.79845
0.2379
0.364321
0.395854
0.425953
0.445443
0.458107
0.465551
0.470245
0.473063
0.475884
0.478694
0.482418
0.487199
0.492516
0.500878
0.509163
0.529409
0.56461
0.677457
0.818365
0.455912
0.52642
0.568763
0.59894
0.620665
0.637934
0.651524
0.663797
0.674078
0.684346
0.693216
0.702682
0.71086
0.719978
0.727799
0.737399
0.746864
0.765442
0.797666
0.861493
)
;

boundaryField
{
    movingWall
    {
        type            fixedValue;
        value           uniform 1;
    }
    fixedWalls
    {
        type            zeroGradient;
    }
    frontAndBack
    {
        type            empty;
    }
}


// ************************************************************************* //
