/*--------------------------------*- C++ -*----------------------------------*\
| =========                 |                                                 |
| \\      /  F ield         | OpenFOAM: The Open Source CFD Toolbox           |
|  \\    /   O peration     | Version:  2212                                  |
|   \\  /    A nd           | Website:  www.openfoam.com                      |
|    \\/     M anipulation  |                                                 |
\*---------------------------------------------------------------------------*/
FoamFile
{
    version     2.0;
    format      ascii;
    arch        "LSB;label=32;scalar=64";
    class       volScalarField;
    location    "9.8";
    object      p;
}
// * * * * * * * * * * * * * * * * * * * * * * * * * * * * * * * * * * * * * //

dimensions      [0 2 -2 0 0 0 0];

internalField   nonuniform List<scalar> 
400
(
4.46735e-07
-0.000150546
-0.000534615
-0.0010718
-0.00173251
-0.00249397
-0.00318508
-0.00359764
-0.00356541
-0.00293415
-0.00154862
0.0006193
0.00324949
0.00551404
0.00653381
0.00592307
0.00400239
0.00215003
0.00111105
0.001042
0.000116338
-5.80724e-05
-0.000377007
-0.000764173
-0.00124408
-0.00188819
-0.00270629
-0.00354358
-0.00408005
-0.00393846
-0.00284648
-0.000824934
0.00168931
0.0039609
0.00512479
0.00474331
0.00310334
0.00137512
0.000593534
0.000684585
0.000536443
0.000264985
-7.72961e-05
-0.000559643
-0.00134733
-0.00258068
-0.00421918
-0.00598377
-0.00740251
-0.0079438
-0.00726413
-0.00546195
-0.00289163
-0.000194613
0.00179185
0.00242796
0.00170914
0.000502472
-0.000395729
-0.000392455
0.00115192
0.000741252
0.000191885
-0.000774816
-0.00245114
-0.00493781
-0.00799504
-0.0111203
-0.013703
-0.0151765
-0.0152064
-0.0138395
-0.0112933
-0.00802881
-0.00475204
-0.00220955
-0.000870209
-0.000706035
-0.00128865
-0.00191799
0.00158326
0.000973686
-2.28898e-05
-0.00192409
-0.0050066
-0.00917988
-0.0139133
-0.0184791
-0.0222153
-0.0246518
-0.0255274
-0.0247217
-0.0223624
-0.0187426
-0.014304
-0.00965526
-0.00559181
-0.0029487
-0.0021931
-0.00401778
0.00129327
0.00044497
-0.00119736
-0.00430431
-0.00900477
-0.0148801
-0.0210719
-0.026714
-0.0311896
-0.0341767
-0.0355434
-0.0351875
-0.0331951
-0.0297171
-0.0248981
-0.01896
-0.0125047
-0.00694801
-0.00440068
-0.00652392
-4.83972e-05
-0.0011476
-0.00349941
-0.00779661
-0.013932
-0.0211134
-0.0282347
-0.0344058
-0.0391263
-0.0422293
-0.0437169
-0.0436076
-0.04197
-0.0388764
-0.0343089
-0.0281556
-0.0205379
-0.0127022
-0.00785445
-0.00774774
-0.00245051
-0.00374214
-0.00669842
-0.0119129
-0.019039
-0.0269804
-0.0345021
-0.0407765
-0.0454476
-0.0484735
-0.049936
-0.0499273
-0.0485268
-0.0457852
-0.0416596
-0.0359245
-0.0283241
-0.01937
-0.0118217
-0.00798029
-0.00553755
-0.00691506
-0.0102633
-0.0160212
-0.0236569
-0.0318876
-0.0394488
-0.0456097
-0.0501336
-0.0530532
-0.0544821
-0.0545223
-0.0532483
-0.0507218
-0.0469588
-0.0418093
-0.0348658
-0.0259463
-0.0167083
-0.0099941
-0.00873353
-0.0100856
-0.0135971
-0.0195412
-0.0272848
-0.0354848
-0.0429091
-0.048906
-0.053305
-0.0561625
-0.0575861
-0.0576573
-0.0564392
-0.0540066
-0.0504473
-0.0457573
-0.0396317
-0.0315222
-0.02232
-0.0143391
-0.0115037
-0.0127575
-0.0162186
-0.0220531
-0.0296053
-0.037586
-0.0448231
-0.0506951
-0.0550378
-0.0578887
-0.0593307
-0.0594222
-0.0582133
-0.0557839
-0.0522826
-0.0478489
-0.0424284
-0.0353806
-0.0271965
-0.0191782
-0.0135489
-0.0146181
-0.0178551
-0.0233141
-0.0304289
-0.03806
-0.0451141
-0.0509453
-0.0553239
-0.0582347
-0.0597221
-0.0598245
-0.0585827
-0.0560779
-0.0525112
-0.0481346
-0.0432041
-0.0370543
-0.0300304
-0.022416
-0.0148369
-0.0155673
-0.018351
-0.0232089
-0.0296913
-0.036876
-0.043761
-0.0496358
-0.0541497
-0.0571953
-0.058764
-0.0588711
-0.0575522
-0.0549108
-0.0511729
-0.0466525
-0.0419629
-0.0362983
-0.0302247
-0.0228947
-0.0154672
-0.0157215
-0.0177764
-0.021745
-0.0273878
-0.034029
-0.0407472
-0.0467364
-0.0514881
-0.0547629
-0.0564765
-0.0566175
-0.0551962
-0.0523482
-0.0483422
-0.0435788
-0.0387286
-0.03314
-0.0280985
-0.0202784
-0.0155738
-0.0152976
-0.0163373
-0.0190867
-0.0236515
-0.029632
-0.0361687
-0.0423322
-0.0474234
-0.0510347
-0.0529751
-0.0531784
-0.0516862
-0.0485873
-0.0442235
-0.0390515
-0.0337804
-0.0280708
-0.0242309
-0.0143846
-0.0152763
-0.0145496
-0.0142602
-0.0154252
-0.0186838
-0.023893
-0.0302292
-0.0366118
-0.0421343
-0.0461972
-0.048485
-0.0488621
-0.0473492
-0.0440176
-0.0392464
-0.0335174
-0.0276406
-0.0216293
-0.0180538
-0.00383328
-0.0146616
-0.0136178
-0.0117065
-0.0110807
-0.0129531
-0.0173793
-0.0235325
-0.0301683
-0.0361905
-0.0408083
-0.0435751
-0.0442582
-0.0428474
-0.0393738
-0.0341836
-0.027689
-0.0206825
-0.013277
-0.00678701
0.0160519
-0.0145829
-0.0126569
-0.00864836
-0.00623465
-0.00691004
-0.0107455
-0.016817
-0.0237385
-0.0302966
-0.0355367
-0.0389008
-0.0400323
-0.0388751
-0.0354461
-0.0298948
-0.0222757
-0.0128735
-0.000689813
0.0166931
0.0570623
-0.0117944
-0.0118306
-0.00572622
-0.00177537
-0.00176534
-0.00540483
-0.0115748
-0.018814
-0.025874
-0.0316854
-0.0356599
-0.0373595
-0.0366831
-0.0333537
-0.0272234
-0.0175418
-0.0031495
0.0204882
0.0607021
0.12982
-0.0295166
-0.0106297
-0.00060912
0.00308033
0.00244774
-0.00155729
-0.00799929
-0.0155526
-0.0229748
-0.0291719
-0.0335297
-0.0355857
-0.0351991
-0.0319543
-0.0252268
-0.0128601
0.00942149
0.0511697
0.122876
0.226075
)
;

boundaryField
{
    movingWall
    {
        type            zeroGradient;
    }
    fixedWalls
    {
        type            zeroGradient;
    }
    frontAndBack
    {
        type            empty;
    }
}


// ************************************************************************* //
