/*--------------------------------*- C++ -*----------------------------------*\
| =========                 |                                                 |
| \\      /  F ield         | OpenFOAM: The Open Source CFD Toolbox           |
|  \\    /   O peration     | Version:  2212                                  |
|   \\  /    A nd           | Website:  www.openfoam.com                      |
|    \\/     M anipulation  |                                                 |
\*---------------------------------------------------------------------------*/
FoamFile
{
    version     2.0;
    format      ascii;
    arch        "LSB;label=32;scalar=64";
    class       volScalarField;
    location    "4.5";
    object      T;
}
// * * * * * * * * * * * * * * * * * * * * * * * * * * * * * * * * * * * * * //

dimensions      [0 0 0 1 0 0 0];

internalField   nonuniform List<scalar> 
400
(
0.517769
0.534266
0.567348
0.615485
0.670169
0.718035
0.749974
0.76621
0.773242
0.777179
0.780239
0.78283
0.785013
0.78649
0.786577
0.784021
0.776755
0.761774
0.739443
0.720991
0.539844
0.559582
0.598838
0.654053
0.71065
0.750287
0.768503
0.775207
0.778616
0.781164
0.783824
0.787091
0.79102
0.795078
0.797781
0.796685
0.788142
0.76896
0.742901
0.723199
0.574083
0.599921
0.647705
0.7045
0.748661
0.768985
0.774048
0.774432
0.773205
0.772209
0.77311
0.777036
0.784032
0.793654
0.803534
0.809773
0.805736
0.784244
0.749353
0.727154
0.607775
0.64005
0.692214
0.740101
0.765225
0.76909
0.764022
0.755666
0.746314
0.739317
0.736894
0.741076
0.751532
0.768523
0.789546
0.810341
0.822335
0.812665
0.771007
0.738705
0.634534
0.671315
0.722077
0.755893
0.763109
0.753343
0.736976
0.717474
0.699073
0.68566
0.679653
0.683247
0.696009
0.718739
0.749811
0.785978
0.819752
0.836953
0.813585
0.762409
0.65367
0.692165
0.73752
0.756546
0.748426
0.726357
0.698499
0.669003
0.64354
0.625516
0.617074
0.619583
0.633044
0.658155
0.694495
0.740321
0.790763
0.835069
0.850048
0.798507
0.666515
0.704227
0.742357
0.748146
0.727523
0.694945
0.65765
0.621309
0.591835
0.571788
0.562564
0.564441
0.577642
0.602707
0.640188
0.689872
0.749002
0.809975
0.856572
0.848682
0.674634
0.709967
0.741046
0.73639
0.706105
0.665222
0.621206
0.580938
0.549808
0.529486
0.520435
0.522128
0.53454
0.558084
0.593935
0.643626
0.706902
0.777945
0.842747
0.876692
0.679395
0.711572
0.736723
0.724633
0.687469
0.640791
0.592681
0.550562
0.519099
0.499227
0.490634
0.49239
0.504121
0.525874
0.558658
0.6051
0.668405
0.74633
0.823452
0.870606
0.681721
0.710617
0.731647
0.715514
0.674375
0.624174
0.573767
0.530779
0.499287
0.479705
0.471241
0.472891
0.484156
0.50476
0.534956
0.577037
0.636766
0.717729
0.807137
0.86659
0.682245
0.708086
0.726761
0.709492
0.666904
0.615281
0.56417
0.521041
0.48952
0.469782
0.460897
0.461979
0.472597
0.492346
0.520739
0.558803
0.613056
0.693069
0.791356
0.863855
0.681364
0.704527
0.722432
0.707032
0.665915
0.61502
0.564467
0.521534
0.489712
0.469313
0.459535
0.45962
0.469204
0.487888
0.51477
0.54941
0.597449
0.673948
0.7792
0.862536
0.679156
0.700149
0.718393
0.707085
0.669908
0.621738
0.573116
0.531171
0.49941
0.478432
0.467673
0.466482
0.474569
0.491531
0.516377
0.547765
0.589302
0.659616
0.769188
0.862489
0.675462
0.694832
0.713999
0.708715
0.678404
0.6356
0.590761
0.550902
0.519695
0.498215
0.486314
0.483423
0.489401
0.503758
0.525559
0.553049
0.588133
0.651124
0.762795
0.863614
0.670061
0.688706
0.708679
0.709574
0.687601
0.652302
0.613369
0.57752
0.548449
0.527567
0.51513
0.510659
0.514102
0.524958
0.542392
0.565078
0.593776
0.64784
0.759051
0.865835
0.663251
0.681488
0.702156
0.709206
0.697112
0.671816
0.641271
0.611508
0.586152
0.566875
0.554271
0.54817
0.548414
0.554719
0.566518
0.583042
0.605206
0.649258
0.758606
0.869318
0.656955
0.674651
0.69424
0.704464
0.700418
0.685399
0.664897
0.643571
0.624382
0.608921
0.597774
0.591111
0.588664
0.590452
0.596516
0.606535
0.623218
0.659275
0.764653
0.875143
0.652359
0.669152
0.688843
0.700977
0.70333
0.697588
0.686944
0.674276
0.661695
0.650552
0.641482
0.634888
0.63091
0.62958
0.631857
0.637142
0.650775
0.680183
0.776926
0.882593
0.610303
0.668276
0.677139
0.685051
0.687449
0.686756
0.683975
0.680774
0.677467
0.675262
0.673907
0.674035
0.675542
0.67822
0.683511
0.689667
0.704721
0.730517
0.80646
0.895325
0.724384
0.759224
0.77906
0.792261
0.800833
0.807188
0.811756
0.815985
0.81942
0.823216
0.826523
0.830449
0.833929
0.838129
0.841896
0.846811
0.852292
0.863337
0.883868
0.921962
)
;

boundaryField
{
    movingWall
    {
        type            fixedValue;
        value           uniform 1;
    }
    fixedWalls
    {
        type            zeroGradient;
    }
    frontAndBack
    {
        type            empty;
    }
}


// ************************************************************************* //
