/*--------------------------------*- C++ -*----------------------------------*\
| =========                 |                                                 |
| \\      /  F ield         | OpenFOAM: The Open Source CFD Toolbox           |
|  \\    /   O peration     | Version:  2212                                  |
|   \\  /    A nd           | Website:  www.openfoam.com                      |
|    \\/     M anipulation  |                                                 |
\*---------------------------------------------------------------------------*/
FoamFile
{
    version     2.0;
    format      ascii;
    arch        "LSB;label=32;scalar=64";
    class       volScalarField;
    location    "7.2";
    object      p;
}
// * * * * * * * * * * * * * * * * * * * * * * * * * * * * * * * * * * * * * //

dimensions      [0 2 -2 0 0 0 0];

internalField   nonuniform List<scalar> 
400
(
-5.89349e-07
-0.000151802
-0.000535824
-0.00107288
-0.00173341
-0.0024946
-0.00318548
-0.00359791
-0.00356567
-0.00293454
-0.00154936
0.000618021
0.00324787
0.00551266
0.0065335
0.00592442
0.00400517
0.00215354
0.00111461
0.00104538
0.000115054
-5.93761e-05
-0.000378221
-0.000765299
-0.00124511
-0.00188902
-0.00270677
-0.00354367
-0.00407986
-0.00393829
-0.00284666
-0.000825639
0.00168823
0.00396003
0.00512492
0.00474499
0.00310659
0.00137887
0.000597314
0.000688072
0.000534871
0.000263526
-7.86355e-05
-0.000560838
-0.00134824
-0.00258102
-0.00421866
-0.00598228
-0.00740023
-0.00794126
-0.00726192
-0.00546033
-0.00289057
-0.00019375
0.00179319
0.00243032
0.00171265
0.000506505
-0.000391622
-0.000388665
0.0011499
0.000739391
0.000190294
-0.000775939
-0.00245137
-0.00493662
-0.00799202
-0.0111153
-0.0136965
-0.0151692
-0.0151991
-0.0138329
-0.0112877
-0.00802418
-0.00474801
-0.00220567
-0.000866234
-0.000701947
-0.00128441
-0.0019139
0.00158049
0.000971262
-2.4682e-05
-0.00192468
-0.00500523
-0.0091758
-0.0139061
-0.0184688
-0.0222024
-0.0246374
-0.0255125
-0.0247076
-0.0223499
-0.0187321
-0.0142954
-0.00964846
-0.0055864
-0.00294425
-0.0021891
-0.00401328
0.00128999
0.000442232
-0.00119891
-0.00430363
-0.00900075
-0.0148719
-0.0210591
-0.026697
-0.031169
-0.0341537
-0.0355195
-0.0351643
-0.033174
-0.029699
-0.0248834
-0.0189487
-0.0124965
-0.0069423
-0.0043962
-0.00651871
-5.16119e-05
-0.00115004
-0.0035
-0.00779384
-0.0139245
-0.0211003
-0.0282158
-0.0343813
-0.0390971
-0.0421969
-0.0436832
-0.0435745
-0.0419395
-0.0388497
-0.0342869
-0.0281385
-0.0205256
-0.012694
-0.0078489
-0.00774318
-0.00245288
-0.00374356
-0.00669733
-0.0119074
-0.0190275
-0.0269621
-0.0344767
-0.0407445
-0.0454099
-0.0484315
-0.049892
-0.0498838
-0.0484862
-0.0457494
-0.0416298
-0.0359011
-0.0283066
-0.0193582
-0.0118146
-0.0079761
-0.00553845
-0.00691486
-0.0102601
-0.0160128
-0.0236415
-0.0318644
-0.0394174
-0.0455706
-0.0500877
-0.0530023
-0.0544286
-0.054469
-0.0531982
-0.0506773
-0.0469213
-0.0417796
-0.0348432
-0.0259303
-0.0166982
-0.00998821
-0.00873273
-0.0100836
-0.0135918
-0.0195301
-0.0272661
-0.0354575
-0.0428729
-0.0488612
-0.0532526
-0.0561043
-0.0575248
-0.0575962
-0.0563814
-0.0539549
-0.0504036
-0.0457223
-0.0396048
-0.0315025
-0.0223065
-0.0143297
-0.0115015
-0.012754
-0.0162116
-0.0220402
-0.0295843
-0.0375561
-0.0447837
-0.0506467
-0.0549813
-0.057826
-0.0592646
-0.0593562
-0.0581507
-0.0557278
-0.0522351
-0.0478107
-0.0423991
-0.0353587
-0.0271805
-0.0191658
-0.0135459
-0.0146139
-0.0178473
-0.0233004
-0.0304073
-0.0380293
-0.045074
-0.0508959
-0.0552662
-0.0581708
-0.0596547
-0.0597571
-0.058519
-0.0560209
-0.052463
-0.0480962
-0.0431749
-0.0370326
-0.030014
-0.0224024
-0.0148336
-0.015563
-0.0183434
-0.0231958
-0.0296708
-0.0368468
-0.0437226
-0.0495882
-0.0540941
-0.0571335
-0.0586989
-0.0588061
-0.0574907
-0.0548563
-0.0511274
-0.046617
-0.0419368
-0.0362795
-0.0302104
-0.0228827
-0.0154641
-0.0157177
-0.0177701
-0.021734
-0.0273701
-0.0340033
-0.0407128
-0.0466934
-0.0514373
-0.0547062
-0.0564166
-0.0565578
-0.0551402
-0.0522992
-0.0483024
-0.0435491
-0.0387084
-0.0331269
-0.0280885
-0.0202707
-0.0155711
-0.0152948
-0.0163329
-0.0190787
-0.0236381
-0.0296116
-0.0361404
-0.0422958
-0.0473796
-0.0509853
-0.0529227
-0.0531263
-0.0516379
-0.048546
-0.0441915
-0.0390298
-0.0337682
-0.0280654
-0.0242273
-0.0143837
-0.0152742
-0.0145479
-0.014258
-0.015421
-0.0186757
-0.0238792
-0.0302083
-0.0365834
-0.0420989
-0.0461564
-0.0484414
-0.0488188
-0.0473096
-0.0439851
-0.0392233
-0.0335047
-0.0276373
-0.0216325
-0.01806
-0.00384041
-0.0146603
-0.0136171
-0.0117065
-0.0110806
-0.0129507
-0.0173725
-0.0235195
-0.0301482
-0.0361637
-0.0407762
-0.0435401
-0.0442233
-0.0428161
-0.0393496
-0.0341688
-0.0276847
-0.0206879
-0.0132897
-0.00680363
0.0160371
-0.0145828
-0.0126573
-0.00865055
-0.00623834
-0.00691295
-0.010745
-0.0168111
-0.023726
-0.0302775
-0.0355123
-0.0388734
-0.0400049
-0.0388511
-0.0354285
-0.0298863
-0.022278
-0.0128864
-0.000710853
0.0166684
0.0570415
-0.0117956
-0.0118324
-0.00573086
-0.00178237
-0.00177229
-0.00540907
-0.011574
-0.0188068
-0.0258603
-0.0316663
-0.0356376
-0.0373366
-0.0366629
-0.0333396
-0.0272184
-0.0175476
-0.00316631
0.020463
0.0606746
0.129797
-0.0295172
-0.0106324
-0.0006152
0.00307181
0.00243909
-0.00156341
-0.00800054
-0.0155476
-0.0229633
-0.0291548
-0.0335091
-0.0355643
-0.0351801
-0.0319409
-0.0252217
-0.0128651
0.00940591
0.0511464
0.122851
0.226054
)
;

boundaryField
{
    movingWall
    {
        type            zeroGradient;
    }
    fixedWalls
    {
        type            zeroGradient;
    }
    frontAndBack
    {
        type            empty;
    }
}


// ************************************************************************* //
