/*--------------------------------*- C++ -*----------------------------------*\
| =========                 |                                                 |
| \\      /  F ield         | OpenFOAM: The Open Source CFD Toolbox           |
|  \\    /   O peration     | Version:  2212                                  |
|   \\  /    A nd           | Website:  www.openfoam.com                      |
|    \\/     M anipulation  |                                                 |
\*---------------------------------------------------------------------------*/
FoamFile
{
    version     2.0;
    format      ascii;
    arch        "LSB;label=32;scalar=64";
    class       surfaceScalarField;
    location    "7.2";
    object      phi;
}
// * * * * * * * * * * * * * * * * * * * * * * * * * * * * * * * * * * * * * //

dimensions      [0 3 -1 0 0 0 0];

oriented        oriented;

internalField   nonuniform List<scalar> 
760
(
1.56036e-07
-1.55977e-07
2.93445e-07
-1.37409e-07
3.09745e-07
-1.63012e-08
1.83433e-07
1.26311e-07
-1.20494e-07
3.03926e-07
-6.65947e-07
5.45453e-07
-1.485e-06
8.1905e-07
-2.49025e-06
1.00525e-06
-3.47947e-06
9.89228e-07
-4.2194e-06
7.39926e-07
-4.54315e-06
3.23746e-07
-4.35316e-06
-1.89983e-07
-3.59374e-06
-7.59427e-07
-2.37945e-06
-1.21429e-06
-9.40872e-07
-1.43858e-06
3.46719e-07
-1.28759e-06
1.08909e-06
-7.42368e-07
1.03261e-06
5.6476e-08
4.6084e-07
5.7177e-07
4.60839e-07
1.24897e-07
-2.80874e-07
7.43139e-08
-8.68273e-08
-2.97306e-07
3.55318e-07
-1.07898e-06
9.0799e-07
-2.3156e-06
1.54054e-06
-3.9265e-06
2.15635e-06
-5.66085e-06
2.55339e-06
-7.20518e-06
2.54958e-06
-8.33489e-06
2.11894e-06
-8.94026e-06
1.34529e-06
-8.97438e-06
3.57871e-07
-8.41475e-06
-7.4962e-07
-7.29268e-06
-1.88149e-06
-5.64166e-06
-2.8653e-06
-3.606e-06
-3.47425e-06
-1.49081e-06
-3.40278e-06
1.7795e-07
-2.41113e-06
8.58426e-07
-6.24e-07
5.25497e-07
9.04701e-07
9.86335e-07
-1.27728e-07
-1.53146e-07
-6.34054e-07
4.19497e-07
-1.62481e-06
1.34607e-06
-3.14084e-06
2.42402e-06
-5.05619e-06
3.4559e-06
-7.07134e-06
4.17151e-06
-8.87086e-06
4.35292e-06
-1.02747e-05
3.95343e-06
-1.12312e-05
3.07547e-06
-1.17327e-05
1.84676e-06
-1.17269e-05
3.52088e-07
-1.12683e-05
-1.20825e-06
-1.0336e-05
-2.81374e-06
-8.876e-06
-4.32535e-06
-6.86844e-06
-5.48181e-06
-4.40276e-06
-5.86845e-06
-1.87882e-06
-4.93507e-06
-8.66936e-08
-2.41613e-06
2.94579e-07
5.23429e-07
1.28091e-06
-5.00482e-07
3.47335e-07
-1.55971e-06
1.47873e-06
-3.1187e-06
2.90506e-06
-5.07986e-06
4.38518e-06
-7.18295e-06
5.55899e-06
-9.12025e-06
6.1088e-06
-1.06895e-05
5.9222e-06
-1.18483e-05
5.1122e-06
-1.26246e-05
3.85179e-06
-1.30531e-05
2.27526e-06
-1.31183e-05
4.17248e-07
-1.2879e-05
-1.44751e-06
-1.22966e-05
-3.39612e-06
-1.12693e-05
-5.35266e-06
-9.66635e-06
-7.0848e-06
-7.36304e-06
-8.17177e-06
-4.39802e-06
-7.90009e-06
-1.37806e-06
-5.43609e-06
1.20615e-07
-9.75247e-07
1.40153e-06
-8.61695e-07
1.20903e-06
-2.36096e-06
2.97799e-06
-4.23133e-06
4.77543e-06
-6.27788e-06
6.43173e-06
-8.21952e-06
7.50064e-06
-9.83361e-06
7.72289e-06
-1.10435e-05
7.13206e-06
-1.18756e-05
5.94436e-06
-1.23919e-05
4.36804e-06
-1.26649e-05
2.54828e-06
-1.27855e-05
5.37819e-07
-1.27401e-05
-1.49291e-06
-1.25199e-05
-3.61633e-06
-1.20459e-05
-5.82664e-06
-1.11319e-05
-7.9988e-06
-9.48991e-06
-9.81374e-06
-6.82056e-06
-1.05694e-05
-3.22239e-06
-9.03425e-06
-2.61265e-07
-3.93638e-06
1.14026e-06
-1.08665e-06
2.29567e-06
-2.78351e-06
4.67485e-06
-4.67653e-06
6.66845e-06
-6.53381e-06
8.28901e-06
-8.13111e-06
9.09793e-06
-9.33741e-06
8.92919e-06
-1.01487e-05
7.94332e-06
-1.063e-05
6.42569e-06
-1.08716e-05
4.60967e-06
-1.09733e-05
2.64994e-06
-1.10564e-05
6.20911e-07
-1.11072e-05
-1.44212e-06
-1.11418e-05
-3.58169e-06
-1.11314e-05
-5.83709e-06
-1.09224e-05
-8.20776e-06
-1.01879e-05
-1.05482e-05
-8.43365e-06
-1.23237e-05
-5.2436e-06
-1.22243e-05
-1.15848e-06
-8.0215e-06
-1.82105e-08
-1.11064e-06
3.40631e-06
-2.75801e-06
6.32222e-06
-4.45524e-06
8.36568e-06
-5.99057e-06
9.82435e-06
-7.20394e-06
1.03113e-05
-8.033e-06
9.75825e-06
-8.51546e-06
8.42579e-06
-8.7383e-06
6.64853e-06
-8.80503e-06
4.6764e-06
-8.81246e-06
2.65737e-06
-8.84282e-06
6.5127e-07
-8.91436e-06
-1.37058e-06
-9.04703e-06
-3.44903e-06
-9.25241e-06
-5.63171e-06
-9.47435e-06
-7.98581e-06
-9.48192e-06
-1.05406e-05
-8.75633e-06
-1.30493e-05
-6.5393e-06
-1.44413e-05
-2.4242e-06
-1.21366e-05
-2.44242e-06
-9.36027e-07
4.34234e-06
-2.34766e-06
7.73386e-06
-3.73493e-06
9.75295e-06
-4.91434e-06
1.10038e-05
-5.78495e-06
1.11819e-05
-6.32991e-06
1.03032e-05
-6.60638e-06
8.70226e-06
-6.70536e-06
6.7475e-06
-6.72275e-06
4.6938e-06
-6.73138e-06
2.66601e-06
-6.76673e-06
6.86616e-07
-6.84564e-06
-1.29167e-06
-6.98905e-06
-3.30561e-06
-7.2276e-06
-5.39316e-06
-7.57876e-06
-7.63466e-06
-7.95227e-06
-1.01671e-05
-7.93888e-06
-1.30627e-05
-6.72065e-06
-1.56596e-05
-3.58858e-06
-1.52687e-05
-6.031e-06
-6.25575e-07
4.96792e-06
-1.68865e-06
8.79693e-06
-2.72234e-06
1.07866e-05
-3.56201e-06
1.18434e-05
-4.15214e-06
1.1772e-05
-4.50288e-06
1.0654e-05
-4.67312e-06
8.8725e-06
-4.74121e-06
6.81559e-06
-4.77934e-06
4.73193e-06
-4.83082e-06
2.71749e-06
-4.90555e-06
7.61343e-07
-5.00975e-06
-1.18747e-06
-5.1532e-06
-3.16216e-06
-5.36445e-06
-5.18191e-06
-5.69865e-06
-7.30045e-06
-6.16982e-06
-9.69597e-06
-6.56089e-06
-1.26716e-05
-6.13135e-06
-1.60891e-05
-3.926e-06
-1.7474e-05
-9.957e-06
-2.33e-07
5.20092e-06
-8.94326e-07
9.45826e-06
-1.56649e-06
1.14588e-05
-2.09665e-06
1.23736e-05
-2.45713e-06
1.21325e-05
-2.67222e-06
1.0869e-05
-2.7901e-06
8.99038e-06
-2.86399e-06
6.88949e-06
-2.93842e-06
4.80635e-06
-3.03525e-06
2.81432e-06
-3.15721e-06
8.83303e-07
-3.30382e-06
-1.04087e-06
-3.47513e-06
-2.99085e-06
-3.68324e-06
-4.9738e-06
-3.97858e-06
-7.00511e-06
-4.44354e-06
-9.23101e-06
-5.02646e-06
-1.20887e-05
-5.12632e-06
-1.59893e-05
-3.56007e-06
-1.90402e-05
-1.35171e-05
1.63747e-07
5.03717e-06
-7.02654e-08
9.69227e-06
-4.03526e-07
1.17921e-05
-6.54854e-07
1.26249e-05
-8.10162e-07
1.22878e-05
-9.0058e-07
1.09595e-05
-9.6548e-07
9.05528e-06
-1.03673e-06
6.96074e-06
-1.13089e-06
4.90051e-06
-1.25572e-06
2.93915e-06
-1.41377e-06
1.04136e-06
-1.60719e-06
-8.4745e-07
-1.83443e-06
-2.76362e-06
-2.09316e-06
-4.71506e-06
-2.41065e-06
-6.68762e-06
-2.87843e-06
-8.76323e-06
-3.56181e-06
-1.14053e-05
-4.02664e-06
-1.55244e-05
-3.02655e-06
-2.00403e-05
-1.65436e-05
5.0219e-07
4.53498e-06
7.00367e-07
9.49409e-06
7.43749e-07
1.17487e-05
7.79502e-07
1.25892e-05
8.24487e-07
1.22428e-05
8.53382e-07
1.09306e-05
8.46525e-07
9.06213e-06
7.9572e-07
7.01155e-06
7.0182e-07
4.99441e-06
5.66547e-07
3.07443e-06
3.84708e-07
1.2232e-06
1.50112e-07
-6.12854e-07
-1.38818e-07
-2.47469e-06
-4.88731e-07
-4.36515e-06
-9.03276e-07
-6.27307e-06
-1.42601e-06
-8.24049e-06
-2.20441e-06
-1.06269e-05
-2.95411e-06
-1.47747e-05
-2.46102e-06
-2.05334e-05
-1.90046e-05
7.59222e-07
3.77576e-06
1.35868e-06
8.89464e-06
1.75292e-06
1.13544e-05
2.08377e-06
1.22583e-05
2.35812e-06
1.19685e-05
2.54582e-06
1.07429e-05
2.63877e-06
8.96919e-06
2.64767e-06
7.00265e-06
2.58652e-06
5.05556e-06
2.46176e-06
3.19918e-06
2.26581e-06
1.41916e-06
1.98457e-06
-3.31621e-07
1.61868e-06
-2.10879e-06
1.16319e-06
-3.90967e-06
6.13826e-07
-5.72371e-06
-8.06355e-08
-7.54603e-06
-9.544e-07
-9.75317e-06
-1.91753e-06
-1.38116e-05
-1.92448e-06
-2.05265e-05
-2.09291e-05
8.74813e-07
2.90095e-06
1.81769e-06
7.95176e-06
2.56228e-06
1.06098e-05
3.20593e-06
1.16147e-05
3.75612e-06
1.14183e-05
4.16961e-06
1.03294e-05
4.43058e-06
8.70823e-06
4.55296e-06
6.88026e-06
4.55964e-06
5.04888e-06
4.46565e-06
3.29317e-06
4.26887e-06
1.61594e-06
3.93669e-06
5.55809e-10
3.4898e-06
-1.6619e-06
2.90258e-06
-3.32245e-06
2.17625e-06
-4.99738e-06
1.32984e-06
-6.69963e-06
2.72922e-07
-8.69625e-06
-9.54287e-07
-1.25844e-05
-1.42542e-06
-2.00554e-05
-2.23545e-05
8.10693e-07
2.09025e-06
1.96342e-06
6.79904e-06
3.01038e-06
9.56289e-06
3.98781e-06
1.06372e-05
4.86878e-06
1.05373e-05
5.58727e-06
9.61087e-06
6.10418e-06
8.19132e-06
6.42244e-06
6.562e-06
6.56283e-06
4.90849e-06
6.54325e-06
3.31275e-06
6.3619e-06
1.7973e-06
6.01611e-06
3.46342e-07
5.47283e-06
-1.11862e-06
4.73952e-06
-2.58914e-06
3.80834e-06
-4.06619e-06
2.70826e-06
-5.59955e-06
1.39971e-06
-7.3877e-06
-1.49954e-07
-1.10347e-05
-9.09801e-07
-1.92955e-05
-2.32643e-05
5.80895e-07
1.50936e-06
1.76873e-06
5.6112e-06
3.113e-06
8.21862e-06
4.46982e-06
9.2804e-06
5.74171e-06
9.26544e-06
6.83007e-06
8.52251e-06
7.66947e-06
7.35192e-06
8.24723e-06
5.98425e-06
8.57563e-06
4.58008e-06
8.67134e-06
3.21704e-06
8.54103e-06
1.92761e-06
8.18182e-06
7.05548e-07
7.54963e-06
-4.86423e-07
6.66185e-06
-1.70136e-06
5.50585e-06
-2.91018e-06
4.12263e-06
-4.21634e-06
2.58593e-06
-5.851e-06
9.67226e-07
-9.41602e-06
-1.39765e-07
-1.81885e-05
-2.34041e-05
1.54017e-07
1.35534e-06
1.04747e-06
4.71775e-06
2.53131e-06
6.73478e-06
4.26037e-06
7.55133e-06
5.98935e-06
7.53646e-06
7.53051e-06
6.98135e-06
8.78115e-06
6.10127e-06
9.71147e-06
5.05393e-06
1.03165e-05
3.97505e-06
1.06076e-05
2.9259e-06
1.05908e-05
1.94444e-06
1.02716e-05
1.0248e-06
9.60374e-06
1.81408e-07
8.6096e-06
-7.07225e-07
7.2791e-06
-1.57969e-06
5.66435e-06
-2.60159e-06
3.92639e-06
-4.11303e-06
2.24913e-06
-7.73876e-06
6.56332e-07
-1.65957e-05
-2.27478e-05
-5.18895e-07
1.87423e-06
2.03336e-07
3.99552e-06
1.76644e-06
5.17168e-06
3.83878e-06
5.47899e-06
6.00324e-06
5.37199e-06
7.9729e-06
5.0117e-06
9.61113e-06
4.46304e-06
1.08764e-05
3.78869e-06
1.17511e-05
3.10033e-06
1.22514e-05
2.42555e-06
1.23809e-05
1.81498e-06
1.21592e-05
1.24649e-06
1.16105e-05
7.30139e-07
1.07052e-05
1.98076e-07
9.448e-06
-3.22521e-07
7.91247e-06
-1.06606e-06
6.28446e-06
-2.48502e-06
4.46547e-06
-5.91977e-06
2.05921e-06
-1.41895e-05
-2.06886e-05
-4.18128e-06
6.05551e-06
-3.64389e-06
3.45813e-06
-1.2442e-06
2.77199e-06
1.56128e-06
2.67351e-06
4.30874e-06
2.62453e-06
6.85122e-06
2.46922e-06
9.07509e-06
2.23917e-06
1.09199e-05
1.94386e-06
1.23671e-05
1.6531e-06
1.34437e-05
1.34896e-06
1.41667e-05
1.09201e-06
1.45808e-05
8.32383e-07
1.46737e-05
6.37263e-07
1.44544e-05
4.17405e-07
1.39186e-05
2.13263e-07
1.30822e-05
-2.29655e-07
1.19331e-05
-1.336e-06
1.01161e-05
-4.10277e-06
5.63937e-06
-9.71268e-06
-1.50492e-05
6.05551e-06
9.51364e-06
1.22856e-05
1.49591e-05
1.75837e-05
2.00529e-05
2.22921e-05
2.42359e-05
2.5889e-05
2.7238e-05
2.833e-05
2.91624e-05
2.97996e-05
3.0217e-05
3.04303e-05
3.02007e-05
2.88647e-05
2.47619e-05
1.50492e-05
)
;

boundaryField
{
    movingWall
    {
        type            calculated;
        value           uniform 0;
    }
    fixedWalls
    {
        type            calculated;
        value           uniform 0;
    }
    frontAndBack
    {
        type            empty;
        value           nonuniform List<scalar> 0();
    }
}


// ************************************************************************* //
