/*--------------------------------*- C++ -*----------------------------------*\
| =========                 |                                                 |
| \\      /  F ield         | OpenFOAM: The Open Source CFD Toolbox           |
|  \\    /   O peration     | Version:  2212                                  |
|   \\  /    A nd           | Website:  www.openfoam.com                      |
|    \\/     M anipulation  |                                                 |
\*---------------------------------------------------------------------------*/
FoamFile
{
    version     2.0;
    format      ascii;
    arch        "LSB;label=32;scalar=64";
    class       volScalarField;
    location    "7.2";
    object      T;
}
// * * * * * * * * * * * * * * * * * * * * * * * * * * * * * * * * * * * * * //

dimensions      [0 0 0 1 0 0 0];

internalField   nonuniform List<scalar> 
400
(
0.785433
0.791611
0.804035
0.822186
0.842898
0.861137
0.873474
0.879992
0.883092
0.88504
0.886727
0.888374
0.890039
0.891628
0.892821
0.893071
0.891481
0.886965
0.879902
0.874084
0.793651
0.801047
0.815801
0.836651
0.858131
0.873251
0.880185
0.882568
0.883566
0.884315
0.885416
0.887209
0.88979
0.892965
0.89598
0.897661
0.896217
0.890231
0.881503
0.875057
0.806343
0.816036
0.833994
0.855374
0.871864
0.878953
0.879702
0.878232
0.876105
0.874484
0.874388
0.876523
0.880918
0.887398
0.894685
0.900841
0.902597
0.896602
0.884456
0.876834
0.818707
0.830776
0.850202
0.867726
0.875985
0.875206
0.870098
0.863305
0.856395
0.851279
0.849329
0.851742
0.858243
0.868987
0.882471
0.896432
0.906566
0.906937
0.89295
0.881404
0.828321
0.841891
0.860237
0.871373
0.871123
0.862894
0.851018
0.837676
0.825384
0.816424
0.812382
0.814625
0.822806
0.837289
0.856832
0.879352
0.900702
0.914036
0.908893
0.890303
0.834941
0.848784
0.864174
0.868177
0.859927
0.844423
0.825523
0.80594
0.788925
0.776753
0.770993
0.772663
0.78174
0.798467
0.822149
0.851178
0.882221
0.909293
0.921579
0.903598
0.839086
0.852107
0.863595
0.860821
0.845541
0.823474
0.798441
0.773984
0.753656
0.739532
0.732854
0.734071
0.743351
0.760834
0.786385
0.819164
0.856681
0.893822
0.921685
0.922464
0.841422
0.853019
0.860674
0.852237
0.831149
0.803592
0.773787
0.745986
0.723718
0.708731
0.701775
0.70282
0.711892
0.729052
0.754553
0.78858
0.829999
0.874396
0.913046
0.932761
0.842508
0.852462
0.856823
0.844073
0.818607
0.787015
0.753975
0.724136
0.700859
0.685559
0.678546
0.679539
0.68835
0.704831
0.729191
0.762324
0.805075
0.854814
0.90171
0.929195
0.842745
0.851202
0.853305
0.837992
0.80979
0.775575
0.74048
0.70938
0.685467
0.66988
0.662658
0.663465
0.672029
0.687999
0.71116
0.742344
0.78405
0.836815
0.891658
0.926608
0.842386
0.849637
0.850471
0.834105
0.804679
0.769288
0.733372
0.701768
0.677472
0.661474
0.653753
0.654057
0.662165
0.677639
0.699821
0.728868
0.76797
0.821246
0.882209
0.924927
0.841583
0.848001
0.848642
0.832974
0.804103
0.769019
0.73333
0.70174
0.677144
0.660578
0.65212
0.651612
0.658892
0.673535
0.694637
0.721533
0.75713
0.809006
0.874727
0.924039
0.840348
0.846282
0.847457
0.833758
0.806934
0.77356
0.739263
0.708546
0.684204
0.667365
0.658239
0.656742
0.662793
0.676
0.695433
0.719953
0.751448
0.79999
0.868752
0.923956
0.838599
0.844404
0.846744
0.836317
0.813278
0.783267
0.751688
0.722788
0.69928
0.68244
0.672683
0.669935
0.674274
0.685298
0.702187
0.723615
0.75063
0.794727
0.864908
0.924551
0.836198
0.842178
0.845639
0.838703
0.820348
0.795012
0.767578
0.741895
0.720461
0.704558
0.694746
0.690943
0.693304
0.701495
0.714861
0.732473
0.754779
0.793062
0.862836
0.925824
0.833274
0.839592
0.844427
0.84134
0.828637
0.809314
0.787371
0.766103
0.747734
0.73348
0.723949
0.719192
0.719233
0.723967
0.732989
0.745834
0.763089
0.794483
0.862713
0.927827
0.830463
0.836597
0.841587
0.841022
0.833321
0.820317
0.804802
0.789248
0.775337
0.764073
0.755879
0.75097
0.749187
0.750677
0.755429
0.763338
0.776109
0.8016
0.866646
0.931218
0.82845
0.834946
0.840877
0.842278
0.838881
0.831711
0.822398
0.812463
0.803014
0.794841
0.788257
0.783569
0.780776
0.780023
0.781812
0.7859
0.795517
0.815401
0.874159
0.93551
0.804736
0.831428
0.83318
0.834232
0.832625
0.829692
0.82594
0.822319
0.818917
0.816444
0.814677
0.814009
0.814319
0.815522
0.81842
0.822024
0.83111
0.846839
0.891877
0.942862
0.862503
0.879435
0.888736
0.894574
0.897991
0.900321
0.901779
0.903179
0.90425
0.905623
0.906827
0.908444
0.909916
0.911816
0.913595
0.916006
0.918934
0.925006
0.936825
0.958003
)
;

boundaryField
{
    movingWall
    {
        type            fixedValue;
        value           uniform 1;
    }
    fixedWalls
    {
        type            zeroGradient;
    }
    frontAndBack
    {
        type            empty;
    }
}


// ************************************************************************* //
