/*--------------------------------*- C++ -*----------------------------------*\
| =========                 |                                                 |
| \\      /  F ield         | OpenFOAM: The Open Source CFD Toolbox           |
|  \\    /   O peration     | Version:  2212                                  |
|   \\  /    A nd           | Website:  www.openfoam.com                      |
|    \\/     M anipulation  |                                                 |
\*---------------------------------------------------------------------------*/
FoamFile
{
    version     2.0;
    format      ascii;
    arch        "LSB;label=32;scalar=64";
    class       volVectorField;
    location    "7.2";
    object      U;
}
// * * * * * * * * * * * * * * * * * * * * * * * * * * * * * * * * * * * * * //

dimensions      [0 1 -1 0 0 0 0];

internalField   nonuniform List<vector> 
400
(
(0.00168137 -0.00168236 0)
(0.00483639 -0.00189094 0)
(0.00658667 -0.00120003 0)
(0.00566961 -0.000574688 0)
(0.00156741 0.000184356 0)
(-0.00683181 0.00173933 0)
(-0.0206064 0.0047848 0)
(-0.0395327 0.00873258 0)
(-0.0607963 0.0112888 0)
(-0.0791195 0.0105104 0)
(-0.089796 0.00677476 0)
(-0.0904515 0.00167105 0)
(-0.0802222 -0.00361309 0)
(-0.0599989 -0.00827127 0)
(-0.0335339 -0.0108442 0)
(-0.00531074 -0.00979414 0)
(0.0167052 -0.0047756 0)
(0.0244568 0.0027735 0)
(0.0161729 0.00646921 0)
(0.00431562 0.00471568 0)
(0.00171892 -0.00506068 0)
(0.00315805 -0.00402802 0)
(-0.000423463 0.000589764 0)
(-0.0113347 0.00644131 0)
(-0.031425 0.0140467 0)
(-0.0611386 0.0237662 0)
(-0.0968235 0.0330501 0)
(-0.131427 0.037081 0)
(-0.158935 0.0335096 0)
(-0.176066 0.0233992 0)
(-0.181416 0.00911285 0)
(-0.17505 -0.00698185 0)
(-0.15754 -0.0231627 0)
(-0.12964 -0.0369018 0)
(-0.0936128 -0.0445555 0)
(-0.0522018 -0.0418337 0)
(-0.0114132 -0.0263372 0)
(0.0168752 -0.00128807 0)
(0.0178643 0.0162148 0)
(0.00554088 0.014815 0)
(-0.000241281 -0.00577303 0)
(-0.00538449 0.000808347 0)
(-0.0196112 0.0142995 0)
(-0.044499 0.0312286 0)
(-0.0803239 0.0494304 0)
(-0.122173 0.0642998 0)
(-0.162307 0.0705249 0)
(-0.19522 0.0660111 0)
(-0.218808 0.0521805 0)
(-0.232474 0.031532 0)
(-0.236231 0.00642361 0)
(-0.23075 -0.0210981 0)
(-0.216343 -0.0488519 0)
(-0.192506 -0.0732037 0)
(-0.158979 -0.0890061 0)
(-0.115727 -0.0892167 0)
(-0.0645601 -0.0670277 0)
(-0.0138289 -0.0226772 0)
(0.0094763 0.0179039 0)
(0.00415528 0.023572 0)
(-0.00347207 0.000461902 0)
(-0.0175131 0.0172448 0)
(-0.0435085 0.0414934 0)
(-0.0796631 0.0681755 0)
(-0.122925 0.0911326 0)
(-0.165804 0.103817 0)
(-0.201864 0.102874 0)
(-0.229179 0.0896486 0)
(-0.248012 0.0673125 0)
(-0.258964 0.0385773 0)
(-0.262872 0.00532751 0)
(-0.260543 -0.031095 0)
(-0.251916 -0.068424 0)
(-0.235947 -0.103708 0)
(-0.210646 -0.131456 0)
(-0.173312 -0.142864 0)
(-0.121382 -0.125752 0)
(-0.0568401 -0.0708579 0)
(-0.000991399 0.00354951 0)
(0.00474214 0.0282303 0)
(-0.00666123 0.0147888 0)
(-0.0287225 0.0441082 0)
(-0.0632725 0.0770768 0)
(-0.10443 0.108889 0)
(-0.147235 0.131171 0)
(-0.184523 0.138157 0)
(-0.212851 0.129469 0)
(-0.232626 0.108719 0)
(-0.245137 0.0797799 0)
(-0.252108 0.0454432 0)
(-0.255226 0.00725162 0)
(-0.255411 -0.033971 0)
(-0.252439 -0.0770442 0)
(-0.245766 -0.12064 0)
(-0.232582 -0.160775 0)
(-0.208272 -0.18899 0)
(-0.166785 -0.189952 0)
(-0.10343 -0.142868 0)
(-0.0221835 -0.0388656 0)
(0.00737913 0.0270887 0)
(-0.0085079 0.0348728 0)
(-0.0351657 0.0766269 0)
(-0.0730688 0.114925 0)
(-0.113226 0.147661 0)
(-0.150477 0.165988 0)
(-0.179329 0.165925 0)
(-0.198845 0.14972 0)
(-0.210581 0.12247 0)
(-0.216522 0.0885215 0)
(-0.219146 0.050862 0)
(-0.220412 0.0109659 0)
(-0.221315 -0.0307276 0)
(-0.222055 -0.0746741 0)
(-0.222739 -0.121234 0)
(-0.22118 -0.169177 0)
(-0.212292 -0.213012 0)
(-0.187986 -0.23855 0)
(-0.13966 -0.218515 0)
(-0.0628367 -0.118935 0)
(0.00584395 0.0141939 0)
(-0.0082893 0.0569968 0)
(-0.0353286 0.109989 0)
(-0.071811 0.150458 0)
(-0.107039 0.181138 0)
(-0.136663 0.193827 0)
(-0.15706 0.186433 0)
(-0.16896 0.163275 0)
(-0.174487 0.1305 0)
(-0.176048 0.0928684 0)
(-0.176137 0.0533949 0)
(-0.176245 0.0133234 0)
(-0.177047 -0.0272755 0)
(-0.179087 -0.0695195 0)
(-0.182909 -0.114657 0)
(-0.187874 -0.163785 0)
(-0.190362 -0.215759 0)
(-0.182488 -0.261621 0)
(-0.154251 -0.275151 0)
(-0.0993799 -0.205891 0)
(-0.00890761 -0.014632 0)
(-0.00613248 0.0775841 0)
(-0.0297805 0.140531 0)
(-0.0614044 0.181185 0)
(-0.0898645 0.208289 0)
(-0.111865 0.214875 0)
(-0.125393 0.20055 0)
(-0.132072 0.171322 0)
(-0.134211 0.134168 0)
(-0.134259 0.0940673 0)
(-0.134147 0.0537262 0)
(-0.134546 0.0138686 0)
(-0.135638 -0.0258497 0)
(-0.137877 -0.066414 0)
(-0.141955 -0.10901 0)
(-0.148487 -0.15559 0)
(-0.156172 -0.208513 0)
(-0.159045 -0.265854 0)
(-0.14673 -0.308103 0)
(-0.112238 -0.277188 0)
(-0.0309582 -0.0753318 0)
(-0.00272799 0.0935957 0)
(-0.0204097 0.165613 0)
(-0.0451359 0.205568 0)
(-0.0663231 0.228549 0)
(-0.0815846 0.229508 0)
(-0.0900677 0.209522 0)
(-0.0936896 0.175773 0)
(-0.0945887 0.135743 0)
(-0.0948527 0.0944119 0)
(-0.0956371 0.053996 0)
(-0.0969802 0.0145936 0)
(-0.0987883 -0.0245447 0)
(-0.101229 -0.0641561 0)
(-0.104806 -0.104898 0)
(-0.110668 -0.148366 0)
(-0.11955 -0.198492 0)
(-0.128322 -0.259742 0)
(-0.126509 -0.323424 0)
(-0.107468 -0.334738 0)
(-0.0373433 -0.163415 0)
(0.00121986 0.102736 0)
(-0.00893804 0.183448 0)
(-0.0256342 0.223116 0)
(-0.0396274 0.242727 0)
(-0.0491016 0.239488 0)
(-0.0539685 0.215515 0)
(-0.0559297 0.178761 0)
(-0.0566323 0.13707 0)
(-0.0575831 0.0953306 0)
(-0.0593172 0.0552256 0)
(-0.0616052 0.0163037 0)
(-0.0643033 -0.0224528 0)
(-0.0674032 -0.0616569 0)
(-0.0710838 -0.101514 0)
(-0.0762778 -0.1427 0)
(-0.084556 -0.188845 0)
(-0.0960406 -0.248291 0)
(-0.100641 -0.324283 0)
(-0.0951661 -0.3722 0)
(-0.0309203 -0.242554 0)
(0.00511666 0.1039 0)
(0.00295816 0.193043 0)
(-0.00538544 0.233607 0)
(-0.0124987 0.250755 0)
(-0.0168863 0.244666 0)
(-0.0187698 0.218448 0)
(-0.0194532 0.180387 0)
(-0.0199757 0.138318 0)
(-0.021269 0.096877 0)
(-0.0235014 0.0573688 0)
(-0.0263878 0.0190696 0)
(-0.0298691 -0.0191322 0)
(-0.0339617 -0.0578975 0)
(-0.0386053 -0.0972833 0)
(-0.0443464 -0.137213 0)
(-0.0524145 -0.180078 0)
(-0.0657421 -0.235575 0)
(-0.0742167 -0.318052 0)
(-0.0811957 -0.396701 0)
(-0.0229409 -0.307108 0)
(0.00845302 0.0974276 0)
(0.0142152 0.194034 0)
(0.0140988 0.237128 0)
(0.0137051 0.253534 0)
(0.0143283 0.246449 0)
(0.0155257 0.219741 0)
(0.016386 0.181692 0)
(0.0164405 0.139984 0)
(0.0153024 0.0990609 0)
(0.0130242 0.0601647 0)
(0.00985612 0.0226089 0)
(0.00574972 -0.0147219 0)
(0.000562038 -0.0526183 0)
(-0.00555904 -0.0911818 0)
(-0.0130221 -0.130045 0)
(-0.0219686 -0.170214 0)
(-0.0377116 -0.22061 0)
(-0.0487339 -0.304409 0)
(-0.0679061 -0.408446 0)
(-0.0144599 -0.359989 0)
(0.0103219 0.0844555 0)
(0.0234063 0.186441 0)
(0.0310671 0.233253 0)
(0.0369942 0.25008 0)
(0.0426533 0.243235 0)
(0.0476052 0.21745 0)
(0.051039 0.180689 0)
(0.0527108 0.14029 0)
(0.0525745 0.100544 0)
(0.0508404 0.0627631 0)
(0.0477279 0.0264371 0)
(0.043121 -0.00949514 0)
(0.0368524 -0.0459301 0)
(0.0290443 -0.083028 0)
(0.0188996 -0.120424 0)
(0.00758196 -0.15835 0)
(-0.0118266 -0.20432 0)
(-0.024254 -0.286409 0)
(-0.0558517 -0.410956 0)
(-0.00614006 -0.401841 0)
(0.00986984 0.067216 0)
(0.029012 0.170639 0)
(0.0443312 0.222167 0)
(0.0568681 0.241251 0)
(0.0681562 0.236318 0)
(0.0778374 0.212955 0)
(0.0850523 0.178665 0)
(0.0894999 0.140332 0)
(0.091257 0.102186 0)
(0.0906247 0.0657748 0)
(0.0879345 0.0309589 0)
(0.0828857 -0.00328169 0)
(0.0753765 -0.037486 0)
(0.0656931 -0.0722333 0)
(0.0524551 -0.107331 0)
(0.0375348 -0.142662 0)
(0.0131063 -0.184154 0)
(5.69362e-05 -0.263175 0)
(-0.0448098 -0.406663 0)
(0.00276154 -0.436227 0)
(0.00692368 0.0493918 0)
(0.0293444 0.148929 0)
(0.0510826 0.203586 0)
(0.0699529 0.224492 0)
(0.0874212 0.221628 0)
(0.103108 0.20147 0)
(0.115769 0.170879 0)
(0.124725 0.135996 0)
(0.129887 0.100813 0)
(0.131499 0.0670058 0)
(0.129829 0.0348256 0)
(0.124905 0.00344609 0)
(0.116278 -0.0274181 0)
(0.104555 -0.0586275 0)
(0.0874766 -0.0902269 0)
(0.0683026 -0.122829 0)
(0.0382567 -0.160751 0)
(0.0238324 -0.237084 0)
(-0.0344549 -0.398919 0)
(0.0134689 -0.464397 0)
(0.00238469 0.0346327 0)
(0.0236234 0.123876 0)
(0.0509268 0.179905 0)
(0.0766476 0.20289 0)
(0.101303 0.202572 0)
(0.124176 0.18617 0)
(0.143619 0.160117 0)
(0.158416 0.129693 0)
(0.168151 0.0985128 0)
(0.173032 0.0682646 0)
(0.173001 0.0395449 0)
(0.168771 0.0119466 0)
(0.158939 -0.0148755 0)
(0.145215 -0.0416564 0)
(0.123927 -0.0686793 0)
(0.100404 -0.0974682 0)
(0.0645705 -0.132623 0)
(0.0469774 -0.207398 0)
(-0.0227222 -0.387052 0)
(0.0285243 -0.485537 0)
(-0.00342465 0.0286283 0)
(0.0100596 0.101493 0)
(0.0370835 0.148665 0)
(0.0689355 0.169416 0)
(0.101818 0.17063 0)
(0.133525 0.158338 0)
(0.161511 0.137905 0)
(0.184044 0.113508 0)
(0.200082 0.0882312 0)
(0.209997 0.0636033 0)
(0.212915 0.0403697 0)
(0.210658 0.0184109 0)
(0.200398 -0.002648 0)
(0.185774 -0.0232677 0)
(0.160975 -0.0439202 0)
(0.134376 -0.0676745 0)
(0.0928685 -0.101626 0)
(0.069847 -0.179965 0)
(-0.00438391 -0.370033 0)
(0.0521531 -0.491631 0)
(-0.0140021 0.0185316 0)
(-0.00751447 0.0881795 0)
(0.0192026 0.124179 0)
(0.05642 0.137291 0)
(0.0975577 0.136875 0)
(0.137925 0.127689 0)
(0.174163 0.113034 0)
(0.203993 0.0952591 0)
(0.225876 0.0767937 0)
(0.240959 0.0586541 0)
(0.246989 0.0417936 0)
(0.247902 0.0261119 0)
(0.238569 0.0117621 0)
(0.22676 -0.00201887 0)
(0.201778 -0.0160498 0)
(0.177816 -0.0349824 0)
(0.133493 -0.0677615 0)
(0.107809 -0.145978 0)
(0.0374588 -0.326117 0)
(0.092362 -0.455871 0)
(-0.106013 0.0824281 0)
(-0.0777534 0.0689998 0)
(-0.0485689 0.0733646 0)
(0.00376642 0.0778752 0)
(0.0572656 0.0782034 0)
(0.109981 0.0739369 0)
(0.157134 0.0666023 0)
(0.199481 0.0572002 0)
(0.231581 0.047529 0)
(0.259723 0.0378781 0)
(0.275447 0.0292178 0)
(0.290601 0.0212381 0)
(0.29096 0.0144872 0)
(0.29508 0.00810841 0)
(0.278795 0.00114479 0)
(0.271598 -0.00999309 0)
(0.232305 -0.0355509 0)
(0.218125 -0.0954119 0)
(0.150205 -0.229723 0)
(0.170671 -0.341457 0)
(0.129973 0.103747 0)
(0.158328 0.0752351 0)
(0.212178 0.053236 0)
(0.270686 0.0416295 0)
(0.323257 0.0359175 0)
(0.37569 0.031951 0)
(0.420274 0.0289176 0)
(0.465582 0.0255815 0)
(0.498669 0.0229036 0)
(0.533912 0.0197117 0)
(0.553346 0.0175498 0)
(0.579156 0.0146127 0)
(0.585297 0.0131689 0)
(0.603643 0.0103508 0)
(0.595072 0.00938898 0)
(0.603585 0.00500465 0)
(0.567787 9.30481e-05 0)
(0.54762 -0.0183137 0)
(0.435703 -0.0504145 0)
(0.336759 -0.101387 0)
)
;

boundaryField
{
    movingWall
    {
        type            fixedValue;
        value           uniform (1 0 0);
    }
    fixedWalls
    {
        type            noSlip;
    }
    frontAndBack
    {
        type            empty;
    }
}


// ************************************************************************* //
