/*--------------------------------*- C++ -*----------------------------------*\
| =========                 |                                                 |
| \\      /  F ield         | OpenFOAM: The Open Source CFD Toolbox           |
|  \\    /   O peration     | Version:  2212                                  |
|   \\  /    A nd           | Website:  www.openfoam.com                      |
|    \\/     M anipulation  |                                                 |
\*---------------------------------------------------------------------------*/
FoamFile
{
    version     2.0;
    format      ascii;
    arch        "LSB;label=32;scalar=64";
    class       surfaceScalarField;
    location    "2.9";
    object      phi;
}
// * * * * * * * * * * * * * * * * * * * * * * * * * * * * * * * * * * * * * //

dimensions      [0 3 -1 0 0 0 0];

oriented        oriented;

internalField   nonuniform List<scalar> 
760
(
1.42817e-07
-1.42816e-07
2.65657e-07
-1.2284e-07
2.75892e-07
-1.02346e-08
1.51376e-07
1.24516e-07
-1.42406e-07
2.93783e-07
-6.64765e-07
5.22358e-07
-1.44625e-06
7.8148e-07
-2.40896e-06
9.62719e-07
-3.36497e-06
9.56005e-07
-4.09085e-06
7.25884e-07
-4.4198e-06
3.28949e-07
-4.25575e-06
-1.6405e-07
-3.53606e-06
-7.19692e-07
-2.36837e-06
-1.16768e-06
-9.74336e-07
-1.39404e-06
2.82176e-07
-1.25651e-06
1.02186e-06
-7.3968e-07
9.88514e-07
3.3343e-08
4.44563e-07
5.43951e-07
4.44563e-07
1.04034e-07
-2.4685e-07
3.8514e-08
-5.73207e-08
-3.25362e-07
3.53642e-07
-1.07494e-06
8.74094e-07
-2.25543e-06
1.47427e-06
-3.79689e-06
2.06382e-06
-5.46946e-06
2.45405e-06
-6.97512e-06
2.46838e-06
-8.08995e-06
2.07083e-06
-8.69934e-06
1.33528e-06
-8.75345e-06
3.83056e-07
-8.22576e-06
-6.91735e-07
-7.14668e-06
-1.79877e-06
-5.54654e-06
-2.76783e-06
-3.56457e-06
-3.37601e-06
-1.49734e-06
-3.32374e-06
1.36941e-07
-2.37396e-06
8.18142e-07
-6.47858e-07
5.07728e-07
8.54366e-07
9.52291e-07
-1.39652e-07
-1.07198e-07
-6.37469e-07
4.40496e-07
-1.58931e-06
1.30548e-06
-3.03754e-06
2.32232e-06
-4.87354e-06
3.31028e-06
-6.8218e-06
4.01208e-06
-8.57913e-06
4.21138e-06
-9.96208e-06
3.85132e-06
-1.0912e-05
3.02071e-06
-1.14178e-05
1.84109e-06
-1.1433e-05
3.98264e-07
-1.0998e-05
-1.12673e-06
-1.00985e-05
-2.69823e-06
-8.68099e-06
-4.18536e-06
-6.72453e-06
-5.33247e-06
-4.31741e-06
-5.73086e-06
-1.84962e-06
-4.84176e-06
-9.48836e-08
-2.4026e-06
2.88191e-07
4.71291e-07
1.24048e-06
-4.86704e-07
3.79506e-07
-1.50713e-06
1.46092e-06
-2.99899e-06
2.79734e-06
-4.88041e-06
4.20374e-06
-6.91363e-06
5.34349e-06
-8.8052e-06
5.90365e-06
-1.0352e-05
5.75813e-06
-1.15018e-05
5.00121e-06
-1.22779e-05
3.7968e-06
-1.2713e-05
2.27621e-06
-1.2795e-05
4.80233e-07
-1.25735e-05
-1.34824e-06
-1.20157e-05
-3.25608e-06
-1.10201e-05
-5.18088e-06
-9.457e-06
-6.8956e-06
-7.20374e-06
-7.98412e-06
-4.30194e-06
-7.74356e-06
-1.35322e-06
-5.35131e-06
1.16079e-07
-9.98009e-07
1.35656e-06
-8.23619e-07
1.20313e-06
-2.25771e-06
2.89501e-06
-4.05065e-06
4.59028e-06
-6.0262e-06
6.17929e-06
-7.91931e-06
7.2366e-06
-9.50917e-06
7.49352e-06
-1.07107e-05
6.95965e-06
-1.15428e-05
5.83329e-06
-1.20639e-05
4.3179e-06
-1.23453e-05
2.55764e-06
-1.24731e-05
6.08047e-07
-1.24427e-05
-1.37863e-06
-1.22419e-05
-3.45689e-06
-1.17901e-05
-5.63271e-06
-1.09017e-05
-7.78397e-06
-9.29229e-06
-9.59356e-06
-6.67248e-06
-1.03634e-05
-3.14926e-06
-8.87452e-06
-2.59121e-07
-3.88815e-06
1.09744e-06
-1.03098e-06
2.23411e-06
-2.65343e-06
4.51746e-06
-4.47445e-06
6.4113e-06
-6.27746e-06
7.98231e-06
-7.84458e-06
8.80372e-06
-9.03976e-06
8.6887e-06
-9.84904e-06
7.76892e-06
-1.03314e-05
6.31564e-06
-1.05746e-05
4.56112e-06
-1.06786e-05
2.66164e-06
-1.07633e-05
6.92775e-07
-1.08276e-05
-1.31437e-06
-1.08807e-05
-3.40373e-06
-1.0892e-05
-5.62148e-06
-1.07049e-05
-7.97106e-06
-9.99124e-06
-1.03072e-05
-8.26374e-06
-1.20909e-05
-5.12332e-06
-1.20149e-05
-1.13158e-06
-7.87989e-06
-3.41435e-08
-1.05026e-06
3.28437e-06
-2.62677e-06
6.09397e-06
-4.2653e-06
8.04982e-06
-5.76075e-06
9.47776e-06
-6.95451e-06
9.99748e-06
-7.77635e-06
9.51054e-06
-8.25458e-06
8.24715e-06
-8.47124e-06
6.5323e-06
-8.52901e-06
4.61889e-06
-8.52787e-06
2.6605e-06
-8.5549e-06
7.19805e-07
-8.63522e-06
-1.23405e-06
-8.78702e-06
-3.25194e-06
-9.02035e-06
-5.38814e-06
-9.27323e-06
-7.71819e-06
-9.30691e-06
-1.02735e-05
-8.59998e-06
-1.27978e-05
-6.40995e-06
-1.4205e-05
-2.36362e-06
-1.19262e-05
-2.39777e-06
-8.83661e-07
4.16803e-06
-2.23583e-06
7.44614e-06
-3.57785e-06
9.39184e-06
-4.72811e-06
1.0628e-05
-5.58344e-06
1.08528e-05
-6.11938e-06
1.00465e-05
-6.38565e-06
8.51342e-06
-6.47005e-06
6.6167e-06
-6.47026e-06
4.6191e-06
-6.46381e-06
2.65406e-06
-6.49187e-06
7.47866e-07
-6.57376e-06
-1.15216e-06
-6.73223e-06
-3.09347e-06
-6.99885e-06
-5.12153e-06
-7.38807e-06
-7.32896e-06
-7.80007e-06
-9.86152e-06
-7.8138e-06
-1.27841e-05
-6.61247e-06
-1.54063e-05
-3.50275e-06
-1.50359e-05
-5.90051e-06
-5.89142e-07
4.75717e-06
-1.60789e-06
8.46489e-06
-2.60895e-06
1.03929e-05
-3.42717e-06
1.14462e-05
-4.00387e-06
1.14295e-05
-4.34348e-06
1.03861e-05
-4.50019e-06
8.67013e-06
-4.55139e-06
6.6679e-06
-4.57185e-06
4.63956e-06
-4.60925e-06
2.69146e-06
-4.67599e-06
8.14601e-07
-4.77866e-06
-1.04948e-06
-4.92921e-06
-2.94293e-06
-5.15907e-06
-4.89167e-06
-5.52607e-06
-6.96196e-06
-6.03964e-06
-9.34795e-06
-6.46564e-06
-1.23581e-05
-6.05224e-06
-1.58197e-05
-3.86436e-06
-1.72238e-05
-9.76487e-06
-2.18425e-07
4.9756e-06
-8.51991e-07
9.09846e-06
-1.50335e-06
1.10443e-05
-2.01898e-06
1.19619e-05
-2.36823e-06
1.17788e-05
-2.57215e-06
1.059e-05
-2.6773e-06
8.77528e-06
-2.73738e-06
6.72797e-06
-2.79917e-06
4.70135e-06
-2.88659e-06
2.77887e-06
-3.0021e-06
9.30111e-07
-3.14424e-06
-9.07343e-07
-3.31413e-06
-2.77304e-06
-3.52717e-06
-4.67862e-06
-3.84137e-06
-6.64777e-06
-4.3413e-06
-8.84801e-06
-4.96162e-06
-1.17377e-05
-5.08082e-06
-1.57005e-05
-3.52716e-06
-1.87775e-05
-1.3292e-05
1.54706e-07
4.82089e-06
-6.85167e-08
9.32168e-06
-3.91292e-07
1.1367e-05
-6.35125e-07
1.22057e-05
-7.83398e-07
1.1927e-05
-8.65812e-07
1.06724e-05
-9.22224e-07
8.8317e-06
-9.85864e-07
6.79161e-06
-1.07424e-06
4.78972e-06
-1.19468e-06
2.89931e-06
-1.34792e-06
1.08336e-06
-1.53475e-06
-7.20519e-07
-1.75391e-06
-2.55387e-06
-2.00609e-06
-4.42644e-06
-2.32481e-06
-6.32905e-06
-2.8123e-06
-8.36053e-06
-3.52632e-06
-1.10237e-05
-4.00842e-06
-1.52184e-05
-3.01331e-06
-1.97726e-05
-1.63053e-05
4.70414e-07
4.35048e-06
6.57862e-07
9.13423e-06
6.97784e-07
1.13271e-05
7.33435e-07
1.21701e-05
7.81777e-07
1.18787e-05
8.15664e-07
1.06385e-05
8.12765e-07
8.83459e-06
7.63603e-07
6.84078e-06
6.70201e-07
4.88312e-06
5.36237e-07
3.03327e-06
3.58921e-07
1.26067e-06
1.32749e-07
-4.94348e-07
-1.45095e-07
-2.27603e-06
-4.80591e-07
-4.09094e-06
-8.83142e-07
-5.9265e-06
-1.40753e-06
-7.83614e-06
-2.20347e-06
-1.02278e-05
-2.96426e-06
-1.44576e-05
-2.46686e-06
-2.027e-05
-1.87722e-05
7.066e-07
3.64388e-06
1.27461e-06
8.56622e-06
1.65165e-06
1.09501e-05
1.97345e-06
1.18483e-05
2.246e-06
1.16061e-05
2.4347e-06
1.04498e-05
2.52713e-06
8.74216e-06
2.53293e-06
6.83497e-06
2.46794e-06
4.94812e-06
2.34234e-06
3.15887e-06
2.15183e-06
1.45119e-06
1.88194e-06
-2.24459e-07
1.53117e-06
-1.92526e-06
1.09447e-06
-3.65424e-06
5.65997e-07
-5.39803e-06
-1.12848e-07
-7.1573e-06
-9.91053e-07
-9.34958e-06
-1.95737e-06
-1.34913e-05
-1.94365e-06
-2.02837e-05
-2.07159e-05
8.10193e-07
2.83369e-06
1.7003e-06
7.67611e-06
2.41159e-06
1.02388e-05
3.03472e-06
1.12251e-05
3.57398e-06
1.10669e-05
3.98185e-06
1.0042e-05
4.23777e-06
8.48625e-06
4.35407e-06
6.71868e-06
4.35542e-06
4.94677e-06
4.25945e-06
3.25484e-06
4.06538e-06
1.64525e-06
3.75296e-06
8.79663e-08
3.32211e-06
-1.4944e-06
2.75843e-06
-3.09057e-06
2.06014e-06
-4.69974e-06
1.2406e-06
-6.33775e-06
2.01935e-07
-8.31091e-06
-1.01625e-06
-1.22731e-05
-1.45509e-06
-1.98449e-05
-2.2171e-05
7.47263e-07
2.08642e-06
1.82783e-06
6.59555e-06
2.82446e-06
9.24216e-06
3.76766e-06
1.02819e-05
4.62597e-06
1.02086e-05
5.32989e-06
9.33806e-06
5.8359e-06
7.98023e-06
6.1446e-06
6.40998e-06
6.27797e-06
4.8134e-06
6.2569e-06
3.27591e-06
6.08343e-06
1.81872e-06
5.74673e-06
4.24671e-07
5.22658e-06
-9.74257e-07
4.52188e-06
-2.38587e-06
3.62575e-06
-3.8036e-06
2.5673e-06
-5.27931e-06
1.29709e-06
-7.0407e-06
-2.08068e-07
-1.0768e-05
-9.53138e-07
-1.90998e-05
-2.31241e-05
5.32325e-07
1.5541e-06
1.63738e-06
5.49049e-06
2.91234e-06
7.9672e-06
4.21319e-06
8.98107e-06
5.44391e-06
8.97783e-06
6.50382e-06
8.27816e-06
7.32346e-06
7.16059e-06
7.887e-06
5.84644e-06
8.20651e-06
4.49388e-06
8.30057e-06
3.18185e-06
8.17646e-06
1.94283e-06
7.83253e-06
7.68602e-07
7.22593e-06
-3.67666e-07
6.37246e-06
-1.5324e-06
5.25959e-06
-2.69073e-06
3.93161e-06
-3.95133e-06
2.4466e-06
-5.5557e-06
8.60232e-07
-9.18159e-06
-1.90222e-07
-1.80493e-05
-2.33143e-05
1.25894e-07
1.4282e-06
9.4012e-07
4.67626e-06
2.34347e-06
6.56385e-06
3.99779e-06
7.32675e-06
5.66589e-06
7.30973e-06
7.16213e-06
6.78192e-06
8.38035e-06
5.94237e-06
9.28783e-06
4.93896e-06
9.87793e-06
3.90378e-06
1.01636e-05
2.89614e-06
1.01499e-05
1.9566e-06
9.84298e-06
1.07549e-06
9.20977e-06
2.65553e-07
8.25134e-06
-5.73974e-07
6.97379e-06
-1.41318e-06
5.42593e-06
-2.40347e-06
3.76377e-06
-3.89354e-06
2.15018e-06
-7.568e-06
6.17613e-07
-1.65168e-05
-2.26967e-05
-4.98613e-07
1.92682e-06
1.58764e-07
4.01889e-06
1.62302e-06
5.09959e-06
3.59319e-06
5.35659e-06
5.66887e-06
5.23405e-06
7.57015e-06
4.88064e-06
9.15754e-06
4.35498e-06
1.03877e-05
3.70876e-06
1.124e-05
3.05147e-06
1.17319e-05
2.40428e-06
1.18673e-05
1.82121e-06
1.16669e-05
1.27587e-06
1.11454e-05
7.8711e-07
1.02885e-05
2.82878e-07
9.10098e-06
-2.25651e-07
7.64458e-06
-9.47063e-07
6.10864e-06
-2.3576e-06
4.36925e-06
-5.82861e-06
2.01888e-06
-1.41664e-05
-2.06778e-05
-4.1603e-06
6.08712e-06
-3.63872e-06
3.49731e-06
-1.30758e-06
2.76844e-06
1.40796e-06
2.64105e-06
4.06656e-06
2.57545e-06
6.53144e-06
2.41576e-06
8.69508e-06
2.19135e-06
1.04979e-05
1.90596e-06
1.19212e-05
1.62814e-06
1.29897e-05
1.33584e-06
1.37191e-05
1.09173e-06
1.41522e-05
8.42857e-07
1.42796e-05
6.59677e-07
1.41159e-05
4.46595e-07
1.36408e-05
2.49416e-07
1.28695e-05
-1.75757e-07
1.18046e-05
-1.29268e-06
1.00615e-05
-4.08553e-06
5.61685e-06
-9.72175e-06
-1.5061e-05
6.08712e-06
9.58443e-06
1.23529e-05
1.49939e-05
1.75694e-05
1.99851e-05
2.21765e-05
2.40824e-05
2.57106e-05
2.70464e-05
2.81381e-05
2.8981e-05
2.96407e-05
3.00873e-05
3.03367e-05
3.01609e-05
2.88682e-05
2.47827e-05
1.5061e-05
)
;

boundaryField
{
    movingWall
    {
        type            calculated;
        value           uniform 0;
    }
    fixedWalls
    {
        type            calculated;
        value           uniform 0;
    }
    frontAndBack
    {
        type            empty;
        value           nonuniform List<scalar> 0();
    }
}


// ************************************************************************* //
