/*--------------------------------*- C++ -*----------------------------------*\
| =========                 |                                                 |
| \\      /  F ield         | OpenFOAM: The Open Source CFD Toolbox           |
|  \\    /   O peration     | Version:  2212                                  |
|   \\  /    A nd           | Website:  www.openfoam.com                      |
|    \\/     M anipulation  |                                                 |
\*---------------------------------------------------------------------------*/
FoamFile
{
    version     2.0;
    format      ascii;
    arch        "LSB;label=32;scalar=64";
    class       volScalarField;
    location    "2.9";
    object      T;
}
// * * * * * * * * * * * * * * * * * * * * * * * * * * * * * * * * * * * * * //

dimensions      [0 0 0 1 0 0 0];

internalField   nonuniform List<scalar> 
400
(
0.200089
0.226276
0.278434
0.35416
0.441767
0.521639
0.578099
0.608734
0.622602
0.630118
0.635423
0.639131
0.641276
0.641166
0.63763
0.628296
0.6093
0.57442
0.524423
0.483807
0.230454
0.263253
0.327438
0.416792
0.510333
0.579924
0.615682
0.631275
0.640504
0.647574
0.653615
0.659148
0.664056
0.667225
0.666317
0.657148
0.63358
0.58961
0.532132
0.489057
0.279574
0.324491
0.405729
0.501673
0.579694
0.621181
0.637366
0.645212
0.649814
0.653165
0.657376
0.6638
0.672617
0.682951
0.691427
0.691684
0.672799
0.621983
0.546773
0.498718
0.330924
0.388859
0.48103
0.567007
0.618171
0.635716
0.638323
0.635252
0.629055
0.624087
0.623305
0.6293
0.642187
0.66223
0.686482
0.708536
0.714739
0.682525
0.592826
0.524649
0.374435
0.44222
0.535903
0.602962
0.62839
0.626842
0.614634
0.59678
0.578473
0.565018
0.559209
0.563677
0.578358
0.604611
0.641447
0.685257
0.725418
0.738331
0.680192
0.57533
0.407349
0.480247
0.568643
0.615137
0.618907
0.600941
0.574134
0.54395
0.517778
0.499722
0.49152
0.494333
0.508238
0.534804
0.575112
0.628958
0.691544
0.747497
0.756768
0.650107
0.430624
0.504324
0.584203
0.612376
0.599079
0.567917
0.53018
0.493269
0.464673
0.446459
0.438808
0.441128
0.453455
0.477271
0.51502
0.569069
0.638832
0.716344
0.777537
0.749837
0.446057
0.517452
0.588534
0.602596
0.576813
0.536075
0.491719
0.452596
0.424927
0.408794
0.402822
0.405229
0.415702
0.435582
0.468092
0.517913
0.588259
0.674964
0.76083
0.807343
0.455591
0.522885
0.586509
0.59104
0.556858
0.509962
0.462417
0.423564
0.398037
0.384427
0.380183
0.382973
0.392148
0.408578
0.435087
0.477463
0.543587
0.635155
0.734495
0.800131
0.460531
0.522833
0.581028
0.580777
0.542157
0.4919
0.443091
0.405084
0.381267
0.369313
0.366005
0.368944
0.37747
0.392131
0.414647
0.449774
0.508114
0.599909
0.713384
0.794905
0.461854
0.518967
0.573943
0.573098
0.533283
0.481785
0.432804
0.395401
0.372205
0.360598
0.357193
0.359753
0.367759
0.381658
0.402218
0.432104
0.481843
0.569339
0.692221
0.791495
0.46016
0.512156
0.565391
0.567746
0.530397
0.479883
0.431446
0.394005
0.370114
0.357549
0.353184
0.354964
0.362418
0.375967
0.395831
0.42255
0.464448
0.545709
0.676152
0.789797
0.455526
0.503062
0.555806
0.564305
0.532554
0.485037
0.437929
0.400302
0.375078
0.360826
0.354968
0.355652
0.362354
0.375334
0.394573
0.419253
0.454262
0.527036
0.662317
0.789872
0.447413
0.491371
0.543606
0.56027
0.537917
0.496689
0.452829
0.415749
0.389124
0.372694
0.364774
0.363836
0.369313
0.381141
0.399074
0.421632
0.450904
0.514974
0.653127
0.79144
0.435194
0.477991
0.529899
0.55464
0.543471
0.511223
0.473067
0.438529
0.411951
0.394161
0.384433
0.381652
0.385287
0.39497
0.410207
0.429677
0.453823
0.50823
0.646976
0.794546
0.419269
0.461455
0.512401
0.544441
0.546399
0.526864
0.498186
0.469293
0.445021
0.427192
0.41603
0.411035
0.41174
0.417741
0.42855
0.443235
0.462439
0.506831
0.645177
0.799331
0.404658
0.447161
0.495595
0.529985
0.54144
0.534508
0.517645
0.49791
0.479591
0.464824
0.454311
0.448103
0.445942
0.447577
0.453207
0.462241
0.477726
0.515021
0.651565
0.80745
0.393655
0.431784
0.479086
0.514241
0.532678
0.536907
0.532023
0.522445
0.511506
0.501156
0.492527
0.486069
0.48228
0.480911
0.483484
0.488914
0.504066
0.537731
0.667103
0.818047
0.330447
0.440111
0.464763
0.4876
0.500747
0.508035
0.511114
0.512411
0.512619
0.513509
0.51491
0.517738
0.521986
0.527305
0.53587
0.545044
0.56591
0.600949
0.706659
0.836251
0.522724
0.58471
0.621358
0.647004
0.664981
0.679021
0.689841
0.699671
0.707849
0.71622
0.72346
0.731417
0.738324
0.746235
0.753088
0.761705
0.770447
0.787589
0.817441
0.875571
)
;

boundaryField
{
    movingWall
    {
        type            fixedValue;
        value           uniform 1;
    }
    fixedWalls
    {
        type            zeroGradient;
    }
    frontAndBack
    {
        type            empty;
    }
}


// ************************************************************************* //
