/*--------------------------------*- C++ -*----------------------------------*\
| =========                 |                                                 |
| \\      /  F ield         | OpenFOAM: The Open Source CFD Toolbox           |
|  \\    /   O peration     | Version:  2212                                  |
|   \\  /    A nd           | Website:  www.openfoam.com                      |
|    \\/     M anipulation  |                                                 |
\*---------------------------------------------------------------------------*/
FoamFile
{
    version     2.0;
    format      ascii;
    arch        "LSB;label=32;scalar=64";
    class       volScalarField;
    location    "1.4";
    object      T;
}
// * * * * * * * * * * * * * * * * * * * * * * * * * * * * * * * * * * * * * //

dimensions      [0 0 0 1 0 0 0];

internalField   nonuniform List<scalar> 
400
(
0.000619896
0.00164799
0.00473062
0.012025
0.0267196
0.0523499
0.0910185
0.140621
0.193349
0.238893
0.271059
0.290147
0.299096
0.297804
0.286008
0.260719
0.219066
0.161416
0.104346
0.0704503
0.0013312
0.00367215
0.0106198
0.0263678
0.0558099
0.102197
0.163623
0.230673
0.290328
0.334856
0.365027
0.38466
0.396063
0.397545
0.387185
0.358811
0.305012
0.223329
0.139626
0.092327
0.0030352
0.00861938
0.0246703
0.0583223
0.11418
0.189657
0.272815
0.346573
0.399823
0.433791
0.455449
0.470171
0.481003
0.487727
0.48739
0.470812
0.422964
0.32704
0.204753
0.1348
0.00605471
0.0174387
0.0485938
0.107805
0.193179
0.289521
0.37412
0.429736
0.456154
0.465451
0.468489
0.472301
0.481292
0.496284
0.51558
0.530051
0.520989
0.454803
0.311028
0.20415
0.0104036
0.0299586
0.0804342
0.166618
0.273057
0.369947
0.431067
0.450314
0.44292
0.427582
0.41463
0.410133
0.417262
0.43721
0.471854
0.516744
0.557846
0.559373
0.458732
0.304756
0.0155916
0.0444126
0.114502
0.222082
0.334935
0.413705
0.439383
0.423179
0.391952
0.36391
0.344806
0.336455
0.339064
0.354884
0.389608
0.446557
0.521065
0.588815
0.587293
0.43185
0.0207126
0.0580132
0.144152
0.264567
0.372394
0.426124
0.420228
0.381966
0.343288
0.317216
0.302804
0.295932
0.293363
0.297933
0.318326
0.366345
0.447394
0.549207
0.630135
0.578934
0.0247839
0.0681902
0.164877
0.291128
0.389976
0.422113
0.395741
0.349736
0.31636
0.301704
0.297964
0.296171
0.290723
0.282865
0.281955
0.307498
0.377224
0.487815
0.607981
0.67146
0.0270853
0.0734194
0.174966
0.303072
0.394959
0.413707
0.377664
0.332728
0.309287
0.307034
0.313035
0.316665
0.312125
0.297314
0.277158
0.274054
0.321178
0.43
0.567662
0.665867
0.0272917
0.0733149
0.174527
0.302498
0.392343
0.40688
0.368935
0.327705
0.311849
0.317058
0.328058
0.335576
0.335502
0.322376
0.292889
0.264216
0.281374
0.379702
0.534524
0.653987
0.025399
0.0681713
0.164379
0.290735
0.383941
0.403053
0.368767
0.330362
0.316363
0.322182
0.333147
0.342483
0.348084
0.342101
0.313348
0.26899
0.256687
0.336512
0.502091
0.649315
0.0219661
0.0593678
0.1463
0.268147
0.368252
0.399982
0.37497
0.338783
0.321501
0.322535
0.330502
0.340592
0.351298
0.352905
0.329184
0.278221
0.242674
0.302748
0.475838
0.645127
0.0176481
0.0483478
0.12255
0.23536
0.34216
0.392954
0.384753
0.354058
0.332428
0.326475
0.330354
0.340318
0.353488
0.35842
0.337817
0.285018
0.233314
0.274125
0.453241
0.64519
0.0133255
0.0371903
0.0967259
0.194484
0.3018
0.373097
0.390471
0.374919
0.355209
0.344692
0.344107
0.350957
0.360757
0.361712
0.338795
0.285627
0.225541
0.251002
0.435503
0.646397
0.00951939
0.0268517
0.0715983
0.14998
0.247387
0.330522
0.374882
0.384329
0.377955
0.370356
0.366985
0.367474
0.367702
0.358173
0.328773
0.275888
0.215019
0.231135
0.422199
0.650835
0.00703705
0.020338
0.0525518
0.109798
0.187209
0.265718
0.324478
0.356598
0.36897
0.371204
0.369255
0.364464
0.355097
0.335886
0.302521
0.254664
0.202068
0.215875
0.414324
0.65694
0.00409305
0.0113112
0.0343085
0.0747299
0.12983
0.190877
0.24558
0.285562
0.309865
0.321508
0.323997
0.318877
0.306834
0.286745
0.258597
0.224178
0.189886
0.207179
0.41506
0.667816
0.017365
0.0212293
0.0335244
0.0553373
0.0865707
0.123054
0.159427
0.189998
0.212453
0.226084
0.232359
0.232375
0.227653
0.219301
0.208662
0.197871
0.19257
0.225922
0.435608
0.684405
-0.149656
-0.0178939
-0.00194998
0.0194436
0.0409573
0.0647803
0.0888261
0.112555
0.133412
0.152946
0.169226
0.185051
0.198493
0.211771
0.224975
0.238033
0.263146
0.315127
0.492304
0.712184
0.191109
0.277066
0.33074
0.369327
0.398081
0.422727
0.443111
0.462914
0.479766
0.497428
0.512411
0.528969
0.54256
0.558128
0.570301
0.585767
0.598969
0.627291
0.677742
0.779105
)
;

boundaryField
{
    movingWall
    {
        type            fixedValue;
        value           uniform 1;
    }
    fixedWalls
    {
        type            zeroGradient;
    }
    frontAndBack
    {
        type            empty;
    }
}


// ************************************************************************* //
