/*--------------------------------*- C++ -*----------------------------------*\
| =========                 |                                                 |
| \\      /  F ield         | OpenFOAM: The Open Source CFD Toolbox           |
|  \\    /   O peration     | Version:  2212                                  |
|   \\  /    A nd           | Website:  www.openfoam.com                      |
|    \\/     M anipulation  |                                                 |
\*---------------------------------------------------------------------------*/
FoamFile
{
    version     2.0;
    format      ascii;
    arch        "LSB;label=32;scalar=64";
    class       volScalarField;
    location    "7.6";
    object      p;
}
// * * * * * * * * * * * * * * * * * * * * * * * * * * * * * * * * * * * * * //

dimensions      [0 2 -2 0 0 0 0];

internalField   nonuniform List<scalar> 
400
(
2.34036e-07
-0.000150744
-0.00053471
-0.00107177
-0.00173232
-0.00249358
-0.00318452
-0.00359698
-0.00356472
-0.00293353
-0.00154821
0.00061938
0.00324936
0.00551408
0.00653455
0.0059249
0.00400517
0.00215329
0.00111435
0.00104519
0.000116128
-5.82416e-05
-0.000377078
-0.00076416
-0.00124398
-0.00188793
-0.00270578
-0.00354279
-0.00407905
-0.00393746
-0.00284569
-0.000824474
0.00168953
0.00396128
0.00512583
0.00474537
0.00310642
0.00137853
0.000596961
0.000687831
0.00053612
0.000264764
-7.74107e-05
-0.000559654
-0.00134714
-0.00258009
-0.00421801
-0.00598193
-0.00740013
-0.00794122
-0.00726175
-0.00545994
-0.00288999
-0.000193098
0.00179368
0.00243047
0.0017124
0.000506068
-0.000392094
-0.000389021
0.00115135
0.000740797
0.00019163
-0.000774759
-0.00245049
-0.0049362
-0.0079922
-0.0111161
-0.0136978
-0.0151708
-0.0152006
-0.0138342
-0.0112886
-0.00802481
-0.00474844
-0.00220605
-0.000866645
-0.000702405
-0.00128493
-0.00191437
0.00158224
0.000972882
-2.32647e-05
-0.00192367
-0.00500487
-0.00917635
-0.0139077
-0.0184714
-0.0222059
-0.0246413
-0.0255166
-0.0247114
-0.0223532
-0.0187347
-0.0142974
-0.00964983
-0.0055873
-0.00294483
-0.00218954
-0.0040139
0.00129193
0.000443974
-0.00119756
-0.00430304
-0.00900128
-0.0148738
-0.0210626
-0.0267018
-0.0311751
-0.0341605
-0.0355266
-0.0351712
-0.0331802
-0.0297042
-0.0248874
-0.0189516
-0.0124983
-0.00694331
-0.0043968
-0.00651957
-4.96835e-05
-0.00114839
-0.00349898
-0.00779394
-0.0139262
-0.0211039
-0.0282213
-0.0343887
-0.0391061
-0.042207
-0.0436936
-0.0435848
-0.0419489
-0.0388578
-0.0342934
-0.0281434
-0.0205288
-0.0126958
-0.00784986
-0.00774382
-0.00245124
-0.00374225
-0.00669687
-0.0119085
-0.0190305
-0.0269674
-0.0344844
-0.0407544
-0.0454217
-0.0484447
-0.0499059
-0.0498976
-0.048499
-0.0457606
-0.041639
-0.0359081
-0.0283116
-0.0193613
-0.0118161
-0.0079766
-0.0055373
-0.00691408
-0.0102603
-0.0160148
-0.0236459
-0.0318713
-0.0394271
-0.0455829
-0.0501022
-0.0530185
-0.0544457
-0.054486
-0.0532141
-0.0506914
-0.046933
-0.0417887
-0.0348499
-0.0259348
-0.0167007
-0.00998928
-0.00873215
-0.0100834
-0.0135927
-0.019533
-0.0272715
-0.0354658
-0.0428842
-0.0488754
-0.0532693
-0.0561229
-0.0575445
-0.0576158
-0.0563999
-0.0539714
-0.0504174
-0.0457332
-0.0396129
-0.0315083
-0.0223102
-0.014332
-0.0115014
-0.0127543
-0.0162131
-0.0220437
-0.0295905
-0.0375653
-0.0447961
-0.050662
-0.0549994
-0.0578461
-0.059286
-0.0593775
-0.0581709
-0.0557458
-0.0522501
-0.0478227
-0.0424081
-0.0353652
-0.027185
-0.0191691
-0.013546
-0.0146144
-0.017849
-0.0233042
-0.0304137
-0.0380388
-0.0450866
-0.0509116
-0.0552847
-0.0581914
-0.0596764
-0.0597788
-0.0585395
-0.0560392
-0.0524783
-0.0481082
-0.0431839
-0.037039
-0.0300186
-0.0224061
-0.0148338
-0.0155635
-0.0183451
-0.0231993
-0.0296768
-0.0368557
-0.0437346
-0.0496033
-0.0541119
-0.0571533
-0.0587198
-0.058827
-0.0575105
-0.0548737
-0.0511418
-0.0466281
-0.0419447
-0.0362849
-0.0302144
-0.0228859
-0.0154643
-0.0157181
-0.0177713
-0.0217368
-0.0273752
-0.0340111
-0.0407234
-0.046707
-0.0514534
-0.0547243
-0.0564358
-0.056577
-0.0551582
-0.0523148
-0.0483149
-0.0435582
-0.0387143
-0.0331304
-0.0280909
-0.0202724
-0.0155712
-0.0152949
-0.0163335
-0.0190806
-0.0236418
-0.0296175
-0.036149
-0.0423072
-0.0473934
-0.051001
-0.0529394
-0.0531429
-0.0516533
-0.048559
-0.0442014
-0.0390362
-0.0337714
-0.0280663
-0.0242277
-0.0143831
-0.015274
-0.0145476
-0.0142578
-0.0154216
-0.0186775
-0.023883
-0.0302144
-0.0365921
-0.0421099
-0.0461692
-0.0484552
-0.0488325
-0.0473221
-0.0439952
-0.0392302
-0.0335081
-0.0276375
-0.0216305
-0.018057
-0.00383716
-0.0146599
-0.0136165
-0.0117057
-0.0110798
-0.0129507
-0.017374
-0.023523
-0.0301541
-0.0361719
-0.0407861
-0.043551
-0.0442342
-0.0428258
-0.0393569
-0.0341729
-0.0276853
-0.0206852
-0.0132845
-0.00679714
0.0160429
-0.014582
-0.0126564
-0.00864898
-0.00623625
-0.00691112
-0.0107443
-0.0168122
-0.0237293
-0.0302831
-0.0355197
-0.0388818
-0.0400132
-0.0388583
-0.0354336
-0.0298883
-0.0222764
-0.0128811
-0.000702864
0.0166776
0.0570493
-0.0117944
-0.011831
-0.00572847
-0.00177918
-0.00176911
-0.0054068
-0.0115734
-0.0188084
-0.0258641
-0.0316719
-0.0356442
-0.0373435
-0.0366689
-0.0333435
-0.0272193
-0.0175448
-0.00315976
0.0204724
0.0606847
0.129805
-0.0295162
-0.0106306
-0.00061233
0.00307551
0.00244284
-0.00156051
-0.00799927
-0.0155484
-0.0229663
-0.0291597
-0.0335152
-0.0355707
-0.0351857
-0.0319445
-0.0252226
-0.0128626
0.00941203
0.0511551
0.12286
0.226062
)
;

boundaryField
{
    movingWall
    {
        type            zeroGradient;
    }
    fixedWalls
    {
        type            zeroGradient;
    }
    frontAndBack
    {
        type            empty;
    }
}


// ************************************************************************* //
