/*--------------------------------*- C++ -*----------------------------------*\
| =========                 |                                                 |
| \\      /  F ield         | OpenFOAM: The Open Source CFD Toolbox           |
|  \\    /   O peration     | Version:  2212                                  |
|   \\  /    A nd           | Website:  www.openfoam.com                      |
|    \\/     M anipulation  |                                                 |
\*---------------------------------------------------------------------------*/
FoamFile
{
    version     2.0;
    format      ascii;
    arch        "LSB;label=32;scalar=64";
    class       volScalarField;
    location    "7.6";
    object      T;
}
// * * * * * * * * * * * * * * * * * * * * * * * * * * * * * * * * * * * * * //

dimensions      [0 0 0 1 0 0 0];

internalField   nonuniform List<scalar> 
400
(
0.807173
0.812555
0.823393
0.839241
0.857348
0.87333
0.884192
0.890001
0.892835
0.894652
0.896228
0.897771
0.899339
0.900851
0.902018
0.902347
0.901029
0.897107
0.890953
0.885893
0.814309
0.820766
0.833651
0.851875
0.870684
0.883977
0.890133
0.892288
0.893197
0.893873
0.894878
0.896533
0.898933
0.901909
0.904772
0.906453
0.905319
0.900089
0.892416
0.886777
0.825341
0.833816
0.849519
0.86823
0.882691
0.888923
0.889544
0.88814
0.886124
0.884578
0.884452
0.886408
0.890473
0.896497
0.90331
0.909138
0.910999
0.905845
0.895111
0.888395
0.836085
0.846645
0.863635
0.878958
0.88614
0.885303
0.880527
0.874174
0.867719
0.862928
0.861078
0.863284
0.869292
0.879247
0.891763
0.904765
0.914316
0.915024
0.902722
0.892495
0.844424
0.856287
0.872295
0.881936
0.881475
0.873813
0.862757
0.850335
0.838886
0.830523
0.826729
0.828777
0.836347
0.849773
0.867896
0.88878
0.908609
0.921141
0.916918
0.900424
0.850137
0.862207
0.875542
0.878771
0.871028
0.856635
0.839053
0.82083
0.804969
0.793597
0.788184
0.789692
0.798107
0.813653
0.835664
0.862618
0.891402
0.916508
0.928104
0.912241
0.853674
0.864971
0.874764
0.871848
0.857646
0.83715
0.813852
0.791064
0.772072
0.758833
0.752527
0.753594
0.762206
0.778493
0.802309
0.83283
0.867692
0.902124
0.927946
0.929042
0.855625
0.865617
0.871918
0.86383
0.844255
0.818636
0.790867
0.764912
0.744052
0.729955
0.723347
0.724231
0.732651
0.748669
0.772504
0.804275
0.842856
0.88409
0.919891
0.938163
0.85648
0.86498
0.868268
0.856211
0.832565
0.803166
0.772345
0.744432
0.722573
0.70813
0.701428
0.702238
0.710409
0.725817
0.748645
0.779677
0.819603
0.865883
0.909378
0.934822
0.856599
0.863753
0.864972
0.850533
0.824328
0.79246
0.759682
0.73054
0.708035
0.69328
0.68635
0.686965
0.694898
0.709835
0.731577
0.760864
0.799927
0.849119
0.900029
0.932395
0.856203
0.862288
0.862339
0.84689
0.81952
0.786536
0.75296
0.723308
0.700408
0.68524
0.677823
0.677955
0.685454
0.699928
0.720767
0.748103
0.784829
0.834598
0.891251
0.930821
0.855427
0.860797
0.860677
0.845827
0.818937
0.786222
0.752838
0.723176
0.699976
0.68426
0.676144
0.67551
0.682231
0.695923
0.715747
0.741087
0.774604
0.823159
0.884284
0.92998
0.854279
0.85926
0.85964
0.846551
0.821517
0.790384
0.758297
0.729451
0.706491
0.69052
0.68178
0.680221
0.685791
0.698131
0.716382
0.73949
0.769204
0.814726
0.878726
0.929892
0.852692
0.857609
0.859092
0.848975
0.827399
0.799379
0.769836
0.742705
0.720545
0.704592
0.695274
0.69255
0.696516
0.706803
0.722654
0.742845
0.768369
0.809789
0.875141
0.930431
0.850536
0.855651
0.858199
0.851261
0.833967
0.810275
0.784607
0.760512
0.740331
0.725291
0.715948
0.712252
0.714367
0.721993
0.734526
0.751118
0.772216
0.808226
0.873213
0.931602
0.847922
0.853392
0.857266
0.853869
0.841749
0.823601
0.803043
0.783093
0.765817
0.752364
0.743321
0.738758
0.738711
0.743099
0.751551
0.763656
0.779988
0.809551
0.873094
0.93345
0.84539
0.850706
0.854773
0.853728
0.846215
0.8339
0.819308
0.804695
0.791611
0.780991
0.773239
0.768569
0.766839
0.768202
0.772655
0.78012
0.792204
0.816206
0.876752
0.936586
0.843577
0.84931
0.854319
0.855139
0.851617
0.844693
0.835845
0.826459
0.817545
0.809837
0.803621
0.799191
0.796543
0.795824
0.797501
0.801363
0.81042
0.829091
0.883728
0.940555
0.821651
0.845784
0.847106
0.847777
0.846041
0.843124
0.839483
0.835995
0.832728
0.830343
0.828625
0.827944
0.828182
0.829264
0.831933
0.835276
0.843726
0.858372
0.900175
0.947358
0.874479
0.889888
0.898318
0.903571
0.906604
0.908649
0.909901
0.911112
0.912029
0.913233
0.914291
0.915735
0.917052
0.918768
0.920383
0.92258
0.925272
0.930871
0.941813
0.961358
)
;

boundaryField
{
    movingWall
    {
        type            fixedValue;
        value           uniform 1;
    }
    fixedWalls
    {
        type            zeroGradient;
    }
    frontAndBack
    {
        type            empty;
    }
}


// ************************************************************************* //
