/*--------------------------------*- C++ -*----------------------------------*\
| =========                 |                                                 |
| \\      /  F ield         | OpenFOAM: The Open Source CFD Toolbox           |
|  \\    /   O peration     | Version:  2212                                  |
|   \\  /    A nd           | Website:  www.openfoam.com                      |
|    \\/     M anipulation  |                                                 |
\*---------------------------------------------------------------------------*/
FoamFile
{
    version     2.0;
    format      ascii;
    arch        "LSB;label=32;scalar=64";
    class       volScalarField;
    location    "10.7";
    object      T;
}
// * * * * * * * * * * * * * * * * * * * * * * * * * * * * * * * * * * * * * //

dimensions      [0 0 0 1 0 0 0];

internalField   nonuniform List<scalar> 
400
(
0.907377
0.909516
0.913865
0.920278
0.927706
0.934406
0.939124
0.941797
0.943197
0.944133
0.944976
0.945838
0.946753
0.947686
0.948487
0.948908
0.948544
0.946953
0.944361
0.942236
0.910151
0.912764
0.917996
0.925456
0.933283
0.93897
0.941701
0.942648
0.94299
0.943246
0.94373
0.944625
0.94599
0.947746
0.949527
0.950778
0.950643
0.948471
0.945115
0.942685
0.914479
0.917965
0.924428
0.932182
0.938242
0.940813
0.940817
0.939781
0.938457
0.937454
0.9373
0.938362
0.940655
0.944105
0.94808
0.951646
0.953242
0.951301
0.9465
0.943516
0.918713
0.923097
0.930122
0.936421
0.93918
0.938248
0.93529
0.931497
0.927732
0.924947
0.923862
0.925087
0.92847
0.934086
0.941166
0.948593
0.954292
0.95551
0.950144
0.945496
0.921978
0.926889
0.933405
0.937051
0.93605
0.931457
0.925005
0.917871
0.911341
0.906578
0.904427
0.905594
0.909892
0.917483
0.927687
0.939404
0.950562
0.957917
0.956753
0.949209
0.924155
0.929073
0.934232
0.934715
0.929911
0.921588
0.911493
0.90111
0.892062
0.885572
0.88249
0.883376
0.888216
0.897102
0.909603
0.924794
0.940887
0.954881
0.961738
0.954665
0.92541
0.929865
0.933195
0.930525
0.922225
0.910466
0.897137
0.884116
0.873208
0.865587
0.861957
0.862598
0.867602
0.87701
0.890673
0.90804
0.927683
0.94687
0.961161
0.962475
0.925998
0.929758
0.931266
0.925861
0.91458
0.899902
0.883996
0.869085
0.85702
0.848841
0.845005
0.845549
0.850489
0.859826
0.873616
0.891834
0.913727
0.936858
0.956675
0.966672
0.926132
0.929134
0.92905
0.921488
0.907911
0.89106
0.873363
0.857248
0.844533
0.8361
0.832185
0.83269
0.837518
0.846566
0.859877
0.877805
0.900604
0.926694
0.950901
0.964868
0.925974
0.928336
0.927167
0.918272
0.903225
0.88494
0.866076
0.849191
0.836052
0.8274
0.823336
0.823727
0.828435
0.837244
0.849986
0.86701
0.889451
0.917303
0.945695
0.963514
0.925622
0.927522
0.925748
0.916237
0.900495
0.881556
0.862208
0.845
0.831609
0.822699
0.818342
0.81845
0.822912
0.831466
0.843713
0.859669
0.880874
0.909171
0.940848
0.962647
0.92513
0.926787
0.924977
0.91573
0.900208
0.881411
0.862165
0.844952
0.831393
0.822166
0.817399
0.817055
0.821056
0.82915
0.840808
0.85563
0.875057
0.902751
0.936974
0.962176
0.924491
0.926094
0.924629
0.916274
0.901735
0.883836
0.865352
0.84864
0.835253
0.8259
0.820777
0.819887
0.823201
0.830488
0.841212
0.854735
0.872006
0.898047
0.933912
0.962126
0.923665
0.925402
0.924661
0.917892
0.905214
0.889067
0.872058
0.856377
0.843505
0.834202
0.828762
0.827191
0.829549
0.83561
0.844907
0.856712
0.87157
0.895312
0.931936
0.962418
0.922572
0.924555
0.924525
0.919474
0.909114
0.895392
0.880616
0.866728
0.855056
0.846332
0.840907
0.838774
0.840037
0.84452
0.851856
0.861547
0.873834
0.894508
0.930901
0.963062
0.92127
0.923576
0.924461
0.921394
0.913846
0.903191
0.891305
0.879811
0.869852
0.862088
0.856869
0.854246
0.854249
0.856833
0.861778
0.868847
0.878353
0.895337
0.930865
0.964076
0.919983
0.922242
0.92339
0.921727
0.916751
0.909342
0.900812
0.892355
0.88481
0.878696
0.874239
0.871567
0.870598
0.871428
0.874045
0.878414
0.885422
0.899183
0.932936
0.965799
0.919072
0.921709
0.923542
0.923052
0.920351
0.915956
0.910634
0.905115
0.89993
0.895477
0.891902
0.889371
0.887867
0.887486
0.888471
0.89072
0.895894
0.9065
0.936825
0.967972
0.907109
0.919238
0.919404
0.91919
0.917759
0.915765
0.913444
0.911271
0.909266
0.90779
0.906713
0.906237
0.90629
0.906832
0.908267
0.910093
0.914761
0.92288
0.945927
0.971696
0.934719
0.942644
0.946913
0.9495
0.950914
0.95182
0.952319
0.952819
0.95318
0.953713
0.954184
0.954874
0.955513
0.95637
0.957193
0.958327
0.959761
0.962775
0.968755
0.979324
)
;

boundaryField
{
    movingWall
    {
        type            fixedValue;
        value           uniform 1;
    }
    fixedWalls
    {
        type            zeroGradient;
    }
    frontAndBack
    {
        type            empty;
    }
}


// ************************************************************************* //
