/*--------------------------------*- C++ -*----------------------------------*\
| =========                 |                                                 |
| \\      /  F ield         | OpenFOAM: The Open Source CFD Toolbox           |
|  \\    /   O peration     | Version:  2212                                  |
|   \\  /    A nd           | Website:  www.openfoam.com                      |
|    \\/     M anipulation  |                                                 |
\*---------------------------------------------------------------------------*/
FoamFile
{
    version     2.0;
    format      ascii;
    arch        "LSB;label=32;scalar=64";
    class       volScalarField;
    location    "13.7";
    object      p;
}
// * * * * * * * * * * * * * * * * * * * * * * * * * * * * * * * * * * * * * //

dimensions      [0 2 -2 0 0 0 0];

internalField   nonuniform List<scalar> 
400
(
2.38929e-07
-0.000150778
-0.000534863
-0.00107207
-0.0017328
-0.00249429
-0.00318542
-0.003598
-0.00356577
-0.0029345
-0.00154893
0.000619032
0.00324925
0.00551376
0.00653343
0.00592252
0.0040017
0.00214926
0.00111026
0.0010412
0.000116107
-5.83104e-05
-0.000377258
-0.000764436
-0.00124436
-0.0018885
-0.00270662
-0.00354395
-0.00408045
-0.00393887
-0.00284686
-0.000825261
0.00168901
0.00396058
0.00512436
0.00474273
0.0031026
0.00137436
0.000592766
0.000683812
0.000536224
0.000264753
-7.75415e-05
-0.000559903
-0.00134762
-0.00258103
-0.00421961
-0.0059843
-0.00740312
-0.00794444
-0.00726475
-0.00546252
-0.00289213
-0.000195105
0.00179131
0.0024273
0.00170836
0.000501655
-0.000396536
-0.000393243
0.00115174
0.00074105
0.000191657
-0.000775087
-0.00245149
-0.00493831
-0.00799573
-0.0111211
-0.013704
-0.0151776
-0.0152075
-0.0138405
-0.0112942
-0.00802968
-0.00475285
-0.00221034
-0.000871022
-0.000706864
-0.00128948
-0.0019188
0.00158314
0.000973532
-2.31035e-05
-0.00192442
-0.00500712
-0.00918066
-0.0139144
-0.0184805
-0.0222169
-0.0246537
-0.0255293
-0.0247236
-0.0223641
-0.0187441
-0.0143053
-0.00965634
-0.00559276
-0.00294955
-0.00219391
-0.00401863
0.00129319
0.000444841
-0.00119759
-0.00430477
-0.00900556
-0.0148813
-0.0210735
-0.0267161
-0.0311921
-0.0341794
-0.0355462
-0.0351902
-0.0331976
-0.0297193
-0.0249
-0.0189616
-0.0125059
-0.00694899
-0.00440154
-0.00652485
-4.84867e-05
-0.00114776
-0.00349974
-0.00779727
-0.0139331
-0.0211151
-0.028237
-0.0344086
-0.0391296
-0.042233
-0.0437207
-0.0436113
-0.0419735
-0.0388795
-0.0343115
-0.0281577
-0.0205396
-0.0127034
-0.00785541
-0.0077486
-0.00245068
-0.00374241
-0.00669892
-0.0119139
-0.0190405
-0.0269826
-0.034505
-0.0407802
-0.0454519
-0.0484781
-0.0499408
-0.0499321
-0.0485313
-0.0457892
-0.0416631
-0.0359273
-0.0283262
-0.0193716
-0.0118229
-0.00798112
-0.00553787
-0.00691548
-0.010264
-0.0160225
-0.0236589
-0.0318904
-0.0394523
-0.045614
-0.0501386
-0.0530588
-0.054488
-0.0545281
-0.0532538
-0.0507267
-0.046963
-0.0418128
-0.0348685
-0.0259483
-0.0167097
-0.0099951
-0.00873401
-0.0100862
-0.0135981
-0.0195427
-0.0272871
-0.035488
-0.0429131
-0.0489109
-0.0533107
-0.0561688
-0.0575927
-0.0576639
-0.0564455
-0.0540122
-0.0504521
-0.0457613
-0.0396348
-0.0315246
-0.0223218
-0.0143404
-0.0115044
-0.0127582
-0.0162196
-0.0220548
-0.0296078
-0.0375894
-0.0448274
-0.0507004
-0.0550439
-0.0578954
-0.0593378
-0.0594293
-0.05822
-0.05579
-0.0522878
-0.0478531
-0.0424318
-0.0353832
-0.0271985
-0.0191799
-0.0135496
-0.014619
-0.0178562
-0.0233159
-0.0304315
-0.0380635
-0.0451186
-0.0509507
-0.0553301
-0.0582416
-0.0597293
-0.0598317
-0.0585896
-0.0560841
-0.0525164
-0.0481388
-0.0432075
-0.0370569
-0.0300324
-0.0224177
-0.0148376
-0.0155681
-0.0183521
-0.0232106
-0.0296938
-0.0368794
-0.0437653
-0.049641
-0.0541558
-0.0572019
-0.058771
-0.0588781
-0.0575588
-0.0549167
-0.0511779
-0.0466565
-0.041966
-0.0363006
-0.0302265
-0.0228963
-0.015468
-0.0157223
-0.0177775
-0.0217465
-0.02739
-0.034032
-0.040751
-0.0467411
-0.0514936
-0.054769
-0.056483
-0.056624
-0.0552023
-0.0523536
-0.0483467
-0.0435822
-0.038731
-0.0331417
-0.0280999
-0.0202795
-0.0155745
-0.0152983
-0.0163382
-0.0190879
-0.0236533
-0.0296344
-0.0361719
-0.0423363
-0.0474282
-0.0510401
-0.0529808
-0.0531841
-0.0516915
-0.0485919
-0.0442271
-0.0390541
-0.033782
-0.0280718
-0.0242317
-0.0143851
-0.0152769
-0.0145502
-0.0142609
-0.0154261
-0.018685
-0.0238948
-0.0302317
-0.0366151
-0.0421382
-0.0462017
-0.0484899
-0.0488669
-0.0473536
-0.0440213
-0.0392492
-0.0335191
-0.0276414
-0.0216294
-0.0180536
-0.00383296
-0.0146621
-0.0136183
-0.0117069
-0.0110811
-0.0129537
-0.0173804
-0.0235342
-0.0301707
-0.0361936
-0.0408119
-0.0435791
-0.0442621
-0.042851
-0.0393767
-0.0341855
-0.0276898
-0.0206823
-0.0132762
-0.00678574
0.016053
-0.0145833
-0.0126572
-0.00864854
-0.00623468
-0.00691014
-0.0107459
-0.016818
-0.0237402
-0.0302989
-0.0355396
-0.038904
-0.0400354
-0.0388779
-0.0354482
-0.029896
-0.0222759
-0.0128726
-0.000688092
0.0166951
0.0570639
-0.0117947
-0.0118308
-0.00572616
-0.00177507
-0.00176504
-0.0054048
-0.0115753
-0.0188151
-0.0258758
-0.0316877
-0.0356626
-0.0373622
-0.0366856
-0.0333556
-0.0272243
-0.0175416
-0.0031482
0.0204904
0.0607045
0.129821
-0.0295169
-0.0106298
-0.000608919
0.00308078
0.00244821
-0.00155707
-0.00799955
-0.0155535
-0.0229764
-0.029174
-0.0335322
-0.0355882
-0.0352014
-0.031956
-0.0252277
-0.0128601
0.00942265
0.0511716
0.122878
0.226076
)
;

boundaryField
{
    movingWall
    {
        type            zeroGradient;
    }
    fixedWalls
    {
        type            zeroGradient;
    }
    frontAndBack
    {
        type            empty;
    }
}


// ************************************************************************* //
