/*--------------------------------*- C++ -*----------------------------------*\
| =========                 |                                                 |
| \\      /  F ield         | OpenFOAM: The Open Source CFD Toolbox           |
|  \\    /   O peration     | Version:  2212                                  |
|   \\  /    A nd           | Website:  www.openfoam.com                      |
|    \\/     M anipulation  |                                                 |
\*---------------------------------------------------------------------------*/
FoamFile
{
    version     2.0;
    format      ascii;
    arch        "LSB;label=32;scalar=64";
    class       volScalarField;
    location    "13.7";
    object      T;
}
// * * * * * * * * * * * * * * * * * * * * * * * * * * * * * * * * * * * * * //

dimensions      [0 0 0 1 0 0 0];

internalField   nonuniform List<scalar> 
400
(
0.950075
0.951144
0.953319
0.956536
0.960287
0.963705
0.966153
0.967574
0.96834
0.96886
0.969333
0.969821
0.970343
0.970882
0.971354
0.971623
0.971467
0.970649
0.969298
0.968192
0.951445
0.952758
0.955388
0.959151
0.963132
0.966063
0.967497
0.967999
0.968173
0.968303
0.968568
0.96907
0.969844
0.970848
0.971878
0.972625
0.972614
0.971487
0.969716
0.96844
0.953587
0.95535
0.95862
0.962557
0.965654
0.966968
0.966927
0.966311
0.96554
0.964957
0.964859
0.965455
0.966752
0.968711
0.970978
0.973032
0.974007
0.973034
0.970482
0.968899
0.955686
0.957913
0.961478
0.96467
0.966036
0.965449
0.963745
0.961573
0.959426
0.957839
0.95722
0.957909
0.959823
0.963002
0.967011
0.971226
0.974493
0.975289
0.972459
0.969976
0.9573
0.959795
0.963083
0.964868
0.964197
0.961568
0.957891
0.953837
0.950132
0.947429
0.946208
0.946869
0.949305
0.953604
0.959377
0.966001
0.972313
0.976514
0.976015
0.971977
0.958364
0.960846
0.963394
0.963466
0.960692
0.95596
0.950224
0.944332
0.939196
0.93551
0.933759
0.934264
0.937015
0.942061
0.949149
0.957748
0.966839
0.974738
0.978662
0.974906
0.958955
0.961173
0.962715
0.961055
0.956325
0.949646
0.942076
0.934681
0.928477
0.924139
0.922071
0.922437
0.925288
0.930644
0.938412
0.948266
0.959385
0.970215
0.978269
0.979106
0.959206
0.961038
0.961574
0.958395
0.951985
0.943647
0.934609
0.926128
0.919253
0.914588
0.912398
0.912708
0.915529
0.920856
0.928713
0.939071
0.951488
0.964567
0.975736
0.981355
0.959225
0.960642
0.960296
0.955908
0.948197
0.938622
0.928559
0.919381
0.912124
0.907305
0.905065
0.905353
0.908114
0.913285
0.920885
0.931099
0.944052
0.958825
0.972486
0.980342
0.9591
0.960173
0.959225
0.954084
0.945536
0.935141
0.924407
0.914781
0.907274
0.902324
0.899995
0.900217
0.902911
0.907951
0.915236
0.924952
0.937723
0.953514
0.969547
0.979576
0.958879
0.959713
0.95843
0.952932
0.943983
0.933215
0.922199
0.912383
0.904729
0.899628
0.897129
0.897189
0.899743
0.90464
0.911647
0.920764
0.932851
0.948913
0.966815
0.979087
0.958591
0.959312
0.958018
0.952655
0.943822
0.933132
0.922172
0.912352
0.9046
0.899317
0.896584
0.896385
0.898676
0.903309
0.90998
0.918455
0.929542
0.945278
0.964627
0.97882
0.95823
0.958947
0.957855
0.95298
0.944692
0.93451
0.923985
0.914453
0.906803
0.90145
0.898515
0.898003
0.8999
0.90407
0.910206
0.91794
0.927806
0.942617
0.962901
0.97879
0.957772
0.958592
0.957925
0.95393
0.94668
0.937488
0.927805
0.918865
0.911515
0.906196
0.903082
0.902181
0.903529
0.906996
0.912313
0.919065
0.927558
0.941072
0.961787
0.978954
0.957173
0.958152
0.957903
0.954867
0.948912
0.941089
0.932677
0.924765
0.918107
0.913125
0.910024
0.908803
0.909524
0.912087
0.916281
0.921822
0.928849
0.940624
0.961207
0.979315
0.956463
0.957644
0.957939
0.956021
0.951638
0.945542
0.938767
0.932218
0.926543
0.922114
0.919136
0.917639
0.917641
0.919118
0.921945
0.925988
0.931425
0.941103
0.96119
0.979885
0.955756
0.956918
0.957384
0.956272
0.953339
0.949072
0.944195
0.939371
0.93507
0.931585
0.929044
0.927522
0.926971
0.927449
0.928947
0.931449
0.935454
0.943293
0.962363
0.980854
0.955257
0.956657
0.957536
0.957106
0.955463
0.952897
0.94983
0.946667
0.943705
0.941165
0.939127
0.937686
0.936832
0.936619
0.937184
0.938471
0.941417
0.947444
0.964559
0.982075
0.948535
0.955178
0.955178
0.954963
0.95408
0.952895
0.951538
0.950275
0.949113
0.948257
0.947629
0.947346
0.947363
0.947661
0.948464
0.949491
0.952123
0.956707
0.96969
0.984169
0.963849
0.968223
0.970566
0.971973
0.972728
0.973203
0.973454
0.973708
0.973888
0.974168
0.974415
0.974787
0.975133
0.975603
0.976055
0.976682
0.977482
0.979168
0.982529
0.988451
)
;

boundaryField
{
    movingWall
    {
        type            fixedValue;
        value           uniform 1;
    }
    fixedWalls
    {
        type            zeroGradient;
    }
    frontAndBack
    {
        type            empty;
    }
}


// ************************************************************************* //
