/*--------------------------------*- C++ -*----------------------------------*\
| =========                 |                                                 |
| \\      /  F ield         | OpenFOAM: The Open Source CFD Toolbox           |
|  \\    /   O peration     | Version:  2212                                  |
|   \\  /    A nd           | Website:  www.openfoam.com                      |
|    \\/     M anipulation  |                                                 |
\*---------------------------------------------------------------------------*/
FoamFile
{
    version     2.0;
    format      ascii;
    arch        "LSB;label=32;scalar=64";
    class       volScalarField;
    location    "21.3";
    object      T;
}
// * * * * * * * * * * * * * * * * * * * * * * * * * * * * * * * * * * * * * //

dimensions      [0 0 0 1 0 0 0];

internalField   nonuniform List<scalar> 
400
(
0.988528
0.988767
0.989252
0.989968
0.990806
0.991573
0.992127
0.992451
0.992629
0.992749
0.99286
0.992974
0.993097
0.993224
0.993336
0.993401
0.993369
0.993184
0.992878
0.992627
0.988833
0.989126
0.989712
0.990553
0.991445
0.992105
0.992432
0.992546
0.992585
0.992614
0.992675
0.992792
0.992974
0.99321
0.993453
0.993631
0.993634
0.993379
0.992975
0.992684
0.989308
0.989702
0.990433
0.991314
0.99201
0.992305
0.992292
0.992145
0.991963
0.991824
0.991801
0.99194
0.992243
0.992703
0.993235
0.993719
0.993953
0.993736
0.993153
0.992791
0.989773
0.990272
0.99107
0.991784
0.992087
0.991944
0.991542
0.991031
0.990527
0.990154
0.990008
0.99017
0.990618
0.991362
0.992301
0.99329
0.994058
0.994254
0.993608
0.993039
0.99013
0.990689
0.991423
0.991816
0.99165
0.991032
0.990168
0.989217
0.988348
0.987715
0.987429
0.987583
0.988154
0.989161
0.990513
0.992064
0.993542
0.994529
0.994425
0.993499
0.990364
0.990918
0.991482
0.991481
0.990827
0.989716
0.988371
0.98699
0.985785
0.984921
0.98451
0.984629
0.985274
0.986457
0.988119
0.990132
0.99226
0.994108
0.99503
0.994172
0.990492
0.990984
0.991315
0.990913
0.989802
0.988236
0.986461
0.984727
0.983271
0.982253
0.981767
0.981853
0.982522
0.98378
0.985602
0.987912
0.990516
0.99305
0.994933
0.995137
0.990543
0.990946
0.991043
0.990288
0.988785
0.986829
0.98471
0.98272
0.981106
0.98001
0.979495
0.979568
0.980231
0.981482
0.983327
0.985757
0.988667
0.991729
0.99434
0.995653
0.990543
0.99085
0.990742
0.989705
0.987897
0.985651
0.98329
0.981136
0.979431
0.978298
0.977772
0.977839
0.978488
0.979704
0.981489
0.983887
0.986925
0.990385
0.993581
0.995416
0.99051
0.990738
0.990491
0.989278
0.987273
0.984835
0.982316
0.980055
0.978291
0.977127
0.976579
0.976631
0.977265
0.97845
0.980162
0.982444
0.985441
0.989142
0.992893
0.995237
0.990457
0.990631
0.990306
0.989008
0.986909
0.984383
0.981797
0.979492
0.977693
0.976493
0.975905
0.975919
0.97652
0.977671
0.979319
0.981461
0.984299
0.988065
0.992254
0.995123
0.990388
0.990538
0.990211
0.988944
0.986871
0.984363
0.981791
0.979485
0.977663
0.97642
0.975777
0.97573
0.976269
0.977359
0.978927
0.980919
0.983523
0.987213
0.991743
0.99506
0.990304
0.990455
0.990176
0.989022
0.987076
0.984687
0.982217
0.979978
0.978181
0.976922
0.976232
0.976111
0.976557
0.977538
0.97898
0.980798
0.983116
0.98659
0.991339
0.995053
0.990198
0.990375
0.990197
0.989247
0.987543
0.985386
0.983114
0.981015
0.979288
0.978038
0.977306
0.977094
0.977411
0.978226
0.979475
0.981062
0.983058
0.986229
0.991079
0.995091
0.990059
0.990275
0.990197
0.989471
0.988068
0.986231
0.984257
0.9824
0.980837
0.979666
0.978938
0.978651
0.97882
0.979422
0.980408
0.98171
0.983361
0.986125
0.990943
0.995176
0.989895
0.990161
0.990212
0.989747
0.988711
0.987278
0.985687
0.98415
0.982818
0.981778
0.981078
0.980727
0.980727
0.981074
0.981739
0.982689
0.983966
0.986238
0.99094
0.995309
0.989731
0.989993
0.990086
0.989811
0.989114
0.988109
0.986962
0.985829
0.98482
0.984002
0.983405
0.983048
0.982919
0.983031
0.983383
0.983971
0.984912
0.986752
0.991215
0.995535
0.989616
0.989935
0.990127
0.990013
0.989619
0.989011
0.988288
0.987545
0.986848
0.986252
0.985774
0.985435
0.985235
0.985185
0.985318
0.985621
0.986312
0.987725
0.991728
0.99582
0.988046
0.989582
0.989574
0.989515
0.989302
0.98902
0.988698
0.9884
0.988125
0.987923
0.987775
0.987707
0.98771
0.987779
0.987966
0.988206
0.988821
0.989893
0.992928
0.996309
0.991605
0.992619
0.993161
0.993486
0.993659
0.993766
0.993822
0.993879
0.99392
0.993983
0.994039
0.994125
0.994205
0.994313
0.994418
0.994563
0.99475
0.995143
0.995928
0.997309
)
;

boundaryField
{
    movingWall
    {
        type            fixedValue;
        value           uniform 1;
    }
    fixedWalls
    {
        type            zeroGradient;
    }
    frontAndBack
    {
        type            empty;
    }
}


// ************************************************************************* //
