/*--------------------------------*- C++ -*----------------------------------*\
| =========                 |                                                 |
| \\      /  F ield         | OpenFOAM: The Open Source CFD Toolbox           |
|  \\    /   O peration     | Version:  2212                                  |
|   \\  /    A nd           | Website:  www.openfoam.com                      |
|    \\/     M anipulation  |                                                 |
\*---------------------------------------------------------------------------*/
FoamFile
{
    version     2.0;
    format      ascii;
    arch        "LSB;label=32;scalar=64";
    class       volScalarField;
    location    "6.8";
    object      p;
}
// * * * * * * * * * * * * * * * * * * * * * * * * * * * * * * * * * * * * * //

dimensions      [0 2 -2 0 0 0 0];

internalField   nonuniform List<scalar> 
400
(
-5.25062e-07
-0.000151541
-0.000535383
-0.00107228
-0.00173264
-0.00249365
-0.00318438
-0.00359673
-0.00356445
-0.00293335
-0.00154829
0.000618869
0.00324857
0.00551349
0.00653482
0.00592653
0.00400796
0.00215668
0.00111779
0.0010485
0.000115311
-5.90227e-05
-0.00037774
-0.000764713
-0.00124442
-0.00188818
-0.00270572
-0.00354238
-0.0040784
-0.0039368
-0.00284531
-0.000824515
0.00168919
0.0039611
0.00512647
0.00474728
0.00310961
0.00138211
0.000600557
0.000691208
0.000535142
0.000263906
-7.81402e-05
-0.000560237
-0.00134746
-0.00257993
-0.00421712
-0.00598022
-0.00739774
-0.0079386
-0.00725939
-0.00545805
-0.00288857
-0.00019184
0.00179532
0.00243294
0.00171581
0.000509898
-0.000388216
-0.0003854
0.00115004
0.000739632
0.000190711
-0.000775267
-0.00245024
-0.00493477
-0.00798925
-0.0111116
-0.013692
-0.0151642
-0.0151941
-0.0138281
-0.0112834
-0.00802044
-0.00474458
-0.00220234
-0.000862853
-0.000698522
-0.00128094
-0.0019105
0.00158033
0.000971278
-2.43306e-05
-0.00192373
-0.00500329
-0.00917252
-0.0139013
-0.0184624
-0.0221948
-0.0246289
-0.0255038
-0.0246992
-0.0223423
-0.0187255
-0.0142898
-0.00964371
-0.00558233
-0.00294066
-0.00218574
-0.00400968
0.00128963
0.000442138
-0.00119841
-0.00430203
-0.0089975
-0.0148666
-0.0210516
-0.0266873
-0.0311576
-0.0341411
-0.0355064
-0.0351516
-0.0331623
-0.0296888
-0.0248748
-0.0189418
-0.012491
-0.00693809
-0.0043926
-0.00651477
-5.19015e-05
-0.00114997
-0.00349901
-0.00779119
-0.0139195
-0.0210925
-0.0282052
-0.034368
-0.0390816
-0.0421799
-0.0436654
-0.0435571
-0.0419233
-0.0388354
-0.0342748
-0.0281288
-0.0205181
-0.0126886
-0.00784479
-0.00773955
-0.00245274
-0.00374295
-0.00669551
-0.0119034
-0.0190206
-0.0269518
-0.0344631
-0.0407276
-0.0453902
-0.0484098
-0.0498693
-0.0498614
-0.0484652
-0.0457307
-0.041614
-0.0358883
-0.0282968
-0.019351
-0.0118097
-0.00797265
-0.00553757
-0.00691343
-0.0102572
-0.0160073
-0.0236327
-0.0318517
-0.0394008
-0.0455503
-0.0500641
-0.0529762
-0.0544012
-0.0544418
-0.0531725
-0.0506543
-0.0469018
-0.0417637
-0.0348309
-0.0259211
-0.0166919
-0.00998395
-0.008731
-0.0100813
-0.0135879
-0.0195233
-0.0272555
-0.0354428
-0.0428539
-0.048838
-0.0532258
-0.0560747
-0.0574937
-0.0575652
-0.056352
-0.0539285
-0.050381
-0.0457039
-0.0395904
-0.0314916
-0.0222985
-0.0143238
-0.0114991
-0.012751
-0.0162068
-0.0220324
-0.0295727
-0.03754
-0.0447632
-0.0506217
-0.0549525
-0.0577942
-0.0592312
-0.0593228
-0.058119
-0.0556993
-0.0522106
-0.0477909
-0.0423835
-0.0353467
-0.0271713
-0.0191584
-0.013543
-0.0146104
-0.0178421
-0.0232923
-0.0303953
-0.0380129
-0.045053
-0.0508704
-0.0552368
-0.0581383
-0.0596206
-0.059723
-0.0584866
-0.0559918
-0.0524383
-0.0480762
-0.0431594
-0.0370206
-0.0300047
-0.0223945
-0.0148306
-0.0155594
-0.0183383
-0.023188
-0.0296593
-0.0368311
-0.0437024
-0.0495637
-0.0540657
-0.057102
-0.0586658
-0.058773
-0.0574595
-0.0548284
-0.0511039
-0.0465984
-0.0419227
-0.036269
-0.0302021
-0.0228755
-0.0154612
-0.0157145
-0.0177655
-0.0217271
-0.02736
-0.0339893
-0.0406946
-0.046671
-0.0514112
-0.0546772
-0.0563861
-0.0565273
-0.0551116
-0.052274
-0.0482816
-0.0435332
-0.0386971
-0.033119
-0.0280821
-0.0202655
-0.0155683
-0.015292
-0.0163292
-0.0190734
-0.0236302
-0.0296002
-0.0361252
-0.0422767
-0.0473569
-0.0509598
-0.0528958
-0.0530996
-0.051613
-0.0485245
-0.0441745
-0.0390178
-0.0337608
-0.0280614
-0.0242241
-0.0143818
-0.0152717
-0.0145456
-0.0142554
-0.0154175
-0.0186703
-0.0238711
-0.0301967
-0.0365681
-0.0420802
-0.0461351
-0.0484187
-0.0487963
-0.047289
-0.0439679
-0.0392107
-0.033497
-0.0276342
-0.0216326
-0.0180616
-0.00384242
-0.0146582
-0.0136153
-0.0117051
-0.0110791
-0.0129482
-0.0173678
-0.0235117
-0.030137
-0.0361492
-0.0407591
-0.0435217
-0.044205
-0.0427995
-0.0393364
-0.0341602
-0.0276813
-0.0206892
-0.0132944
-0.00681025
0.0160313
-0.0145814
-0.0126562
-0.00865026
-0.00623877
-0.00691299
-0.0107434
-0.0168068
-0.0237184
-0.0302668
-0.0354991
-0.0388587
-0.0399902
-0.038838
-0.0354186
-0.0298808
-0.0222777
-0.0128912
-0.000719639
0.0166578
0.0570329
-0.0117949
-0.011832
-0.00573179
-0.00178445
-0.00177432
-0.00540977
-0.0115722
-0.0188019
-0.0258522
-0.0316556
-0.0356253
-0.0373241
-0.0366517
-0.0333313
-0.0272146
-0.0175491
-0.00317308
0.0204522
0.0606627
0.129788
-0.0295162
-0.0106324
-0.000616833
0.00306898
0.00243621
-0.00156504
-0.00799979
-0.0155438
-0.0229563
-0.0291451
-0.0334977
-0.0355526
-0.0351695
-0.031933
-0.0252179
-0.0128661
0.00939975
0.0511366
0.122841
0.226046
)
;

boundaryField
{
    movingWall
    {
        type            zeroGradient;
    }
    fixedWalls
    {
        type            zeroGradient;
    }
    frontAndBack
    {
        type            empty;
    }
}


// ************************************************************************* //
