/*--------------------------------*- C++ -*----------------------------------*\
| =========                 |                                                 |
| \\      /  F ield         | OpenFOAM: The Open Source CFD Toolbox           |
|  \\    /   O peration     | Version:  2212                                  |
|   \\  /    A nd           | Website:  www.openfoam.com                      |
|    \\/     M anipulation  |                                                 |
\*---------------------------------------------------------------------------*/
FoamFile
{
    version     2.0;
    format      ascii;
    arch        "LSB;label=32;scalar=64";
    class       surfaceScalarField;
    location    "6.8";
    object      phi;
}
// * * * * * * * * * * * * * * * * * * * * * * * * * * * * * * * * * * * * * //

dimensions      [0 3 -1 0 0 0 0];

oriented        oriented;

internalField   nonuniform List<scalar> 
760
(
1.55984e-07
-1.55937e-07
2.93342e-07
-1.37358e-07
3.09618e-07
-1.62782e-08
1.83308e-07
1.2631e-07
-1.20588e-07
3.03897e-07
-6.65962e-07
5.45375e-07
-1.48487e-06
8.18913e-07
-2.48996e-06
1.00509e-06
-3.47907e-06
9.89108e-07
-4.21897e-06
7.39893e-07
-4.54277e-06
3.23799e-07
-4.35294e-06
-1.89827e-07
-3.59372e-06
-7.59215e-07
-2.37966e-06
-1.21406e-06
-9.41261e-07
-1.4384e-06
3.46248e-07
-1.28751e-06
1.0887e-06
-7.42449e-07
1.03239e-06
5.63016e-08
4.60768e-07
5.71626e-07
4.60766e-07
1.24814e-07
-2.80752e-07
7.41656e-08
-8.67102e-08
-2.97445e-07
3.55331e-07
-1.07903e-06
9.0789e-07
-2.31545e-06
1.54032e-06
-3.92608e-06
2.15601e-06
-5.66016e-06
2.55299e-06
-7.20431e-06
2.54923e-06
-8.33394e-06
2.11874e-06
-8.93932e-06
1.34527e-06
-8.97353e-06
3.58017e-07
-8.41407e-06
-7.49296e-07
-7.29223e-06
-1.88105e-06
-5.64148e-06
-2.86481e-06
-3.60607e-06
-3.47381e-06
-1.49107e-06
-3.40251e-06
1.77595e-07
-2.41111e-06
8.58169e-07
-6.24271e-07
5.25399e-07
9.04397e-07
9.86165e-07
-1.27794e-07
-1.52959e-07
-6.34117e-07
4.19613e-07
-1.62476e-06
1.34597e-06
-3.14054e-06
2.42367e-06
-5.05556e-06
3.45534e-06
-7.07038e-06
4.17083e-06
-8.86964e-06
4.35225e-06
-1.02733e-05
3.9529e-06
-1.12297e-05
3.07515e-06
-1.17311e-05
1.8467e-06
-1.17254e-05
3.52316e-07
-1.12669e-05
-1.2078e-06
-1.03349e-05
-2.81308e-06
-8.87514e-06
-4.32458e-06
-6.86789e-06
-5.48106e-06
-4.40254e-06
-5.86787e-06
-1.87885e-06
-4.93481e-06
-8.68272e-08
-2.41629e-06
2.94528e-07
5.23043e-07
1.28069e-06
-5.0046e-07
3.47499e-07
-1.55957e-06
1.47873e-06
-3.11831e-06
2.90471e-06
-5.07911e-06
4.38448e-06
-7.18183e-06
5.55806e-06
-9.1188e-06
6.10779e-06
-1.06878e-05
5.92128e-06
-1.18464e-05
5.11147e-06
-1.26226e-05
3.85133e-06
-1.3051e-05
2.27514e-06
-1.31162e-05
4.17531e-07
-1.28771e-05
-1.44694e-06
-1.22949e-05
-3.39527e-06
-1.12679e-05
-5.35161e-06
-9.66522e-06
-7.08371e-06
-7.36229e-06
-8.1708e-06
-4.39766e-06
-7.89943e-06
-1.37805e-06
-5.4359e-06
1.2056e-07
-9.75571e-07
1.40125e-06
-8.6157e-07
1.20907e-06
-2.36059e-06
2.97774e-06
-4.23061e-06
4.77473e-06
-6.27676e-06
6.43063e-06
-8.21804e-06
7.49934e-06
-9.83183e-06
7.72158e-06
-1.10414e-05
7.13089e-06
-1.18734e-05
5.94342e-06
-1.23895e-05
4.36743e-06
-1.26624e-05
2.54807e-06
-1.2783e-05
5.38097e-07
-1.27377e-05
-1.49222e-06
-1.25177e-05
-3.61527e-06
-1.2044e-05
-5.82532e-06
-1.11303e-05
-7.99739e-06
-9.48869e-06
-9.81241e-06
-6.81977e-06
-1.05684e-05
-3.2221e-06
-9.03357e-06
-2.61309e-07
-3.93637e-06
1.13994e-06
-1.08642e-06
2.29549e-06
-2.78295e-06
4.67427e-06
-4.67559e-06
6.66736e-06
-6.53249e-06
8.28754e-06
-8.12945e-06
9.09629e-06
-9.33546e-06
8.92759e-06
-1.01465e-05
7.94189e-06
-1.06275e-05
6.4245e-06
-1.0869e-05
4.60885e-06
-1.09705e-05
2.6496e-06
-1.10535e-05
6.21138e-07
-1.11044e-05
-1.44132e-06
-1.11393e-05
-3.58039e-06
-1.11292e-05
-5.83545e-06
-1.09206e-05
-8.206e-06
-1.01864e-05
-1.05465e-05
-8.43252e-06
-1.23223e-05
-5.24292e-06
-1.22232e-05
-1.15838e-06
-8.02091e-06
-1.84381e-08
-1.11036e-06
3.40585e-06
-2.75737e-06
6.32128e-06
-4.45423e-06
8.36422e-06
-5.98921e-06
9.82252e-06
-7.20227e-06
1.03094e-05
-8.03104e-06
9.75636e-06
-8.51321e-06
8.42405e-06
-8.73575e-06
6.64704e-06
-8.80218e-06
4.67529e-06
-8.80939e-06
2.6568e-06
-8.83966e-06
6.5141e-07
-8.9113e-06
-1.36969e-06
-9.04422e-06
-3.44747e-06
-9.25e-06
-5.62968e-06
-9.47238e-06
-7.98361e-06
-9.48035e-06
-1.05386e-05
-8.75509e-06
-1.30475e-05
-6.53839e-06
-1.44399e-05
-2.42385e-06
-1.21354e-05
-2.44229e-06
-9.35747e-07
4.3416e-06
-2.34704e-06
7.73258e-06
-3.73399e-06
9.75116e-06
-4.91309e-06
1.10016e-05
-5.78341e-06
1.11797e-05
-6.32809e-06
1.0301e-05
-6.60424e-06
8.7002e-06
-6.70285e-06
6.74566e-06
-6.71991e-06
4.69234e-06
-6.72827e-06
2.66517e-06
-6.76349e-06
6.86627e-07
-6.84244e-06
-1.29073e-06
-6.9861e-06
-3.30381e-06
-7.22505e-06
-5.39072e-06
-7.57673e-06
-7.63193e-06
-7.95075e-06
-1.01645e-05
-7.93774e-06
-1.30606e-05
-6.71977e-06
-1.56578e-05
-3.588e-06
-1.52672e-05
-6.03029e-06
-6.2535e-07
4.96695e-06
-1.68814e-06
8.79537e-06
-2.72157e-06
1.07846e-05
-3.56098e-06
1.1841e-05
-4.15087e-06
1.17696e-05
-4.50134e-06
1.06515e-05
-4.67127e-06
8.87013e-06
-4.73903e-06
6.81342e-06
-4.77684e-06
4.73015e-06
-4.82807e-06
2.7164e-06
-4.90265e-06
7.61211e-07
-5.00684e-06
-1.18654e-06
-5.15045e-06
-3.16021e-06
-5.36202e-06
-5.17914e-06
-5.6967e-06
-7.29725e-06
-6.16841e-06
-9.69284e-06
-6.55992e-06
-1.2669e-05
-6.13063e-06
-1.60871e-05
-3.9255e-06
-1.74723e-05
-9.9558e-06
-2.32876e-07
5.19982e-06
-8.94002e-07
9.45649e-06
-1.56598e-06
1.14566e-05
-2.09596e-06
1.2371e-05
-2.45625e-06
1.21299e-05
-2.67113e-06
1.08664e-05
-2.78877e-06
8.98777e-06
-2.86241e-06
6.88706e-06
-2.9366e-06
4.80434e-06
-3.03325e-06
2.81304e-06
-3.15508e-06
8.83043e-07
-3.30164e-06
-1.03998e-06
-3.473e-06
-2.98885e-06
-3.68128e-06
-4.97086e-06
-3.97696e-06
-7.00157e-06
-4.44238e-06
-9.22742e-06
-5.02574e-06
-1.20857e-05
-5.12584e-06
-1.5987e-05
-3.55976e-06
-1.90384e-05
-1.35156e-05
1.63738e-07
5.03608e-06
-7.01775e-08
9.69041e-06
-4.03338e-07
1.17897e-05
-6.54568e-07
1.26223e-05
-8.09769e-07
1.22851e-05
-9.00065e-07
1.09567e-05
-9.64837e-07
9.05255e-06
-1.03596e-06
6.95818e-06
-1.13001e-06
4.89838e-06
-1.25474e-06
2.93777e-06
-1.4127e-06
1.04101e-06
-1.60604e-06
-8.46645e-07
-1.83322e-06
-2.76167e-06
-2.09196e-06
-4.71212e-06
-2.40957e-06
-6.68396e-06
-2.87765e-06
-8.75935e-06
-3.56138e-06
-1.1402e-05
-4.02641e-06
-1.5522e-05
-3.0264e-06
-2.00384e-05
-1.6542e-05
5.02053e-07
4.53403e-06
7.00199e-07
9.49226e-06
7.43574e-07
1.17464e-05
7.7933e-07
1.25865e-05
8.24328e-07
1.22401e-05
8.53238e-07
1.09278e-05
8.46383e-07
9.0594e-06
7.9556e-07
7.00901e-06
7.0165e-07
4.99229e-06
5.66386e-07
3.07304e-06
3.84598e-07
1.22279e-06
1.50094e-07
-6.12142e-07
-1.38722e-07
-2.47285e-06
-4.88502e-07
-4.36234e-06
-9.02961e-07
-6.2695e-06
-1.42576e-06
-8.23655e-06
-2.20434e-06
-1.06234e-05
-2.95414e-06
-1.47722e-05
-2.46104e-06
-2.05315e-05
-1.9003e-05
7.58957e-07
3.77507e-06
1.35825e-06
8.89297e-06
1.75238e-06
1.13522e-05
2.08312e-06
1.22558e-05
2.35739e-06
1.19658e-05
2.545e-06
1.07402e-05
2.63784e-06
8.96657e-06
2.6466e-06
7.00024e-06
2.58532e-06
5.05357e-06
2.46049e-06
3.19787e-06
2.26455e-06
1.41873e-06
1.98344e-06
-3.31026e-07
1.61772e-06
-2.10714e-06
1.16246e-06
-3.90708e-06
6.13337e-07
-5.72038e-06
-8.09425e-08
-7.54227e-06
-9.54717e-07
-9.7496e-06
-1.91785e-06
-1.38091e-05
-1.92462e-06
-2.05248e-05
-2.09276e-05
8.74469e-07
2.90061e-06
1.81706e-06
7.95038e-06
2.56142e-06
1.06079e-05
3.20487e-06
1.16123e-05
3.75487e-06
1.14158e-05
4.16817e-06
1.03269e-05
4.42892e-06
8.70582e-06
4.55108e-06
6.87808e-06
4.55755e-06
5.0471e-06
4.46342e-06
3.29199e-06
4.26661e-06
1.61555e-06
3.93456e-06
1.02234e-09
3.48789e-06
-1.66046e-06
2.90098e-06
-3.32017e-06
2.17501e-06
-4.99441e-06
1.32894e-06
-6.69621e-06
2.72277e-07
-8.69293e-06
-9.54806e-07
-1.2582e-05
-1.42566e-06
-2.00539e-05
-2.23533e-05
8.10349e-07
2.09026e-06
1.96267e-06
6.79806e-06
3.0093e-06
9.56123e-06
3.98643e-06
1.06352e-05
4.86712e-06
1.05351e-05
5.58533e-06
9.60864e-06
6.10194e-06
8.1892e-06
6.41991e-06
6.56011e-06
6.56004e-06
4.90697e-06
6.54028e-06
3.31176e-06
6.35887e-06
1.79696e-06
6.01317e-06
3.46718e-07
5.47013e-06
-1.11742e-06
4.73719e-06
-2.58723e-06
3.80646e-06
-4.06368e-06
2.70689e-06
-5.59664e-06
1.39879e-06
-7.38483e-06
-1.50427e-07
-1.10328e-05
-9.10152e-07
-1.92942e-05
-2.32634e-05
5.80635e-07
1.50962e-06
1.76801e-06
5.61068e-06
3.11185e-06
8.21739e-06
4.46827e-06
9.27875e-06
5.73977e-06
9.2636e-06
6.82775e-06
8.52066e-06
7.66679e-06
7.35017e-06
8.2442e-06
5.9827e-06
8.57231e-06
4.57886e-06
8.66782e-06
3.21625e-06
8.53743e-06
1.92735e-06
8.1783e-06
7.05848e-07
7.54636e-06
-4.85479e-07
6.65897e-06
-1.69984e-06
5.50349e-06
-2.90819e-06
4.1209e-06
-4.21406e-06
2.58476e-06
-5.84868e-06
9.66376e-07
-9.41438e-06
-1.40153e-07
-1.81876e-05
-2.34036e-05
1.53871e-07
1.35575e-06
1.0469e-06
4.71765e-06
2.53028e-06
6.73401e-06
4.25886e-06
7.55017e-06
5.98736e-06
7.5351e-06
7.52806e-06
6.97995e-06
8.77828e-06
6.09995e-06
9.70821e-06
5.05277e-06
1.03129e-05
3.97415e-06
1.06038e-05
2.92533e-06
1.05869e-05
1.94428e-06
1.02677e-05
1.02506e-06
9.60016e-06
1.82048e-07
8.6064e-06
-7.06082e-07
7.27647e-06
-1.57826e-06
5.6624e-06
-2.59999e-06
3.92514e-06
-4.11142e-06
2.24841e-06
-7.73765e-06
6.56058e-07
-1.65953e-05
-2.27475e-05
-5.18776e-07
1.87453e-06
2.03154e-07
3.99572e-06
1.76576e-06
5.17141e-06
3.83752e-06
5.47841e-06
6.00139e-06
5.37123e-06
7.97049e-06
5.01085e-06
9.60821e-06
4.46223e-06
1.0873e-05
3.78798e-06
1.17474e-05
3.09979e-06
1.22475e-05
2.42523e-06
1.23769e-05
1.8149e-06
1.21553e-05
1.24664e-06
1.16068e-05
7.30564e-07
1.07019e-05
1.98776e-07
9.44538e-06
-3.21734e-07
7.91054e-06
-1.06516e-06
6.28327e-06
-2.48414e-06
4.46485e-06
-5.91924e-06
2.05895e-06
-1.41894e-05
-2.06886e-05
-4.18114e-06
6.05566e-06
-3.64377e-06
3.45835e-06
-1.24438e-06
2.77203e-06
1.56063e-06
2.67339e-06
4.30757e-06
2.62429e-06
6.84951e-06
2.46891e-06
9.07289e-06
2.23885e-06
1.09173e-05
1.94357e-06
1.23642e-05
1.65288e-06
1.34406e-05
1.34882e-06
1.41635e-05
1.09198e-06
1.45777e-05
8.32446e-07
1.46709e-05
6.37435e-07
1.4452e-05
4.17641e-07
1.39167e-05
2.13545e-07
1.30808e-05
-2.29272e-07
1.19324e-05
-1.33573e-06
1.01159e-05
-4.10271e-06
5.63926e-06
-9.71278e-06
-1.50493e-05
6.05566e-06
9.51401e-06
1.2286e-05
1.49594e-05
1.75837e-05
2.00526e-05
2.22915e-05
2.42351e-05
2.58879e-05
2.72368e-05
2.83287e-05
2.91612e-05
2.97986e-05
3.02163e-05
3.04298e-05
3.02005e-05
2.88648e-05
2.47621e-05
1.50493e-05
)
;

boundaryField
{
    movingWall
    {
        type            calculated;
        value           uniform 0;
    }
    fixedWalls
    {
        type            calculated;
        value           uniform 0;
    }
    frontAndBack
    {
        type            empty;
        value           nonuniform List<scalar> 0();
    }
}


// ************************************************************************* //
