/*--------------------------------*- C++ -*----------------------------------*\
| =========                 |                                                 |
| \\      /  F ield         | OpenFOAM: The Open Source CFD Toolbox           |
|  \\    /   O peration     | Version:  2212                                  |
|   \\  /    A nd           | Website:  www.openfoam.com                      |
|    \\/     M anipulation  |                                                 |
\*---------------------------------------------------------------------------*/
FoamFile
{
    version     2.0;
    format      ascii;
    arch        "LSB;label=32;scalar=64";
    class       volScalarField;
    location    "6.8";
    object      T;
}
// * * * * * * * * * * * * * * * * * * * * * * * * * * * * * * * * * * * * * //

dimensions      [0 0 0 1 0 0 0];

internalField   nonuniform List<scalar> 
400
(
0.760429
0.767541
0.78183
0.802682
0.826429
0.847275
0.861316
0.868705
0.872221
0.874419
0.876281
0.878058
0.879818
0.881456
0.882621
0.882708
0.880719
0.875426
0.867235
0.860496
0.76992
0.778416
0.795358
0.819273
0.843861
0.861132
0.869076
0.871889
0.873133
0.874047
0.875287
0.877227
0.87997
0.883299
0.886395
0.887966
0.886044
0.87906
0.869011
0.861577
0.784565
0.795674
0.816261
0.840765
0.859686
0.867942
0.869078
0.867738
0.865612
0.863962
0.863896
0.866182
0.870858
0.877736
0.885432
0.89182
0.89331
0.886195
0.872282
0.863545
0.798826
0.812648
0.834928
0.855104
0.864824
0.864415
0.859211
0.852105
0.844781
0.839325
0.837218
0.839766
0.846688
0.858162
0.872574
0.887463
0.898112
0.897948
0.881852
0.868683
0.809933
0.825497
0.846639
0.859721
0.860056
0.851548
0.839026
0.82482
0.811673
0.802051
0.797661
0.799982
0.808664
0.824119
0.845046
0.869216
0.89213
0.906252
0.899921
0.878761
0.817616
0.833558
0.851494
0.856723
0.848327
0.831965
0.811866
0.790948
0.772745
0.759684
0.753438
0.755101
0.764673
0.782449
0.807734
0.838848
0.872234
0.901404
0.914411
0.893867
0.822478
0.837576
0.851276
0.849098
0.833088
0.809673
0.783001
0.756899
0.735195
0.720068
0.712835
0.713972
0.723695
0.742196
0.769385
0.804418
0.844671
0.884683
0.914804
0.915253
0.825273
0.838839
0.848376
0.840047
0.817787
0.788503
0.756753
0.727127
0.703392
0.687357
0.679806
0.680713
0.690149
0.708231
0.735293
0.771589
0.815952
0.863687
0.905441
0.926887
0.826632
0.8384
0.844364
0.831381
0.804432
0.770849
0.735676
0.703919
0.679136
0.66277
0.655137
0.655948
0.665048
0.682344
0.70812
0.743397
0.789132
0.842558
0.893134
0.922932
0.827006
0.837105
0.840608
0.824879
0.795019
0.758653
0.721314
0.68824
0.662791
0.646119
0.638247
0.638832
0.647633
0.664338
0.688789
0.721933
0.766503
0.823143
0.882273
0.920124
0.826683
0.835405
0.837511
0.820679
0.789533
0.751923
0.71372
0.680114
0.654256
0.637143
0.628735
0.628774
0.637072
0.653223
0.676595
0.707422
0.749173
0.806327
0.872028
0.918285
0.825839
0.833565
0.835412
0.819361
0.788839
0.751567
0.713604
0.680001
0.653809
0.636087
0.626897
0.626082
0.633503
0.648767
0.670974
0.699482
0.737463
0.793102
0.863932
0.917317
0.824492
0.831592
0.833948
0.820041
0.791744
0.756303
0.719813
0.687113
0.661167
0.643144
0.63325
0.631402
0.637542
0.651297
0.671733
0.697697
0.731275
0.783325
0.857441
0.917219
0.822567
0.829409
0.832921
0.82254
0.798335
0.766501
0.732902
0.702112
0.677026
0.658988
0.648429
0.645277
0.649633
0.6611
0.678854
0.701527
0.730309
0.77759
0.853262
0.917859
0.819928
0.82685
0.83146
0.824817
0.80566
0.778839
0.749659
0.72228
0.699382
0.682331
0.671723
0.667475
0.669766
0.678263
0.692297
0.710917
0.734669
0.775713
0.850983
0.919233
0.816711
0.823901
0.829846
0.827285
0.814202
0.793838
0.770539
0.747872
0.728239
0.712947
0.702652
0.697416
0.697275
0.70213
0.711573
0.725133
0.743502
0.777165
0.850822
0.921402
0.813629
0.820585
0.826571
0.826615
0.818856
0.805253
0.788836
0.772284
0.757423
0.74534
0.736497
0.731134
0.729091
0.73053
0.735464
0.743791
0.757397
0.784751
0.85504
0.925076
0.811413
0.818688
0.825578
0.827617
0.824402
0.817021
0.80724
0.79671
0.786638
0.777883
0.770796
0.76571
0.762641
0.761744
0.763579
0.767886
0.778182
0.799576
0.863152
0.929733
0.785634
0.815127
0.817304
0.818753
0.817281
0.814334
0.81046
0.806688
0.803118
0.800523
0.798666
0.797977
0.798333
0.79964
0.802775
0.806669
0.816496
0.833519
0.882332
0.937713
0.849022
0.867651
0.877918
0.884399
0.888232
0.890873
0.892554
0.89416
0.895398
0.896955
0.898317
0.900123
0.90176
0.903861
0.90582
0.908468
0.911663
0.918279
0.931114
0.954169
)
;

boundaryField
{
    movingWall
    {
        type            fixedValue;
        value           uniform 1;
    }
    fixedWalls
    {
        type            zeroGradient;
    }
    frontAndBack
    {
        type            empty;
    }
}


// ************************************************************************* //
