/*--------------------------------*- C++ -*----------------------------------*\
| =========                 |                                                 |
| \\      /  F ield         | OpenFOAM: The Open Source CFD Toolbox           |
|  \\    /   O peration     | Version:  2212                                  |
|   \\  /    A nd           | Website:  www.openfoam.com                      |
|    \\/     M anipulation  |                                                 |
\*---------------------------------------------------------------------------*/
FoamFile
{
    version     2.0;
    format      ascii;
    arch        "LSB;label=32;scalar=64";
    class       volScalarField;
    location    "0.5";
    object      T;
}
// * * * * * * * * * * * * * * * * * * * * * * * * * * * * * * * * * * * * * //

dimensions      [0 0 0 1 0 0 0];

internalField   nonuniform List<scalar> 
400
(
1e-08
1e-08
1e-08
1e-08
1.00001e-08
1.00005e-08
1.00038e-08
1.00265e-08
1.01655e-08
1.09374e-08
1.47835e-08
3.18161e-08
9.78099e-08
3.15709e-07
9.0166e-07
2.08373e-06
3.56936e-06
4.02341e-06
2.59784e-06
1.10196e-06
1e-08
1e-08
1e-08
1.00001e-08
1.00005e-08
1.00042e-08
1.00332e-08
1.0235e-08
1.15061e-08
1.87231e-08
5.54795e-08
2.2187e-07
8.80899e-07
3.10357e-06
9.18364e-06
2.15441e-05
3.68227e-05
4.04353e-05
2.44637e-05
9.19525e-06
1e-08
1e-08
1e-08
1.00004e-08
1.00036e-08
1.00317e-08
1.02549e-08
1.18516e-08
2.21689e-08
8.22602e-08
3.96118e-07
1.85187e-06
7.74777e-06
2.80072e-05
8.40918e-05
0.000198303
0.000337039
0.000363175
0.000211042
7.30421e-05
1e-08
1e-08
1.00002e-08
1.00022e-08
1.00225e-08
1.02056e-08
1.1694e-08
2.26151e-08
9.49422e-08
5.26132e-07
2.82598e-06
1.36782e-05
5.81475e-05
0.00021169
0.000634675
0.00148225
0.00247939
0.00262579
0.00149472
0.000489651
1e-08
1.00001e-08
1.00011e-08
1.00124e-08
1.01282e-08
1.11958e-08
2.00648e-08
8.65016e-08
5.34815e-07
3.24931e-06
1.7882e-05
8.71804e-05
0.000369558
0.00132921
0.00389719
0.00882598
0.0142959
0.0148837
0.00851878
0.00272286
1e-08
1.00004e-08
1.00054e-08
1.00632e-08
1.06651e-08
1.6305e-08
6.38628e-08
4.24766e-07
2.88359e-06
1.78371e-05
9.81986e-05
0.000473785
0.00196413
0.00681803
0.0190492
0.0406636
0.0622495
0.0636477
0.0380996
0.0123843
1.00002e-08
1.0002e-08
1.00251e-08
1.02951e-08
1.31337e-08
3.99408e-08
2.67387e-07
1.99896e-06
1.37784e-05
8.48075e-05
0.000459522
0.00215535
0.00855376
0.0278894
0.0718421
0.139046
0.194168
0.19459
0.128827
0.0454672
1.00009e-08
1.00084e-08
1.0106e-08
1.1245e-08
2.3208e-08
1.35937e-07
1.0882e-06
8.28021e-06
5.65403e-05
0.000341118
0.0017908
0.00801252
0.0297119
0.0881069
0.200336
0.333678
0.406753
0.403106
0.314241
0.134114
1.00036e-08
1.00323e-08
1.04013e-08
1.4657e-08
5.87851e-08
4.68695e-07
3.87408e-06
2.90696e-05
0.000193641
0.00112867
0.00564574
0.0235902
0.0794381
0.206092
0.391938
0.527046
0.543478
0.560635
0.535727
0.321118
1.00086e-08
1.01107e-08
1.13378e-08
2.51107e-08
1.64021e-07
1.41715e-06
1.15062e-05
8.35892e-05
0.000535318
0.00296982
0.0139105
0.0530692
0.15745
0.343861
0.520675
0.535796
0.480009
0.56173
0.646318
0.592542
9.94614e-09
1.03123e-08
1.37246e-08
5.15951e-08
4.15222e-07
3.5393e-06
2.7453e-05
0.000189393
0.00114569
0.00594968
0.0256928
0.0882981
0.228824
0.420556
0.511688
0.410715
0.349368
0.450511
0.586686
0.728365
8.72548e-09
1.28268e-08
2.60725e-08
1.07174e-07
8.78626e-07
7.07052e-06
5.11824e-05
0.00032909
0.00185367
0.00894063
0.0356661
0.112253
0.263502
0.433739
0.468766
0.345072
0.290293
0.345557
0.488186
0.655032
-1.17127e-08
-1.02953e-07
-1.49552e-07
1.6657e-07
1.55728e-06
1.12853e-05
7.45006e-05
0.000439216
0.00228243
0.0102389
0.0383821
0.11491
0.259805
0.417762
0.455909
0.362362
0.292324
0.29525
0.455497
0.64356
3.1019e-08
3.02744e-06
2.97974e-06
6.05425e-07
1.82558e-06
1.44861e-05
8.75165e-05
0.000467245
0.00222251
0.00928003
0.0331194
0.0971636
0.222233
0.372384
0.439016
0.387367
0.29549
0.242464
0.40485
0.641871
-8.08156e-06
-4.68772e-05
-3.05997e-05
-7.03085e-07
8.362e-06
2.07123e-05
8.9902e-05
0.000418994
0.00179989
0.00693077
0.0234705
0.0679097
0.160189
0.288675
0.377627
0.370912
0.286445
0.210945
0.380429
0.632576
7.15057e-05
0.0004489
0.000214988
-4.8948e-06
-4.66237e-05
-1.86069e-05
6.55284e-05
0.000340004
0.00131008
0.00455399
0.0143494
0.0401405
0.0960879
0.185402
0.269426
0.293749
0.239399
0.180398
0.37421
0.648862
-0.00188679
-0.00297704
-0.00108916
9.8218e-05
0.00039013
0.000368052
0.00029445
0.000344445
0.000818875
0.00250385
0.00742621
0.0199886
0.0477491
0.0962931
0.154394
0.186539
0.16628
0.144393
0.369001
0.650818
0.0205474
0.0125737
0.00478535
-0.000331361
-0.00243261
-0.00287195
-0.00225073
-0.000991805
0.000578582
0.0024552
0.00501747
0.0100943
0.0204771
0.0405726
0.0704527
0.0989217
0.113997
0.149524
0.401327
0.677862
-0.155145
-0.0324693
-0.018256
-0.00200602
0.0130131
0.0285288
0.0432829
0.057714
0.0698871
0.0817548
0.0902032
0.0992737
0.104934
0.114249
0.125715
0.147444
0.182635
0.251358
0.461437
0.698558
0.183389
0.264228
0.318469
0.359023
0.390302
0.417559
0.439953
0.461636
0.478851
0.496945
0.510047
0.525077
0.534646
0.546848
0.554372
0.567593
0.579872
0.609391
0.666201
0.773763
)
;

boundaryField
{
    movingWall
    {
        type            fixedValue;
        value           uniform 1;
    }
    fixedWalls
    {
        type            zeroGradient;
    }
    frontAndBack
    {
        type            empty;
    }
}


// ************************************************************************* //
