/*--------------------------------*- C++ -*----------------------------------*\
| =========                 |                                                 |
| \\      /  F ield         | OpenFOAM: The Open Source CFD Toolbox           |
|  \\    /   O peration     | Version:  2212                                  |
|   \\  /    A nd           | Website:  www.openfoam.com                      |
|    \\/     M anipulation  |                                                 |
\*---------------------------------------------------------------------------*/
FoamFile
{
    version     2.0;
    format      ascii;
    arch        "LSB;label=32;scalar=64";
    class       volScalarField;
    location    "13.2";
    object      p;
}
// * * * * * * * * * * * * * * * * * * * * * * * * * * * * * * * * * * * * * //

dimensions      [0 2 -2 0 0 0 0];

internalField   nonuniform List<scalar> 
400
(
2.805e-07
-0.000150734
-0.000534818
-0.00107202
-0.00173275
-0.00249423
-0.00318537
-0.00359794
-0.00356571
-0.00293444
-0.00154888
0.000619084
0.00324931
0.00551383
0.00653349
0.00592259
0.00400177
0.00214933
0.00111032
0.00104127
0.000116151
-5.82659e-05
-0.000377212
-0.000764387
-0.00124431
-0.00188844
-0.00270657
-0.00354391
-0.0040804
-0.00393881
-0.0028468
-0.000825201
0.00168907
0.00396064
0.00512442
0.0047428
0.00310267
0.00137443
0.000592833
0.000683877
0.000536269
0.000264799
-7.74939e-05
-0.000559854
-0.00134757
-0.00258097
-0.00421956
-0.00598425
-0.00740307
-0.00794438
-0.00726468
-0.00546245
-0.00289207
-0.000195044
0.00179137
0.00242737
0.00170842
0.000501719
-0.000396472
-0.00039318
0.00115179
0.000741098
0.000191707
-0.000775036
-0.00245145
-0.00493826
-0.00799566
-0.0111211
-0.013704
-0.0151776
-0.0152074
-0.0138405
-0.0112942
-0.00802962
-0.00475278
-0.00221028
-0.000870961
-0.000706802
-0.00128942
-0.00191874
0.00158319
0.000973582
-2.30506e-05
-0.00192436
-0.00500707
-0.00918061
-0.0139143
-0.0184804
-0.0222169
-0.0246536
-0.0255293
-0.0247235
-0.022364
-0.018744
-0.0143052
-0.00965628
-0.0055927
-0.00294949
-0.00219385
-0.00401857
0.00129325
0.000444895
-0.00119754
-0.0043047
-0.0090055
-0.0148812
-0.0210734
-0.026716
-0.031192
-0.0341793
-0.0355461
-0.0351901
-0.0331975
-0.0297192
-0.0248999
-0.0189615
-0.0125058
-0.00694893
-0.00440147
-0.00652478
-4.84268e-05
-0.0011477
-0.00349968
-0.00779721
-0.0139331
-0.021115
-0.028237
-0.0344085
-0.0391295
-0.0422329
-0.0437206
-0.0436112
-0.0419734
-0.0388794
-0.0343114
-0.0281577
-0.0205395
-0.0127034
-0.00785535
-0.00774854
-0.00245061
-0.00374234
-0.00669886
-0.0119138
-0.0190404
-0.0269825
-0.0345049
-0.0407801
-0.0454517
-0.0484779
-0.0499407
-0.0499319
-0.0485312
-0.0457891
-0.0416629
-0.0359272
-0.0283261
-0.0193715
-0.0118228
-0.00798105
-0.0055378
-0.00691541
-0.010264
-0.0160224
-0.0236588
-0.0318903
-0.0394522
-0.0456139
-0.0501385
-0.0530586
-0.0544878
-0.0545279
-0.0532536
-0.0507266
-0.0469628
-0.0418126
-0.0348684
-0.0259482
-0.0167096
-0.00999502
-0.00873394
-0.0100861
-0.013598
-0.0195426
-0.027287
-0.0354879
-0.042913
-0.0489108
-0.0533106
-0.0561686
-0.0575925
-0.0576638
-0.0564453
-0.0540121
-0.050452
-0.0457611
-0.0396347
-0.0315245
-0.0223217
-0.0143403
-0.0115043
-0.0127581
-0.0162196
-0.0220547
-0.0296077
-0.0375893
-0.0448273
-0.0507002
-0.0550438
-0.0578953
-0.0593376
-0.0594291
-0.0582198
-0.0557898
-0.0522876
-0.047853
-0.0424317
-0.0353831
-0.0271984
-0.0191798
-0.0135495
-0.0146189
-0.0178562
-0.0233158
-0.0304314
-0.0380634
-0.0451185
-0.0509505
-0.0553299
-0.0582414
-0.0597291
-0.0598315
-0.0585894
-0.0560839
-0.0525163
-0.0481387
-0.0432074
-0.0370568
-0.0300323
-0.0224176
-0.0148375
-0.015568
-0.018352
-0.0232105
-0.0296937
-0.0368793
-0.0437652
-0.0496408
-0.0541556
-0.0572018
-0.0587708
-0.0588779
-0.0575586
-0.0549166
-0.0511777
-0.0466563
-0.0419659
-0.0363005
-0.0302264
-0.0228962
-0.0154679
-0.0157222
-0.0177774
-0.0217465
-0.0273899
-0.0340319
-0.0407509
-0.046741
-0.0514934
-0.0547688
-0.0564828
-0.0566238
-0.0552021
-0.0523534
-0.0483466
-0.0435821
-0.0387309
-0.0331416
-0.0280998
-0.0202795
-0.0155745
-0.0152983
-0.0163381
-0.0190879
-0.0236532
-0.0296343
-0.0361718
-0.0423361
-0.047428
-0.0510399
-0.0529806
-0.053184
-0.0516914
-0.0485918
-0.044227
-0.039054
-0.033782
-0.0280717
-0.0242316
-0.0143851
-0.0152769
-0.0145502
-0.0142608
-0.015426
-0.0186849
-0.0238947
-0.0302316
-0.036615
-0.0421381
-0.0462015
-0.0484897
-0.0488668
-0.0473535
-0.0440212
-0.0392491
-0.033519
-0.0276413
-0.0216293
-0.0180535
-0.00383292
-0.0146621
-0.0136182
-0.0117069
-0.0110811
-0.0129537
-0.0173804
-0.0235341
-0.0301706
-0.0361935
-0.0408118
-0.0435789
-0.044262
-0.0428509
-0.0393766
-0.0341854
-0.0276898
-0.0206823
-0.0132761
-0.00678572
0.016053
-0.0145832
-0.0126572
-0.00864849
-0.00623463
-0.00691009
-0.0107459
-0.0168179
-0.0237401
-0.0302988
-0.0355395
-0.0389039
-0.0400353
-0.0388778
-0.0354482
-0.0298959
-0.0222759
-0.0128726
-0.000688072
0.0166952
0.057064
-0.0117946
-0.0118307
-0.00572611
-0.00177502
-0.001765
-0.00540475
-0.0115752
-0.018815
-0.0258757
-0.0316876
-0.0356625
-0.0373621
-0.0366855
-0.0333555
-0.0272243
-0.0175416
-0.00314818
0.0204904
0.0607045
0.129821
-0.0295169
-0.0106297
-0.00060887
0.00308082
0.00244825
-0.00155702
-0.00799949
-0.0155535
-0.0229763
-0.0291739
-0.0335321
-0.0355881
-0.0352013
-0.0319559
-0.0252277
-0.01286
0.00942268
0.0511716
0.122878
0.226076
)
;

boundaryField
{
    movingWall
    {
        type            zeroGradient;
    }
    fixedWalls
    {
        type            zeroGradient;
    }
    frontAndBack
    {
        type            empty;
    }
}


// ************************************************************************* //
