/*--------------------------------*- C++ -*----------------------------------*\
| =========                 |                                                 |
| \\      /  F ield         | OpenFOAM: The Open Source CFD Toolbox           |
|  \\    /   O peration     | Version:  2212                                  |
|   \\  /    A nd           | Website:  www.openfoam.com                      |
|    \\/     M anipulation  |                                                 |
\*---------------------------------------------------------------------------*/
FoamFile
{
    version     2.0;
    format      ascii;
    arch        "LSB;label=32;scalar=64";
    class       volScalarField;
    location    "13.2";
    object      T;
}
// * * * * * * * * * * * * * * * * * * * * * * * * * * * * * * * * * * * * * //

dimensions      [0 0 0 1 0 0 0];

internalField   nonuniform List<scalar> 
400
(
0.944833
0.946023
0.948444
0.952025
0.956197
0.959996
0.962711
0.964284
0.96513
0.965703
0.966223
0.96676
0.967334
0.967925
0.968442
0.968735
0.968558
0.96765
0.966154
0.964928
0.94636
0.947821
0.950747
0.954934
0.959359
0.962613
0.964202
0.964758
0.964951
0.965096
0.965387
0.96594
0.966791
0.967894
0.969024
0.969842
0.969824
0.968574
0.966613
0.9652
0.948747
0.950708
0.954345
0.958721
0.962162
0.963623
0.963582
0.962908
0.962062
0.961421
0.961314
0.96197
0.963397
0.965551
0.968042
0.970298
0.971363
0.970282
0.967458
0.965707
0.951086
0.953563
0.957526
0.961076
0.962599
0.961959
0.960087
0.9577
0.955341
0.953596
0.952914
0.953673
0.955777
0.959274
0.963684
0.968319
0.971908
0.972774
0.969641
0.966896
0.952886
0.955659
0.959317
0.96131
0.960583
0.957695
0.953652
0.949194
0.945119
0.942146
0.940803
0.94153
0.944209
0.948937
0.955287
0.962574
0.969517
0.974134
0.97357
0.969106
0.954074
0.956835
0.959676
0.959776
0.956732
0.951528
0.945221
0.938742
0.933093
0.92904
0.927114
0.927669
0.930693
0.936241
0.944036
0.953494
0.963495
0.972186
0.976498
0.972343
0.954736
0.957207
0.95894
0.957128
0.951929
0.944586
0.936262
0.92813
0.921309
0.916539
0.914265
0.914666
0.9178
0.923687
0.932228
0.943064
0.955294
0.96721
0.976073
0.976984
0.95502
0.957066
0.957689
0.954206
0.947158
0.93799
0.928053
0.918729
0.911171
0.906042
0.903633
0.903974
0.907073
0.912927
0.921564
0.932952
0.946607
0.960995
0.973285
0.97947
0.955048
0.956636
0.956286
0.951472
0.942994
0.932466
0.921402
0.911313
0.903337
0.89804
0.895577
0.895892
0.898925
0.904607
0.912959
0.924187
0.938429
0.954678
0.969708
0.978355
0.954913
0.956122
0.955109
0.949466
0.940068
0.92864
0.916838
0.906258
0.898008
0.892567
0.890007
0.89025
0.893209
0.898746
0.90675
0.917429
0.931469
0.948835
0.966475
0.977512
0.954673
0.955615
0.954234
0.948199
0.938361
0.926522
0.914413
0.903624
0.895212
0.889606
0.88686
0.886925
0.88973
0.895109
0.902807
0.912826
0.926111
0.943775
0.963469
0.976974
0.954356
0.955173
0.953778
0.947894
0.938184
0.926431
0.914384
0.903591
0.895072
0.889267
0.886263
0.886043
0.888558
0.893648
0.900976
0.910289
0.922474
0.939777
0.961062
0.97668
0.95396
0.954768
0.953595
0.94825
0.93914
0.927947
0.916378
0.905901
0.897494
0.891612
0.888385
0.887822
0.889905
0.894486
0.901226
0.909724
0.920566
0.93685
0.959163
0.976648
0.953455
0.954374
0.953666
0.949291
0.941325
0.931221
0.920577
0.910751
0.902673
0.896827
0.893405
0.892414
0.893894
0.897702
0.903544
0.910961
0.920293
0.93515
0.957937
0.976828
0.952794
0.953885
0.953636
0.950317
0.943776
0.935179
0.925933
0.917235
0.909918
0.904442
0.901034
0.899691
0.900483
0.903298
0.907905
0.913993
0.921713
0.934657
0.957299
0.977226
0.95201
0.953322
0.953668
0.951578
0.94677
0.940072
0.932626
0.925428
0.91919
0.914322
0.911048
0.909402
0.909403
0.911026
0.914131
0.918572
0.924545
0.935183
0.957279
0.977853
0.95123
0.95252
0.953052
0.951848
0.948634
0.943949
0.93859
0.933289
0.928561
0.92473
0.921937
0.920264
0.919657
0.920181
0.921826
0.924574
0.928974
0.937591
0.958569
0.978919
0.95068
0.952229
0.953212
0.952755
0.95096
0.948147
0.944779
0.941305
0.938049
0.935258
0.933017
0.931433
0.930493
0.930258
0.930878
0.932292
0.93553
0.942156
0.960986
0.980264
0.943282
0.95061
0.95062
0.950393
0.94943
0.948133
0.946645
0.945259
0.943984
0.943044
0.942355
0.942045
0.942065
0.942393
0.943277
0.944408
0.947303
0.952345
0.966632
0.982568
0.960157
0.964979
0.967563
0.969117
0.969952
0.970478
0.970757
0.97104
0.971241
0.97155
0.971825
0.972236
0.972618
0.973135
0.973635
0.974326
0.975207
0.977063
0.980762
0.987282
)
;

boundaryField
{
    movingWall
    {
        type            fixedValue;
        value           uniform 1;
    }
    fixedWalls
    {
        type            zeroGradient;
    }
    frontAndBack
    {
        type            empty;
    }
}


// ************************************************************************* //
