/*--------------------------------*- C++ -*----------------------------------*\
| =========                 |                                                 |
| \\      /  F ield         | OpenFOAM: The Open Source CFD Toolbox           |
|  \\    /   O peration     | Version:  2212                                  |
|   \\  /    A nd           | Website:  www.openfoam.com                      |
|    \\/     M anipulation  |                                                 |
\*---------------------------------------------------------------------------*/
FoamFile
{
    version     2.0;
    format      ascii;
    arch        "LSB;label=32;scalar=64";
    class       volScalarField;
    location    "11.4";
    object      p;
}
// * * * * * * * * * * * * * * * * * * * * * * * * * * * * * * * * * * * * * //

dimensions      [0 2 -2 0 0 0 0];

internalField   nonuniform List<scalar> 
400
(
4.89138e-07
-0.000150504
-0.000534586
-0.00107179
-0.00173251
-0.00249399
-0.00318512
-0.0035977
-0.00356547
-0.00293419
-0.00154863
0.000619311
0.00324953
0.00551405
0.00653375
0.00592288
0.00400208
0.00214966
0.00111065
0.0010416
0.000116382
-5.80333e-05
-0.00037698
-0.000764156
-0.00124407
-0.0018882
-0.00270632
-0.00354366
-0.00408015
-0.00393855
-0.00284655
-0.00082496
0.0016893
0.00396087
0.00512468
0.00474309
0.003103
0.00137476
0.000593171
0.000684208
0.0005365
0.000265031
-7.72622e-05
-0.000559623
-0.00134733
-0.00258072
-0.00421928
-0.00598397
-0.00740278
-0.00794409
-0.00726438
-0.00546216
-0.00289179
-0.00019477
0.00179165
0.00242768
0.00170876
0.000502064
-0.000396125
-0.00039284
0.00115201
0.000741327
0.000191938
-0.000774803
-0.0024512
-0.00493798
-0.00799534
-0.0111207
-0.0137036
-0.0151772
-0.015207
-0.0138401
-0.0112938
-0.00802926
-0.00475244
-0.00220994
-0.000870615
-0.000706454
-0.00128906
-0.00191839
0.00158341
0.000973802
-2.2821e-05
-0.00192411
-0.00500679
-0.00918029
-0.0139139
-0.01848
-0.0222163
-0.0246531
-0.0255287
-0.0247229
-0.0223635
-0.0187436
-0.0143048
-0.00965588
-0.00559232
-0.00294913
-0.0021935
-0.00401821
0.00129346
0.000445108
-0.00119731
-0.00430443
-0.00900516
-0.0148808
-0.021073
-0.0267154
-0.0311913
-0.0341786
-0.0355454
-0.0351894
-0.0331968
-0.0297186
-0.0248994
-0.018961
-0.0125054
-0.00694855
-0.00440112
-0.00652441
-4.82193e-05
-0.00114748
-0.00349944
-0.0077969
-0.0139326
-0.0211145
-0.0282363
-0.0344078
-0.0391287
-0.0422319
-0.0437197
-0.0436103
-0.0419725
-0.0388786
-0.0343107
-0.0281571
-0.020539
-0.0127029
-0.00785497
-0.00774818
-0.0024504
-0.0037421
-0.00669858
-0.0119134
-0.01904
-0.0269819
-0.0345042
-0.0407792
-0.0454507
-0.0484768
-0.0499395
-0.0499308
-0.0485301
-0.0457881
-0.0416621
-0.0359265
-0.0283255
-0.019371
-0.0118224
-0.0079807
-0.00553756
-0.00691515
-0.0102636
-0.016022
-0.0236582
-0.0318896
-0.0394513
-0.0456128
-0.0501373
-0.0530573
-0.0544864
-0.0545265
-0.0532523
-0.0507254
-0.0469618
-0.0418118
-0.0348677
-0.0259476
-0.0167092
-0.00999464
-0.00873367
-0.0100858
-0.0135976
-0.0195422
-0.0272864
-0.0354871
-0.042912
-0.0489096
-0.0533092
-0.0561671
-0.057591
-0.0576622
-0.0564439
-0.0540108
-0.0504508
-0.0457602
-0.0396339
-0.0315239
-0.0223212
-0.0143399
-0.011504
-0.0127578
-0.0162192
-0.0220542
-0.029607
-0.0375885
-0.0448262
-0.050699
-0.0550424
-0.0578937
-0.059336
-0.0594275
-0.0582183
-0.0557884
-0.0522864
-0.047852
-0.0424308
-0.0353824
-0.0271979
-0.0191793
-0.0135492
-0.0146185
-0.0178558
-0.0233153
-0.0304307
-0.0380625
-0.0451174
-0.0509493
-0.0553285
-0.0582398
-0.0597275
-0.0598299
-0.0585879
-0.0560825
-0.052515
-0.0481377
-0.0432065
-0.0370561
-0.0300317
-0.0224171
-0.0148372
-0.0155677
-0.0183516
-0.02321
-0.029693
-0.0368784
-0.0437641
-0.0496396
-0.0541542
-0.0572002
-0.0587693
-0.0588764
-0.0575571
-0.0549152
-0.0511765
-0.0466554
-0.0419651
-0.0362998
-0.0302259
-0.0228957
-0.0154676
-0.0157219
-0.017777
-0.021746
-0.0273893
-0.0340311
-0.0407499
-0.0467399
-0.0514921
-0.0547674
-0.0564813
-0.0566223
-0.0552007
-0.0523522
-0.0483455
-0.0435813
-0.0387302
-0.0331411
-0.0280993
-0.020279
-0.0155741
-0.0152979
-0.0163378
-0.0190875
-0.0236527
-0.0296336
-0.036171
-0.0423352
-0.0474269
-0.0510386
-0.0529793
-0.0531826
-0.0516901
-0.0485906
-0.0442261
-0.0390533
-0.0337815
-0.0280713
-0.0242313
-0.0143848
-0.0152765
-0.0145499
-0.0142605
-0.0154257
-0.0186845
-0.0238942
-0.0302309
-0.0366141
-0.0421371
-0.0462005
-0.0484886
-0.0488656
-0.0473524
-0.0440202
-0.0392483
-0.0335185
-0.027641
-0.0216292
-0.0180534
-0.00383278
-0.0146618
-0.013618
-0.0117066
-0.0110808
-0.0129534
-0.01738
-0.0235336
-0.0301699
-0.0361927
-0.0408109
-0.043578
-0.044261
-0.04285
-0.0393758
-0.0341848
-0.0276894
-0.0206821
-0.0132761
-0.0067858
0.0160529
-0.014583
-0.0126569
-0.00864827
-0.00623444
-0.00690989
-0.0107456
-0.0168176
-0.0237396
-0.0302982
-0.0355387
-0.038903
-0.0400345
-0.038877
-0.0354475
-0.0298955
-0.0222756
-0.0128726
-0.000688235
0.0166949
0.0570638
-0.0117944
-0.0118305
-0.00572594
-0.0017749
-0.00176488
-0.00540458
-0.011575
-0.0188146
-0.0258751
-0.031687
-0.0356618
-0.0373613
-0.0366848
-0.0333549
-0.0272239
-0.0175414
-0.00314826
0.0204901
0.0607042
0.129821
-0.0295166
-0.0106295
-0.000608726
0.00308091
0.00244833
-0.00155689
-0.00799927
-0.0155531
-0.0229758
-0.0291733
-0.0335314
-0.0355875
-0.0352007
-0.0319554
-0.0252273
-0.0128599
0.00942263
0.0511714
0.122878
0.226076
)
;

boundaryField
{
    movingWall
    {
        type            zeroGradient;
    }
    fixedWalls
    {
        type            zeroGradient;
    }
    frontAndBack
    {
        type            empty;
    }
}


// ************************************************************************* //
