/*--------------------------------*- C++ -*----------------------------------*\
| =========                 |                                                 |
| \\      /  F ield         | OpenFOAM: The Open Source CFD Toolbox           |
|  \\    /   O peration     | Version:  2212                                  |
|   \\  /    A nd           | Website:  www.openfoam.com                      |
|    \\/     M anipulation  |                                                 |
\*---------------------------------------------------------------------------*/
FoamFile
{
    version     2.0;
    format      ascii;
    arch        "LSB;label=32;scalar=64";
    class       surfaceScalarField;
    location    "11.4";
    object      phi;
}
// * * * * * * * * * * * * * * * * * * * * * * * * * * * * * * * * * * * * * //

dimensions      [0 3 -1 0 0 0 0];

oriented        oriented;

internalField   nonuniform List<scalar> 
760
(
1.56084e-07
-1.56128e-07
2.93631e-07
-1.37547e-07
3.09996e-07
-1.63644e-08
1.83686e-07
1.26309e-07
-1.20303e-07
3.0399e-07
-6.65926e-07
5.45623e-07
-1.48527e-06
8.19348e-07
-2.49087e-06
1.0056e-06
-3.48036e-06
9.89487e-07
-4.22035e-06
7.39996e-07
-4.54398e-06
3.23625e-07
-4.35365e-06
-1.90328e-07
-3.59375e-06
-7.59898e-07
-2.37898e-06
-1.21478e-06
-9.40001e-07
-1.43897e-06
3.47769e-07
-1.28777e-06
1.08995e-06
-7.42184e-07
1.03309e-06
5.6865e-08
4.60999e-07
5.7209e-07
4.60999e-07
1.25051e-07
-2.81179e-07
7.46136e-08
-8.71103e-08
-2.97021e-07
3.55271e-07
-1.07891e-06
9.08196e-07
-2.31595e-06
1.54103e-06
-3.92743e-06
2.15711e-06
-5.66234e-06
2.55426e-06
-7.20708e-06
2.55033e-06
-8.33698e-06
2.11939e-06
-8.94233e-06
1.34534e-06
-8.97625e-06
3.57544e-07
-8.41624e-06
-7.50338e-07
-7.29365e-06
-1.88248e-06
-5.64204e-06
-2.86639e-06
-3.60581e-06
-3.4752e-06
-1.49022e-06
-3.40336e-06
1.78743e-07
-2.41115e-06
8.58998e-07
-6.2339e-07
5.25712e-07
9.05376e-07
9.86711e-07
-1.27598e-07
-1.53581e-07
-6.33931e-07
4.19222e-07
-1.62494e-06
1.34628e-06
-3.14151e-06
2.42476e-06
-5.05758e-06
3.45711e-06
-7.07346e-06
4.17298e-06
-8.87356e-06
4.35436e-06
-1.02778e-05
3.9546e-06
-1.12346e-05
3.07618e-06
-1.17362e-05
1.8469e-06
-1.17302e-05
3.51585e-07
-1.12713e-05
-1.20926e-06
-1.03386e-05
-2.8152e-06
-8.8779e-06
-4.32705e-06
-6.86962e-06
-5.48348e-06
-4.40324e-06
-5.86974e-06
-1.87874e-06
-4.93564e-06
-8.6393e-08
-2.41574e-06
2.94693e-07
5.2429e-07
1.2814e-06
-5.00533e-07
3.46953e-07
-1.56001e-06
1.4787e-06
-3.11955e-06
2.90582e-06
-5.08149e-06
4.3867e-06
-7.18541e-06
5.56103e-06
-9.12344e-06
6.111e-06
-1.06933e-05
5.92423e-06
-1.18525e-05
5.11382e-06
-1.26292e-05
3.85281e-06
-1.30578e-05
2.27555e-06
-1.31229e-05
4.16629e-07
-1.28833e-05
-1.44878e-06
-1.23005e-05
-3.39803e-06
-1.12726e-05
-5.35498e-06
-9.66886e-06
-7.0872e-06
-7.3647e-06
-8.1739e-06
-4.3988e-06
-7.90155e-06
-1.37807e-06
-5.43647e-06
1.20738e-07
-9.74516e-07
1.40214e-06
-8.61967e-07
1.20892e-06
-2.36177e-06
2.97851e-06
-4.23291e-06
4.77696e-06
-6.28032e-06
6.43411e-06
-8.22278e-06
7.50349e-06
-9.83756e-06
7.72578e-06
-1.1048e-05
7.13467e-06
-1.18806e-05
5.94646e-06
-1.23972e-05
4.36943e-06
-1.26705e-05
2.54876e-06
-1.2791e-05
5.37216e-07
-1.27454e-05
-1.49443e-06
-1.25247e-05
-3.61871e-06
-1.20501e-05
-5.82958e-06
-1.11354e-05
-8.00193e-06
-9.4926e-06
-9.81668e-06
-6.82231e-06
-1.05718e-05
-3.22303e-06
-9.03574e-06
-2.61167e-07
-3.93638e-06
1.14097e-06
-1.08714e-06
2.29606e-06
-2.78473e-06
4.6761e-06
-4.67859e-06
6.67082e-06
-6.53672e-06
8.29224e-06
-8.13477e-06
9.10153e-06
-9.34172e-06
8.93273e-06
-1.01536e-05
7.94653e-06
-1.06355e-05
6.42834e-06
-1.08776e-05
4.61154e-06
-1.09796e-05
2.65074e-06
-1.10628e-05
6.20426e-07
-1.11133e-05
-1.44389e-06
-1.11474e-05
-3.5846e-06
-1.11362e-05
-5.84076e-06
-1.09265e-05
-8.21168e-06
-1.01912e-05
-1.05519e-05
-8.43615e-06
-1.23269e-05
-5.2451e-06
-1.22268e-05
-1.15868e-06
-8.0228e-06
-1.77019e-08
-1.11126e-06
3.40732e-06
-2.75942e-06
6.32426e-06
-4.45747e-06
8.36887e-06
-5.99358e-06
9.82835e-06
-7.20764e-06
1.03156e-05
-8.03734e-06
9.76244e-06
-8.52047e-06
8.42966e-06
-8.744e-06
6.65187e-06
-8.81139e-06
4.67892e-06
-8.81933e-06
2.65868e-06
-8.84988e-06
6.50983e-07
-8.92122e-06
-1.37255e-06
-9.05331e-06
-3.45251e-06
-9.25781e-06
-5.63625e-06
-9.47876e-06
-7.99073e-06
-9.48542e-06
-1.05453e-05
-8.75911e-06
-1.30532e-05
-6.54131e-06
-1.44446e-05
-2.42499e-06
-1.21391e-05
-2.44269e-06
-9.36642e-07
4.34396e-06
-2.34903e-06
7.73665e-06
-3.73702e-06
9.75686e-06
-4.91711e-06
1.10084e-05
-5.78835e-06
1.11868e-05
-6.33397e-06
1.03081e-05
-6.61116e-06
8.70685e-06
-6.71093e-06
6.75164e-06
-6.7291e-06
4.69709e-06
-6.73833e-06
2.66792e-06
-6.77397e-06
6.86618e-07
-6.85277e-06
-1.29375e-06
-6.99567e-06
-3.30962e-06
-7.23331e-06
-5.39862e-06
-7.5833e-06
-7.64074e-06
-7.95568e-06
-1.01729e-05
-7.94144e-06
-1.30675e-05
-6.72261e-06
-1.56634e-05
-3.58988e-06
-1.52719e-05
-6.03257e-06
-6.26073e-07
4.97003e-06
-1.68978e-06
8.80035e-06
-2.72405e-06
1.07911e-05
-3.56427e-06
1.18487e-05
-4.15496e-06
1.17775e-05
-4.5063e-06
1.06594e-05
-4.67723e-06
8.87778e-06
-4.74607e-06
6.82049e-06
-4.78492e-06
4.73594e-06
-4.83696e-06
2.71996e-06
-4.91201e-06
7.61668e-07
-5.01622e-06
-1.18954e-06
-5.15933e-06
-3.1665e-06
-5.36987e-06
-5.18808e-06
-5.70301e-06
-7.3076e-06
-6.17296e-06
-9.70294e-06
-6.56305e-06
-1.26774e-05
-6.13296e-06
-1.60935e-05
-3.92712e-06
-1.74777e-05
-9.95969e-06
-2.33278e-07
5.20331e-06
-8.95043e-07
9.46212e-06
-1.56761e-06
1.14637e-05
-2.09817e-06
1.23792e-05
-2.45907e-06
1.21384e-05
-2.67463e-06
1.08749e-05
-2.79303e-06
8.99619e-06
-2.86749e-06
6.89495e-06
-2.94244e-06
4.81089e-06
-3.03969e-06
2.81721e-06
-3.16194e-06
8.83913e-07
-3.30865e-06
-1.04282e-06
-3.47986e-06
-2.99529e-06
-3.68761e-06
-4.98034e-06
-3.9822e-06
-7.013e-06
-4.44613e-06
-9.23902e-06
-5.02807e-06
-1.20954e-05
-5.12738e-06
-1.59942e-05
-3.56077e-06
-1.90443e-05
-1.35205e-05
1.63764e-07
5.03954e-06
-7.04633e-08
9.69635e-06
-4.03944e-07
1.17972e-05
-6.55485e-07
1.26308e-05
-8.11026e-07
1.2294e-05
-9.01709e-07
1.09656e-05
-9.66887e-07
9.06137e-06
-1.03841e-06
6.96647e-06
-1.13282e-06
4.90529e-06
-1.25786e-06
2.94225e-06
-1.41612e-06
1.04217e-06
-1.60972e-06
-8.49218e-07
-1.83708e-06
-2.76794e-06
-2.0958e-06
-4.72161e-06
-2.41304e-06
-6.69575e-06
-2.88017e-06
-8.77189e-06
-3.56277e-06
-1.14128e-05
-4.02716e-06
-1.55298e-05
-3.02688e-06
-2.00446e-05
-1.65473e-05
5.02489e-07
4.53706e-06
7.0073e-07
9.49811e-06
7.44131e-07
1.17538e-05
7.79881e-07
1.2595e-05
8.24843e-07
1.2249e-05
8.53716e-07
1.09368e-05
8.46867e-07
9.06822e-06
7.96113e-07
7.01722e-06
7.02247e-07
4.99916e-06
5.66958e-07
3.07754e-06
3.85007e-07
1.22412e-06
1.50204e-07
-6.14414e-07
-1.38988e-07
-2.47875e-06
-4.89205e-07
-4.3714e-06
-9.03953e-07
-6.281e-06
-1.42657e-06
-8.24927e-06
-2.20456e-06
-1.06349e-05
-2.95402e-06
-1.47804e-05
-2.46097e-06
-2.05376e-05
-1.90083e-05
7.59802e-07
3.77725e-06
1.3596e-06
8.8983e-06
1.7541e-06
1.13593e-05
2.08518e-06
1.22639e-05
2.35973e-06
1.19745e-05
2.54765e-06
1.07488e-05
2.64086e-06
8.97501e-06
2.65007e-06
7.00802e-06
2.58922e-06
5.06e-06
2.46464e-06
3.20213e-06
2.26864e-06
1.42012e-06
1.98715e-06
-3.32918e-07
1.62084e-06
-2.11244e-06
1.16484e-06
-3.9154e-06
6.14937e-07
-5.7311e-06
-7.99382e-08
-7.5544e-06
-9.53686e-07
-9.76111e-06
-1.91682e-06
-1.38172e-05
-1.92414e-06
-2.05303e-05
-2.09324e-05
8.75567e-07
2.90169e-06
1.81908e-06
7.95479e-06
2.56417e-06
1.06142e-05
3.20827e-06
1.16198e-05
3.75889e-06
1.14238e-05
4.17282e-06
1.03349e-05
4.43426e-06
8.71356e-06
4.55717e-06
6.88511e-06
4.56431e-06
5.05286e-06
4.47065e-06
3.2958e-06
4.27392e-06
1.61684e-06
3.94146e-06
-4.56551e-10
3.49409e-06
-1.66506e-06
2.90618e-06
-3.32748e-06
2.17903e-06
-5.00395e-06
1.33185e-06
-6.70722e-06
2.74361e-07
-8.70362e-06
-9.5313e-07
-1.25897e-05
-1.42488e-06
-2.00586e-05
-2.23573e-05
8.11448e-07
2.09024e-06
1.96506e-06
6.80117e-06
3.01274e-06
9.56652e-06
3.99083e-06
1.06417e-05
4.87244e-06
1.05422e-05
5.59157e-06
9.61578e-06
6.10913e-06
8.196e-06
6.42806e-06
6.56618e-06
6.56904e-06
4.91187e-06
6.54987e-06
3.31497e-06
6.36864e-06
1.79807e-06
6.02265e-06
3.45527e-07
5.47884e-06
-1.12125e-06
4.74473e-06
-2.59338e-06
3.81253e-06
-4.07175e-06
2.71132e-06
-5.60601e-06
1.40176e-06
-7.39406e-06
-1.48904e-07
-1.10391e-05
-9.09021e-07
-1.92985e-05
-2.32663e-05
5.81465e-07
1.50877e-06
1.7703e-06
5.61233e-06
3.1155e-06
8.22132e-06
4.47322e-06
9.28401e-06
5.74599e-06
9.26947e-06
6.83518e-06
8.52659e-06
7.67539e-06
7.35578e-06
8.25392e-06
5.98766e-06
8.58299e-06
4.5828e-06
8.67916e-06
3.2188e-06
8.54902e-06
1.92822e-06
8.18965e-06
7.04898e-07
7.5569e-06
-4.88499e-07
6.66825e-06
-1.70472e-06
5.51109e-06
-2.91459e-06
4.12648e-06
-4.2214e-06
2.58855e-06
-5.85613e-06
9.69116e-07
-9.41964e-06
-1.38905e-07
-1.81904e-05
-2.34052e-05
1.54338e-07
1.35444e-06
1.04871e-06
4.71796e-06
2.53356e-06
6.73647e-06
4.26369e-06
7.55388e-06
5.99372e-06
7.53944e-06
7.53589e-06
6.98443e-06
8.78748e-06
6.10419e-06
9.71866e-06
5.05647e-06
1.03244e-05
3.97703e-06
1.06161e-05
2.92715e-06
1.05995e-05
1.9448e-06
1.02802e-05
1.02423e-06
9.61167e-06
1.80002e-07
8.61669e-06
-7.09746e-07
7.28495e-06
-1.58285e-06
5.66868e-06
-2.60513e-06
3.92915e-06
-4.1166e-06
2.25073e-06
-7.74121e-06
6.56937e-07
-1.65967e-05
-2.27483e-05
-5.19156e-07
1.87359e-06
2.03733e-07
3.99507e-06
1.76793e-06
5.17228e-06
3.84154e-06
5.48027e-06
6.00731e-06
5.37367e-06
7.97819e-06
5.01354e-06
9.61756e-06
4.46483e-06
1.08838e-05
3.79025e-06
1.17593e-05
3.10151e-06
1.22602e-05
2.42628e-06
1.23898e-05
1.81517e-06
1.21679e-05
1.24616e-06
1.16187e-05
7.29203e-07
1.07124e-05
1.96534e-07
9.45381e-06
-3.24259e-07
7.91675e-06
-1.06806e-06
6.28711e-06
-2.48697e-06
4.46684e-06
-5.92094e-06
2.05977e-06
-1.41896e-05
-2.06885e-05
-4.18158e-06
6.05517e-06
-3.64417e-06
3.45765e-06
-1.2438e-06
2.77191e-06
1.56269e-06
2.67378e-06
4.31131e-06
2.62505e-06
6.85496e-06
2.46989e-06
9.07992e-06
2.23987e-06
1.09257e-05
1.9445e-06
1.23736e-05
1.65358e-06
1.34506e-05
1.34927e-06
1.41737e-05
1.0921e-06
1.45876e-05
8.32244e-07
1.46799e-05
6.36883e-07
1.44596e-05
4.16884e-07
1.39227e-05
2.1264e-07
1.30851e-05
-2.30505e-07
1.19347e-05
-1.33661e-06
1.01167e-05
-4.10292e-06
5.63959e-06
-9.71247e-06
-1.50489e-05
6.05517e-06
9.51283e-06
1.22847e-05
1.49585e-05
1.75836e-05
2.00535e-05
2.22933e-05
2.42378e-05
2.58914e-05
2.72407e-05
2.83328e-05
2.9165e-05
2.98019e-05
3.02188e-05
3.04314e-05
3.02009e-05
2.88643e-05
2.47614e-05
1.50489e-05
)
;

boundaryField
{
    movingWall
    {
        type            calculated;
        value           uniform 0;
    }
    fixedWalls
    {
        type            calculated;
        value           uniform 0;
    }
    frontAndBack
    {
        type            empty;
        value           nonuniform List<scalar> 0();
    }
}


// ************************************************************************* //
