/*--------------------------------*- C++ -*----------------------------------*\
| =========                 |                                                 |
| \\      /  F ield         | OpenFOAM: The Open Source CFD Toolbox           |
|  \\    /   O peration     | Version:  2212                                  |
|   \\  /    A nd           | Website:  www.openfoam.com                      |
|    \\/     M anipulation  |                                                 |
\*---------------------------------------------------------------------------*/
FoamFile
{
    version     2.0;
    format      ascii;
    arch        "LSB;label=32;scalar=64";
    class       volScalarField;
    location    "11.4";
    object      T;
}
// * * * * * * * * * * * * * * * * * * * * * * * * * * * * * * * * * * * * * //

dimensions      [0 0 0 1 0 0 0];

internalField   nonuniform List<scalar> 
400
(
0.92022
0.922017
0.92567
0.931064
0.937324
0.94299
0.947002
0.949294
0.950508
0.951323
0.952059
0.952815
0.953619
0.954442
0.955154
0.95554
0.955248
0.9539
0.951695
0.949888
0.92254
0.924739
0.929142
0.935428
0.94204
0.946866
0.949198
0.950011
0.9503
0.950517
0.950936
0.951717
0.952914
0.954457
0.956029
0.957147
0.957064
0.955219
0.95235
0.950277
0.926164
0.929104
0.934555
0.941102
0.946229
0.948406
0.948388
0.947465
0.946294
0.945405
0.945264
0.946191
0.948199
0.951224
0.954715
0.95786
0.959298
0.957668
0.953554
0.950999
0.929711
0.933414
0.939345
0.94466
0.946972
0.946124
0.943517
0.940181
0.936873
0.934427
0.933472
0.934542
0.937503
0.942423
0.948627
0.95514
0.960157
0.961284
0.956699
0.95271
0.932444
0.936591
0.942083
0.945126
0.944195
0.940156
0.93449
0.928232
0.922505
0.918326
0.916438
0.917459
0.921225
0.927876
0.936813
0.947075
0.956848
0.963315
0.962385
0.955906
0.934259
0.938404
0.942722
0.943037
0.938802
0.931499
0.922643
0.913538
0.905602
0.899907
0.897201
0.897977
0.902222
0.910015
0.920973
0.934282
0.948371
0.960621
0.966655
0.960597
0.935294
0.939032
0.941765
0.939346
0.93206
0.921746
0.910055
0.898633
0.889058
0.882366
0.879175
0.879736
0.884127
0.892385
0.904374
0.919603
0.936813
0.953607
0.966111
0.967316
0.935764
0.938898
0.940048
0.935251
0.925356
0.912482
0.898528
0.885441
0.874844
0.867655
0.86428
0.864754
0.869092
0.877292
0.889402
0.905389
0.924585
0.944845
0.962182
0.970921
0.935851
0.938328
0.938094
0.931414
0.919508
0.904725
0.889196
0.875046
0.863871
0.856453
0.853005
0.853443
0.857685
0.865636
0.877333
0.893078
0.913081
0.935944
0.957132
0.969344
0.935693
0.93762
0.936441
0.928594
0.915397
0.899355
0.882797
0.867965
0.856413
0.848799
0.845217
0.845555
0.84969
0.857434
0.868636
0.883596
0.903298
0.927717
0.952575
0.968157
0.935372
0.936906
0.935202
0.926811
0.913002
0.896384
0.879398
0.864279
0.852503
0.84466
0.840819
0.840907
0.844827
0.852347
0.863116
0.877144
0.895771
0.920592
0.948333
0.967398
0.934935
0.93627
0.934539
0.926371
0.91275
0.896256
0.879359
0.864234
0.85231
0.844187
0.839986
0.839676
0.84319
0.850306
0.860557
0.873591
0.890663
0.914965
0.944941
0.966985
0.934376
0.935677
0.934252
0.926856
0.914089
0.898382
0.882154
0.867471
0.8557
0.847469
0.842955
0.842166
0.845075
0.85148
0.860909
0.8728
0.887984
0.910843
0.942262
0.96694
0.933657
0.93509
0.934307
0.92829
0.917146
0.902973
0.888041
0.874267
0.862951
0.854767
0.849978
0.848589
0.850657
0.855983
0.864156
0.874536
0.8876
0.908448
0.940532
0.967195
0.932711
0.934369
0.934217
0.929698
0.920573
0.908523
0.895553
0.883356
0.8731
0.865428
0.860655
0.858774
0.85988
0.863817
0.870264
0.878784
0.889589
0.907747
0.939629
0.967757
0.931585
0.933537
0.9342
0.931414
0.924743
0.915374
0.904936
0.894842
0.886094
0.879271
0.874681
0.872373
0.872372
0.874641
0.878985
0.8852
0.893559
0.908479
0.939598
0.968643
0.93047
0.932384
0.933288
0.931739
0.927316
0.920787
0.913287
0.905857
0.899229
0.893857
0.88994
0.887591
0.886738
0.887466
0.889766
0.893608
0.899769
0.911856
0.941414
0.970149
0.929681
0.93194
0.933458
0.932945
0.930516
0.926623
0.92193
0.917073
0.912514
0.908602
0.90546
0.903236
0.901915
0.90158
0.902446
0.904423
0.908966
0.918273
0.944819
0.972049
0.919226
0.92973
0.929823
0.929583
0.928289
0.926511
0.924454
0.922531
0.92076
0.919454
0.9185
0.918075
0.918114
0.918582
0.919834
0.921431
0.925514
0.932622
0.952783
0.975304
0.943245
0.950126
0.953826
0.956061
0.957275
0.958047
0.958467
0.958889
0.959192
0.959646
0.960049
0.960643
0.961194
0.961936
0.962649
0.963635
0.964885
0.967514
0.972741
0.981969
)
;

boundaryField
{
    movingWall
    {
        type            fixedValue;
        value           uniform 1;
    }
    fixedWalls
    {
        type            zeroGradient;
    }
    frontAndBack
    {
        type            empty;
    }
}


// ************************************************************************* //
