/*--------------------------------*- C++ -*----------------------------------*\
| =========                 |                                                 |
| \\      /  F ield         | OpenFOAM: The Open Source CFD Toolbox           |
|  \\    /   O peration     | Version:  2212                                  |
|   \\  /    A nd           | Website:  www.openfoam.com                      |
|    \\/     M anipulation  |                                                 |
\*---------------------------------------------------------------------------*/
FoamFile
{
    version     2.0;
    format      ascii;
    arch        "LSB;label=32;scalar=64";
    class       volScalarField;
    location    "17.3";
    object      T;
}
// * * * * * * * * * * * * * * * * * * * * * * * * * * * * * * * * * * * * * //

dimensions      [0 0 0 1 0 0 0];

internalField   nonuniform List<scalar> 
400
(
0.975271
0.975789
0.976838
0.978392
0.980208
0.981869
0.983066
0.983766
0.984148
0.984408
0.984645
0.98489
0.985154
0.985426
0.985666
0.985806
0.985735
0.985336
0.984673
0.984131
0.975931
0.976566
0.977837
0.979658
0.98159
0.98302
0.983724
0.983972
0.984056
0.984119
0.984251
0.984503
0.984892
0.985399
0.98592
0.986302
0.986306
0.985754
0.984882
0.984255
0.976961
0.977815
0.979399
0.981309
0.982815
0.983454
0.983427
0.983113
0.982721
0.982425
0.982374
0.982673
0.983326
0.984312
0.985455
0.986494
0.986995
0.986524
0.985265
0.984484
0.977971
0.979051
0.98078
0.982328
0.982984
0.98268
0.981818
0.980721
0.979639
0.978839
0.978526
0.978872
0.979835
0.981434
0.983451
0.985574
0.987223
0.98764
0.986247
0.985019
0.978746
0.979956
0.981548
0.982403
0.982049
0.980722
0.978867
0.976826
0.97496
0.973599
0.972984
0.973317
0.974543
0.976706
0.97961
0.982941
0.986116
0.988235
0.988008
0.986011
0.979255
0.980457
0.98168
0.981685
0.980281
0.977897
0.975007
0.972041
0.969454
0.967598
0.966716
0.966971
0.968356
0.970898
0.974466
0.978792
0.983363
0.987333
0.989314
0.987461
0.979534
0.980602
0.981325
0.980466
0.978081
0.974718
0.970905
0.967181
0.964054
0.961868
0.960826
0.96101
0.962448
0.965147
0.96906
0.974022
0.979616
0.98506
0.989106
0.989541
0.979647
0.980523
0.980743
0.979125
0.975896
0.971697
0.967144
0.962871
0.959405
0.957053
0.955947
0.956104
0.957527
0.960213
0.964174
0.969393
0.975643
0.982222
0.987833
0.990654
0.979648
0.980317
0.980096
0.977872
0.973989
0.969166
0.964096
0.95947
0.95581
0.953379
0.952248
0.952393
0.953786
0.956395
0.960229
0.965377
0.971901
0.979334
0.986201
0.990145
0.979579
0.980079
0.979557
0.976954
0.972649
0.967413
0.962003
0.95715
0.953363
0.950864
0.949688
0.9498
0.95116
0.953704
0.957379
0.962279
0.968715
0.976663
0.984723
0.98976
0.979465
0.979847
0.979159
0.976375
0.971867
0.966442
0.960891
0.955941
0.952079
0.949503
0.948242
0.948272
0.949561
0.952033
0.955569
0.960169
0.966261
0.974349
0.983351
0.989514
0.979318
0.979648
0.978955
0.976238
0.971787
0.966401
0.960877
0.955925
0.952014
0.949347
0.947967
0.947866
0.949022
0.951361
0.954728
0.959004
0.964595
0.97252
0.982251
0.98938
0.979137
0.979468
0.978878
0.976404
0.972225
0.967095
0.961791
0.956985
0.953126
0.950424
0.948942
0.948683
0.949641
0.951746
0.954842
0.958744
0.963721
0.971182
0.981384
0.989365
0.978908
0.979295
0.978921
0.976887
0.973229
0.968597
0.963717
0.95921
0.955503
0.952819
0.951248
0.950793
0.951473
0.953222
0.955905
0.959312
0.963596
0.970405
0.980825
0.989447
0.97861
0.97908
0.978919
0.977365
0.974355
0.970412
0.966173
0.962185
0.958828
0.956315
0.954751
0.954135
0.954498
0.955791
0.957907
0.960703
0.964247
0.970182
0.980534
0.989629
0.978257
0.978832
0.978948
0.977956
0.975735
0.972658
0.969243
0.965942
0.963081
0.960849
0.959347
0.958592
0.958593
0.959338
0.960764
0.962804
0.965546
0.970424
0.980525
0.989914
0.977904
0.978471
0.978677
0.978092
0.976599
0.974441
0.97198
0.969548
0.96738
0.965623
0.964343
0.963576
0.963298
0.963539
0.964296
0.965558
0.967578
0.971528
0.981116
0.990401
0.977656
0.978345
0.978764
0.978524
0.97768
0.976377
0.974826
0.97323
0.971735
0.970455
0.969427
0.968702
0.968271
0.968164
0.968449
0.969099
0.970583
0.973618
0.98222
0.991014
0.974282
0.977589
0.977575
0.977452
0.976997
0.976392
0.975703
0.975063
0.974475
0.97404
0.973722
0.973577
0.973584
0.973732
0.974135
0.974651
0.975973
0.978276
0.984798
0.992065
0.981937
0.98412
0.985288
0.985987
0.98636
0.986592
0.986714
0.986837
0.986924
0.987062
0.987183
0.987368
0.987539
0.987773
0.987998
0.988311
0.988712
0.989557
0.991244
0.994214
)
;

boundaryField
{
    movingWall
    {
        type            fixedValue;
        value           uniform 1;
    }
    fixedWalls
    {
        type            zeroGradient;
    }
    frontAndBack
    {
        type            empty;
    }
}


// ************************************************************************* //
