/*--------------------------------*- C++ -*----------------------------------*\
| =========                 |                                                 |
| \\      /  F ield         | OpenFOAM: The Open Source CFD Toolbox           |
|  \\    /   O peration     | Version:  2212                                  |
|   \\  /    A nd           | Website:  www.openfoam.com                      |
|    \\/     M anipulation  |                                                 |
\*---------------------------------------------------------------------------*/
FoamFile
{
    version     2.0;
    format      ascii;
    arch        "LSB;label=32;scalar=64";
    class       volScalarField;
    location    "19.3";
    object      T;
}
// * * * * * * * * * * * * * * * * * * * * * * * * * * * * * * * * * * * * * //

dimensions      [0 0 0 1 0 0 0];

internalField   nonuniform List<scalar> 
400
(
0.983168
0.983519
0.984231
0.985284
0.986515
0.987643
0.988455
0.988932
0.989192
0.989369
0.989531
0.989698
0.989878
0.990064
0.990228
0.990324
0.990276
0.990005
0.989555
0.989186
0.983616
0.984046
0.984908
0.986143
0.987454
0.988424
0.988903
0.989071
0.989128
0.989171
0.989261
0.989432
0.989698
0.990044
0.9904
0.990661
0.990665
0.99029
0.989697
0.989271
0.984313
0.984893
0.985967
0.987262
0.988284
0.988718
0.988699
0.988484
0.988216
0.988014
0.987979
0.988183
0.988628
0.989302
0.990081
0.990791
0.991134
0.990815
0.989958
0.989427
0.984997
0.98573
0.986903
0.987953
0.988397
0.988189
0.9876
0.986851
0.986112
0.985566
0.985353
0.985589
0.986246
0.987337
0.988714
0.990162
0.991288
0.991574
0.990627
0.989792
0.985523
0.986343
0.987423
0.988001
0.987758
0.986852
0.985586
0.984193
0.982919
0.981991
0.981571
0.981798
0.982635
0.984111
0.986092
0.988365
0.990532
0.991978
0.991826
0.990467
0.985867
0.986682
0.98751
0.98751
0.986551
0.984924
0.982952
0.980928
0.979163
0.977895
0.977294
0.977467
0.978413
0.980147
0.982582
0.985534
0.988653
0.991362
0.992714
0.991453
0.986055
0.986779
0.987266
0.986678
0.98505
0.982754
0.980152
0.977611
0.975477
0.973985
0.973274
0.9734
0.974381
0.976223
0.978894
0.98228
0.986096
0.989811
0.992571
0.992869
0.986131
0.986723
0.986868
0.985763
0.983559
0.980693
0.977586
0.97467
0.972304
0.970698
0.969944
0.970051
0.971022
0.972856
0.975559
0.979121
0.983386
0.987874
0.991702
0.993626
0.986131
0.986582
0.986427
0.984908
0.982257
0.978966
0.975506
0.972348
0.96985
0.96819
0.967418
0.967517
0.968468
0.97025
0.972866
0.97638
0.980833
0.985904
0.990589
0.99328
0.986083
0.986419
0.986059
0.984281
0.981343
0.977769
0.974077
0.970765
0.968179
0.966474
0.965671
0.965747
0.966675
0.968412
0.970921
0.974266
0.978658
0.984082
0.989581
0.993017
0.986005
0.986261
0.985787
0.983886
0.980809
0.977107
0.973318
0.969939
0.967303
0.965545
0.964683
0.964704
0.965584
0.967271
0.969685
0.972825
0.976984
0.982503
0.988645
0.992849
0.985905
0.986126
0.985649
0.983792
0.980755
0.977079
0.973309
0.969928
0.967259
0.965438
0.964496
0.964427
0.965216
0.966813
0.969111
0.97203
0.975846
0.981255
0.987895
0.992758
0.985781
0.986004
0.985597
0.983906
0.981054
0.977553
0.973932
0.970652
0.968018
0.966173
0.965161
0.964985
0.965638
0.967075
0.969189
0.971853
0.97525
0.980342
0.987303
0.992748
0.985625
0.985886
0.985627
0.984236
0.981739
0.978578
0.975247
0.972171
0.96964
0.967808
0.966735
0.966425
0.966889
0.968084
0.969915
0.97224
0.975165
0.979812
0.986921
0.992803
0.985422
0.98574
0.985626
0.984563
0.982508
0.979816
0.976923
0.974201
0.97191
0.970195
0.969127
0.968706
0.968955
0.969837
0.971281
0.97319
0.97561
0.97966
0.986723
0.992927
0.985181
0.985571
0.985647
0.984967
0.98345
0.98135
0.979019
0.976766
0.974813
0.973289
0.972264
0.971749
0.971749
0.972258
0.973232
0.974624
0.976496
0.979826
0.986717
0.993122
0.984941
0.985325
0.985463
0.985061
0.98404
0.982567
0.980887
0.979227
0.977747
0.976548
0.975674
0.975151
0.974961
0.975126
0.975642
0.976504
0.977883
0.980579
0.98712
0.993454
0.984772
0.985241
0.985523
0.985357
0.98478
0.98389
0.98283
0.98174
0.98072
0.979846
0.979145
0.97865
0.978356
0.978283
0.978478
0.978921
0.979934
0.982005
0.987874
0.993872
0.98247
0.984723
0.984712
0.984627
0.984315
0.983902
0.983431
0.982993
0.982591
0.982295
0.982077
0.981978
0.981983
0.982084
0.982358
0.98271
0.983612
0.985183
0.989632
0.994589
0.987689
0.989176
0.989972
0.990448
0.990701
0.99086
0.990942
0.991026
0.991085
0.991178
0.991261
0.991386
0.991503
0.991662
0.991816
0.992029
0.992302
0.992879
0.994029
0.996055
)
;

boundaryField
{
    movingWall
    {
        type            fixedValue;
        value           uniform 1;
    }
    fixedWalls
    {
        type            zeroGradient;
    }
    frontAndBack
    {
        type            empty;
    }
}


// ************************************************************************* //
