/*--------------------------------*- C++ -*----------------------------------*\
| =========                 |                                                 |
| \\      /  F ield         | OpenFOAM: The Open Source CFD Toolbox           |
|  \\    /   O peration     | Version:  2212                                  |
|   \\  /    A nd           | Website:  www.openfoam.com                      |
|    \\/     M anipulation  |                                                 |
\*---------------------------------------------------------------------------*/
FoamFile
{
    version     2.0;
    format      ascii;
    arch        "LSB;label=32;scalar=64";
    class       volScalarField;
    location    "16.5";
    object      p;
}
// * * * * * * * * * * * * * * * * * * * * * * * * * * * * * * * * * * * * * //

dimensions      [0 2 -2 0 0 0 0];

internalField   nonuniform List<scalar> 
400
(
6.14094e-08
-0.000150972
-0.000535056
-0.00107226
-0.00173299
-0.00249447
-0.00318561
-0.00359819
-0.00356596
-0.00293469
-0.00154913
0.000618842
0.00324907
0.00551358
0.00653324
0.00592232
0.00400149
0.00214905
0.00111004
0.00104099
0.000115912
-5.85054e-05
-0.000377449
-0.000764625
-0.00124455
-0.00188868
-0.00270681
-0.00354415
-0.00408064
-0.00393906
-0.00284705
-0.00082545
0.00168882
0.00396039
0.00512416
0.00474253
0.00310239
0.00137414
0.00059255
0.000683596
0.000536028
0.000264558
-7.77333e-05
-0.000560092
-0.0013478
-0.00258122
-0.0042198
-0.0059845
-0.00740332
-0.00794464
-0.00726494
-0.00546271
-0.00289233
-0.000195298
0.00179111
0.0024271
0.00170815
0.000501441
-0.000396752
-0.000393459
0.00115154
0.000740854
0.000191464
-0.000775277
-0.00245168
-0.0049385
-0.00799592
-0.0111213
-0.0137042
-0.0151778
-0.0152077
-0.0138408
-0.0112945
-0.00802989
-0.00475305
-0.00221055
-0.000871232
-0.000707076
-0.00128969
-0.00191901
0.00158294
0.000973336
-2.32974e-05
-0.00192461
-0.00500731
-0.00918086
-0.0139146
-0.0184807
-0.0222172
-0.0246539
-0.0255296
-0.0247238
-0.0223643
-0.0187443
-0.0143055
-0.00965656
-0.00559297
-0.00294976
-0.00219412
-0.00401885
0.001293
0.000444648
-0.00119779
-0.00430496
-0.00900577
-0.0148815
-0.0210737
-0.0267163
-0.0311924
-0.0341797
-0.0355465
-0.0351905
-0.0331979
-0.0297196
-0.0249002
-0.0189618
-0.0125061
-0.00694921
-0.00440175
-0.00652506
-4.86762e-05
-0.00114795
-0.00349994
-0.00779747
-0.0139334
-0.0211154
-0.0282373
-0.0344089
-0.0391299
-0.0422333
-0.043721
-0.0436117
-0.0419738
-0.0388798
-0.0343118
-0.028158
-0.0205398
-0.0127037
-0.00785563
-0.00774881
-0.00245087
-0.0037426
-0.00669912
-0.0119141
-0.0190407
-0.0269829
-0.0345053
-0.0407805
-0.0454522
-0.0484784
-0.0499412
-0.0499324
-0.0485316
-0.0457896
-0.0416634
-0.0359276
-0.0283265
-0.0193719
-0.0118231
-0.00798132
-0.00553806
-0.00691567
-0.0102642
-0.0160227
-0.0236591
-0.0318906
-0.0394526
-0.0456144
-0.050139
-0.0530592
-0.0544884
-0.0545285
-0.0532542
-0.0507271
-0.0469633
-0.0418131
-0.0348688
-0.0259485
-0.0167099
-0.0099953
-0.0087342
-0.0100864
-0.0135983
-0.0195429
-0.0272874
-0.0354883
-0.0429135
-0.0489113
-0.0533111
-0.0561692
-0.0575931
-0.0576644
-0.0564459
-0.0540127
-0.0504525
-0.0457616
-0.0396351
-0.0315249
-0.0223221
-0.0143406
-0.0115046
-0.0127584
-0.0162199
-0.022055
-0.029608
-0.0375898
-0.0448278
-0.0507008
-0.0550443
-0.0578959
-0.0593383
-0.0594298
-0.0582205
-0.0557904
-0.0522882
-0.0478535
-0.0424321
-0.0353835
-0.0271988
-0.0191801
-0.0135498
-0.0146192
-0.0178564
-0.0233161
-0.0304318
-0.0380638
-0.0451189
-0.0509511
-0.0553305
-0.058242
-0.0597297
-0.0598321
-0.05859
-0.0560845
-0.0525168
-0.0481392
-0.0432078
-0.0370572
-0.0300327
-0.022418
-0.0148378
-0.0155683
-0.0183523
-0.0232108
-0.0296941
-0.0368797
-0.0437656
-0.0496413
-0.0541562
-0.0572024
-0.0587715
-0.0588786
-0.0575592
-0.0549171
-0.0511783
-0.0466568
-0.0419663
-0.0363008
-0.0302268
-0.0228966
-0.0154681
-0.0157225
-0.0177777
-0.0217468
-0.0273902
-0.0340323
-0.0407513
-0.0467415
-0.051494
-0.0547694
-0.0564834
-0.0566244
-0.0552027
-0.052354
-0.048347
-0.0435825
-0.0387313
-0.033142
-0.0281001
-0.0202798
-0.0155747
-0.0152985
-0.0163384
-0.0190882
-0.0236535
-0.0296347
-0.0361722
-0.0423366
-0.0474285
-0.0510404
-0.0529812
-0.0531845
-0.0516919
-0.0485922
-0.0442274
-0.0390544
-0.0337823
-0.028072
-0.0242319
-0.0143853
-0.0152771
-0.0145504
-0.0142611
-0.0154263
-0.0186852
-0.0238951
-0.0302319
-0.0366154
-0.0421386
-0.046202
-0.0484902
-0.0488672
-0.0473539
-0.0440216
-0.0392495
-0.0335194
-0.0276416
-0.0216296
-0.0180537
-0.00383315
-0.0146623
-0.0136185
-0.0117071
-0.0110813
-0.0129539
-0.0173806
-0.0235345
-0.0301709
-0.0361939
-0.0408122
-0.0435794
-0.0442624
-0.0428513
-0.039377
-0.0341857
-0.0276901
-0.0206825
-0.0132763
-0.00678586
0.0160528
-0.0145835
-0.0126574
-0.00864872
-0.00623486
-0.00691032
-0.0107461
-0.0168182
-0.0237404
-0.0302991
-0.0355399
-0.0389043
-0.0400357
-0.0388781
-0.0354485
-0.0298962
-0.0222761
-0.0128727
-0.000688194
0.0166951
0.0570638
-0.0117949
-0.011831
-0.00572634
-0.00177523
-0.00176521
-0.00540497
-0.0115755
-0.0188153
-0.025876
-0.031688
-0.0356629
-0.0373624
-0.0366858
-0.0333558
-0.0272245
-0.0175418
-0.00314833
0.0204903
0.0607044
0.129821
-0.0295171
-0.01063
-0.000609091
0.00308061
0.00244805
-0.00155724
-0.00799973
-0.0155537
-0.0229766
-0.0291743
-0.0335324
-0.0355885
-0.0352017
-0.0319562
-0.025228
-0.0128602
0.00942252
0.0511715
0.122878
0.226076
)
;

boundaryField
{
    movingWall
    {
        type            zeroGradient;
    }
    fixedWalls
    {
        type            zeroGradient;
    }
    frontAndBack
    {
        type            empty;
    }
}


// ************************************************************************* //
