/*--------------------------------*- C++ -*----------------------------------*\
| =========                 |                                                 |
| \\      /  F ield         | OpenFOAM: The Open Source CFD Toolbox           |
|  \\    /   O peration     | Version:  2212                                  |
|   \\  /    A nd           | Website:  www.openfoam.com                      |
|    \\/     M anipulation  |                                                 |
\*---------------------------------------------------------------------------*/
FoamFile
{
    version     2.0;
    format      ascii;
    arch        "LSB;label=32;scalar=64";
    class       volScalarField;
    location    "16.5";
    object      T;
}
// * * * * * * * * * * * * * * * * * * * * * * * * * * * * * * * * * * * * * //

dimensions      [0 0 0 1 0 0 0];

internalField   nonuniform List<scalar> 
400
(
0.971138
0.971743
0.972972
0.974791
0.976915
0.978859
0.980257
0.981076
0.98152
0.981824
0.9821
0.982386
0.982693
0.98301
0.98329
0.983452
0.983368
0.982901
0.982127
0.981494
0.971911
0.972653
0.974141
0.976272
0.978533
0.980204
0.981027
0.981316
0.981414
0.981489
0.981642
0.981935
0.982389
0.982979
0.983586
0.98403
0.984034
0.983389
0.98237
0.981638
0.973117
0.974116
0.975969
0.978203
0.979965
0.980713
0.980682
0.980316
0.979861
0.979516
0.979457
0.979805
0.980566
0.981715
0.983046
0.984256
0.984838
0.984288
0.982817
0.981905
0.974299
0.975563
0.977586
0.979397
0.980166
0.979812
0.978808
0.977531
0.97627
0.975338
0.974974
0.975377
0.976499
0.978362
0.980713
0.983185
0.985106
0.985589
0.983963
0.98253
0.975207
0.976623
0.978485
0.979487
0.979077
0.977531
0.975371
0.972993
0.970819
0.969233
0.968517
0.968905
0.970333
0.972853
0.976237
0.980119
0.983818
0.986286
0.986018
0.983687
0.975803
0.977209
0.978642
0.978652
0.977018
0.97424
0.970874
0.967418
0.964405
0.962242
0.961215
0.961511
0.963126
0.966086
0.970243
0.975283
0.980609
0.985236
0.987543
0.985379
0.976131
0.977382
0.97823
0.977233
0.974455
0.970537
0.966095
0.961756
0.958114
0.955568
0.954353
0.954568
0.956242
0.959387
0.963946
0.969726
0.976243
0.982587
0.987303
0.987807
0.976264
0.97729
0.977553
0.975671
0.971909
0.967017
0.961714
0.956736
0.952699
0.949958
0.948671
0.948853
0.950511
0.95364
0.958254
0.964333
0.971615
0.97928
0.985818
0.989106
0.976267
0.977052
0.9768
0.974212
0.969688
0.964069
0.958163
0.952774
0.948511
0.945679
0.944362
0.944531
0.946153
0.949193
0.953657
0.959655
0.967255
0.975915
0.983917
0.988514
0.976187
0.976774
0.976172
0.973142
0.968126
0.962026
0.955725
0.950072
0.945661
0.942751
0.941381
0.941511
0.943095
0.946057
0.950339
0.956046
0.963543
0.972803
0.982195
0.988065
0.976054
0.976504
0.975708
0.972467
0.967216
0.960896
0.954429
0.948663
0.944165
0.941166
0.939696
0.939731
0.941233
0.944111
0.94823
0.953587
0.960684
0.970107
0.980596
0.987778
0.975884
0.976272
0.97547
0.972307
0.967122
0.960847
0.954413
0.948645
0.94409
0.940983
0.939376
0.939259
0.940605
0.943329
0.94725
0.952231
0.958743
0.967976
0.979314
0.987622
0.975672
0.976062
0.97538
0.9725
0.967633
0.961656
0.955478
0.949879
0.945384
0.942238
0.940512
0.94021
0.941325
0.943777
0.947383
0.951928
0.957725
0.966417
0.978304
0.987604
0.975406
0.97586
0.975429
0.973063
0.968801
0.963406
0.957721
0.952471
0.948153
0.945027
0.943197
0.942667
0.943459
0.945497
0.948622
0.952589
0.957579
0.965512
0.977652
0.9877
0.975058
0.975608
0.975425
0.973618
0.970113
0.96552
0.960582
0.955936
0.952026
0.949099
0.947277
0.946559
0.946983
0.948489
0.950953
0.954209
0.958338
0.965251
0.977313
0.987911
0.974646
0.975318
0.975458
0.974305
0.971719
0.968136
0.964158
0.960313
0.956981
0.95438
0.95263
0.951751
0.951752
0.95262
0.954281
0.956657
0.959851
0.965533
0.977303
0.988245
0.974234
0.974897
0.975141
0.974462
0.972725
0.970213
0.967346
0.964513
0.961988
0.959942
0.95845
0.957556
0.957233
0.957514
0.958394
0.959864
0.962218
0.966819
0.977991
0.988812
0.973944
0.97475
0.97524
0.974964
0.973983
0.972467
0.970661
0.968802
0.967061
0.965569
0.964372
0.963527
0.963025
0.962901
0.963233
0.963989
0.965718
0.969254
0.979277
0.989526
0.970013
0.97387
0.973856
0.973715
0.973186
0.972482
0.97168
0.970935
0.97025
0.969744
0.969374
0.969206
0.969214
0.969387
0.969856
0.970457
0.971998
0.974682
0.982282
0.990751
0.978939
0.981484
0.982846
0.983662
0.984097
0.984369
0.984511
0.984656
0.984757
0.984918
0.98506
0.985275
0.985475
0.985748
0.986011
0.986376
0.986843
0.987828
0.989794
0.993256
)
;

boundaryField
{
    movingWall
    {
        type            fixedValue;
        value           uniform 1;
    }
    fixedWalls
    {
        type            zeroGradient;
    }
    frontAndBack
    {
        type            empty;
    }
}


// ************************************************************************* //
