/*--------------------------------*- C++ -*----------------------------------*\
| =========                 |                                                 |
| \\      /  F ield         | OpenFOAM: The Open Source CFD Toolbox           |
|  \\    /   O peration     | Version:  2212                                  |
|   \\  /    A nd           | Website:  www.openfoam.com                      |
|    \\/     M anipulation  |                                                 |
\*---------------------------------------------------------------------------*/
FoamFile
{
    version     2.0;
    format      ascii;
    arch        "LSB;label=32;scalar=64";
    class       volScalarField;
    location    "9.7";
    object      p;
}
// * * * * * * * * * * * * * * * * * * * * * * * * * * * * * * * * * * * * * //

dimensions      [0 2 -2 0 0 0 0];

internalField   nonuniform List<scalar> 
400
(
4.57455e-07
-0.000150542
-0.000534612
-0.0010718
-0.0017325
-0.00249395
-0.00318505
-0.00359761
-0.00356537
-0.00293411
-0.00154858
0.000619327
0.00324952
0.00551406
0.00653384
0.00592311
0.00400244
0.00215008
0.00111109
0.00104203
0.000116344
-5.80698e-05
-0.000377004
-0.000764168
-0.00124407
-0.00188818
-0.00270626
-0.00354355
-0.00408001
-0.00393842
-0.00284644
-0.000824899
0.00168933
0.00396093
0.00512482
0.00474336
0.0031034
0.00137519
0.0005936
0.000684633
0.000536445
0.000264987
-7.72917e-05
-0.000559635
-0.00134731
-0.00258065
-0.00421914
-0.00598372
-0.00740244
-0.00794373
-0.00726406
-0.00546189
-0.00289157
-0.000194565
0.0017919
0.00242801
0.00170919
0.000502536
-0.00039566
-0.000392392
0.00115193
0.000741254
0.000191892
-0.000774801
-0.00245111
-0.00493777
-0.00799497
-0.0111202
-0.0137029
-0.0151764
-0.0152063
-0.0138394
-0.0112932
-0.00802872
-0.00475196
-0.00220947
-0.000870139
-0.000705969
-0.00128857
-0.00191791
0.00158326
0.000973689
-2.28782e-05
-0.00192406
-0.00500655
-0.0091798
-0.0139132
-0.0184789
-0.0222151
-0.0246516
-0.0255273
-0.0247215
-0.0223623
-0.0187425
-0.0143039
-0.00965515
-0.00559171
-0.00294862
-0.00219302
-0.0040177
0.00129328
0.000444977
-0.00119733
-0.00430426
-0.00900469
-0.0148799
-0.0210717
-0.0267138
-0.0311894
-0.0341764
-0.0355431
-0.0351872
-0.0331948
-0.0297169
-0.0248979
-0.0189599
-0.0125045
-0.00694791
-0.00440059
-0.00652382
-4.83884e-05
-0.00114758
-0.00349937
-0.00779654
-0.0139319
-0.0211132
-0.0282345
-0.0344055
-0.0391259
-0.042229
-0.0437165
-0.0436072
-0.0419697
-0.0388761
-0.0343086
-0.0281554
-0.0205378
-0.0127021
-0.00785435
-0.00774764
-0.00245048
-0.00374211
-0.00669836
-0.0119128
-0.0190388
-0.0269802
-0.0345018
-0.0407762
-0.0454472
-0.048473
-0.0499355
-0.0499268
-0.0485263
-0.0457848
-0.0416593
-0.0359243
-0.0283238
-0.0193699
-0.0118216
-0.0079802
-0.00553751
-0.006915
-0.0102632
-0.0160211
-0.0236567
-0.0318874
-0.0394484
-0.0456092
-0.0501331
-0.0530527
-0.0544816
-0.0545217
-0.0532478
-0.0507214
-0.0469583
-0.041809
-0.0348655
-0.0259461
-0.0167081
-0.00999398
-0.00873347
-0.0100855
-0.013597
-0.019541
-0.0272846
-0.0354845
-0.0429087
-0.0489055
-0.0533045
-0.0561618
-0.0575855
-0.0576567
-0.0564386
-0.0540061
-0.0504468
-0.0457569
-0.0396314
-0.031522
-0.0223199
-0.0143389
-0.0115037
-0.0127574
-0.0162184
-0.0220529
-0.029605
-0.0375857
-0.0448226
-0.0506946
-0.0550372
-0.057888
-0.05933
-0.0594215
-0.0582126
-0.0557833
-0.052282
-0.0478485
-0.0424281
-0.0353804
-0.0271963
-0.0191781
-0.0135488
-0.014618
-0.0178549
-0.0233139
-0.0304287
-0.0380597
-0.0451137
-0.0509448
-0.0553232
-0.058234
-0.0597214
-0.0598238
-0.0585821
-0.0560773
-0.0525106
-0.0481341
-0.0432038
-0.037054
-0.0300302
-0.0224158
-0.0148368
-0.0155672
-0.0183508
-0.0232087
-0.0296911
-0.0368757
-0.0437606
-0.0496352
-0.0541491
-0.0571946
-0.0587633
-0.0588705
-0.0575515
-0.0549102
-0.0511724
-0.0466521
-0.0419626
-0.036298
-0.0302245
-0.0228945
-0.0154672
-0.0157214
-0.0177763
-0.0217449
-0.0273876
-0.0340287
-0.0407468
-0.0467359
-0.0514875
-0.0547623
-0.0564759
-0.0566169
-0.0551956
-0.0523477
-0.0483418
-0.0435785
-0.0387283
-0.0331398
-0.0280983
-0.0202782
-0.0155738
-0.0152976
-0.0163373
-0.0190866
-0.0236514
-0.0296317
-0.0361684
-0.0423318
-0.0474229
-0.0510341
-0.0529745
-0.0531779
-0.0516857
-0.0485869
-0.0442231
-0.0390513
-0.0337802
-0.0280707
-0.0242309
-0.0143846
-0.0152763
-0.0145496
-0.0142602
-0.0154252
-0.0186837
-0.0238929
-0.0302289
-0.0366115
-0.0421339
-0.0461967
-0.0484846
-0.0488616
-0.0473488
-0.0440172
-0.0392462
-0.0335173
-0.0276405
-0.0216293
-0.0180538
-0.0038333
-0.0146616
-0.0136178
-0.0117065
-0.0110807
-0.012953
-0.0173792
-0.0235323
-0.030168
-0.0361902
-0.0408079
-0.0435747
-0.0442578
-0.0428471
-0.0393736
-0.0341834
-0.0276889
-0.0206825
-0.0132771
-0.00678714
0.0160518
-0.0145829
-0.0126569
-0.00864836
-0.00623465
-0.00691002
-0.0107454
-0.0168169
-0.0237383
-0.0302963
-0.0355364
-0.0389005
-0.0400319
-0.0388748
-0.0354459
-0.0298947
-0.0222757
-0.0128736
-0.000689969
0.0166929
0.0570621
-0.0117944
-0.0118306
-0.00572625
-0.0017754
-0.00176536
-0.00540482
-0.0115748
-0.0188138
-0.0258738
-0.0316852
-0.0356597
-0.0373592
-0.0366829
-0.0333535
-0.0272233
-0.0175418
-0.00314963
0.020488
0.0607019
0.129819
-0.0295166
-0.0106297
-0.000609157
0.00308028
0.0024477
-0.0015573
-0.00799924
-0.0155525
-0.0229746
-0.0291717
-0.0335294
-0.0355854
-0.0351989
-0.0319541
-0.0252267
-0.0128602
0.00942136
0.0511695
0.122876
0.226074
)
;

boundaryField
{
    movingWall
    {
        type            zeroGradient;
    }
    fixedWalls
    {
        type            zeroGradient;
    }
    frontAndBack
    {
        type            empty;
    }
}


// ************************************************************************* //
