/*--------------------------------*- C++ -*----------------------------------*\
| =========                 |                                                 |
| \\      /  F ield         | OpenFOAM: The Open Source CFD Toolbox           |
|  \\    /   O peration     | Version:  2212                                  |
|   \\  /    A nd           | Website:  www.openfoam.com                      |
|    \\/     M anipulation  |                                                 |
\*---------------------------------------------------------------------------*/
FoamFile
{
    version     2.0;
    format      ascii;
    arch        "LSB;label=32;scalar=64";
    class       surfaceScalarField;
    location    "9.7";
    object      phi;
}
// * * * * * * * * * * * * * * * * * * * * * * * * * * * * * * * * * * * * * //

dimensions      [0 3 -1 0 0 0 0];

oriented        oriented;

internalField   nonuniform List<scalar> 
760
(
1.56077e-07
-1.56119e-07
2.93615e-07
-1.37537e-07
3.09974e-07
-1.63597e-08
1.83665e-07
1.26309e-07
-1.2032e-07
3.03985e-07
-6.65929e-07
5.45609e-07
-1.48525e-06
8.19324e-07
-2.49082e-06
1.00557e-06
-3.48029e-06
9.89466e-07
-4.22028e-06
7.3999e-07
-4.54391e-06
3.23635e-07
-4.35361e-06
-1.903e-07
-3.59375e-06
-7.59859e-07
-2.37901e-06
-1.21474e-06
-9.40073e-07
-1.43894e-06
3.47683e-07
-1.28776e-06
1.08988e-06
-7.42199e-07
1.03305e-06
5.68339e-08
4.60985e-07
5.72065e-07
4.60986e-07
1.25037e-07
-2.81156e-07
7.45881e-08
-8.70885e-08
-2.97045e-07
3.55274e-07
-1.07891e-06
9.08179e-07
-2.31592e-06
1.54099e-06
-3.92735e-06
2.15704e-06
-5.66222e-06
2.55419e-06
-7.20692e-06
2.55027e-06
-8.33681e-06
2.11935e-06
-8.94216e-06
1.34534e-06
-8.97609e-06
3.57571e-07
-8.41611e-06
-7.5028e-07
-7.29357e-06
-1.8824e-06
-5.64201e-06
-2.8663e-06
-3.60583e-06
-3.47512e-06
-1.49027e-06
-3.40331e-06
1.78678e-07
-2.41115e-06
8.58951e-07
-6.23441e-07
5.25693e-07
9.0532e-07
9.8668e-07
-1.27609e-07
-1.53546e-07
-6.33941e-07
4.19244e-07
-1.62493e-06
1.34627e-06
-3.14145e-06
2.4247e-06
-5.05747e-06
3.45701e-06
-7.07328e-06
4.17286e-06
-8.87334e-06
4.35424e-06
-1.02776e-05
3.9545e-06
-1.12343e-05
3.07612e-06
-1.17359e-05
1.84688e-06
-1.17299e-05
3.51625e-07
-1.1271e-05
-1.20918e-06
-1.03384e-05
-2.81508e-06
-8.87775e-06
-4.32691e-06
-6.86952e-06
-5.48335e-06
-4.4032e-06
-5.86964e-06
-1.87875e-06
-4.9356e-06
-8.64169e-08
-2.41577e-06
2.94683e-07
5.24219e-07
1.28136e-06
-5.0053e-07
3.46983e-07
-1.55999e-06
1.4787e-06
-3.11948e-06
2.90576e-06
-5.08135e-06
4.38657e-06
-7.18521e-06
5.56086e-06
-9.12318e-06
6.11082e-06
-1.0693e-05
5.92407e-06
-1.18522e-05
5.11368e-06
-1.26288e-05
3.85272e-06
-1.30574e-05
2.27552e-06
-1.31225e-05
4.16679e-07
-1.2883e-05
-1.44867e-06
-1.23002e-05
-3.39787e-06
-1.12723e-05
-5.35479e-06
-9.66865e-06
-7.08701e-06
-7.36457e-06
-8.17372e-06
-4.39874e-06
-7.90143e-06
-1.37807e-06
-5.43644e-06
1.20727e-07
-9.74576e-07
1.40209e-06
-8.61945e-07
1.20893e-06
-2.36171e-06
2.97847e-06
-4.23278e-06
4.77683e-06
-6.28012e-06
6.43391e-06
-8.22251e-06
7.50325e-06
-9.83724e-06
7.72554e-06
-1.10476e-05
7.13445e-06
-1.18802e-05
5.94628e-06
-1.23968e-05
4.36931e-06
-1.267e-05
2.54872e-06
-1.27906e-05
5.37264e-07
-1.2745e-05
-1.49431e-06
-1.25243e-05
-3.61851e-06
-1.20498e-05
-5.82934e-06
-1.11351e-05
-8.00168e-06
-9.49238e-06
-9.81644e-06
-6.82216e-06
-1.05716e-05
-3.22298e-06
-9.03562e-06
-2.61175e-07
-3.93638e-06
1.14092e-06
-1.0871e-06
2.29602e-06
-2.78463e-06
4.676e-06
-4.67842e-06
6.67063e-06
-6.53649e-06
8.29198e-06
-8.13447e-06
9.10124e-06
-9.34136e-06
8.93244e-06
-1.01532e-05
7.94627e-06
-1.0635e-05
6.42812e-06
-1.08771e-05
4.61138e-06
-1.0979e-05
2.65067e-06
-1.10622e-05
6.20465e-07
-1.11128e-05
-1.44375e-06
-1.1147e-05
-3.58436e-06
-1.11358e-05
-5.84046e-06
-1.09262e-05
-8.21136e-06
-1.0191e-05
-1.05516e-05
-8.43595e-06
-1.23267e-05
-5.24498e-06
-1.22266e-05
-1.15866e-06
-8.0227e-06
-1.77438e-08
-1.11121e-06
3.40723e-06
-2.75931e-06
6.3241e-06
-4.45729e-06
8.36861e-06
-5.99333e-06
9.82802e-06
-7.20733e-06
1.03152e-05
-8.03698e-06
9.76209e-06
-8.52006e-06
8.42934e-06
-8.74353e-06
6.6516e-06
-8.81087e-06
4.67872e-06
-8.81876e-06
2.65857e-06
-8.8493e-06
6.51006e-07
-8.92066e-06
-1.37239e-06
-9.05279e-06
-3.45223e-06
-9.25737e-06
-5.63588e-06
-9.4784e-06
-7.99033e-06
-9.48513e-06
-1.05449e-05
-8.75888e-06
-1.30529e-05
-6.54115e-06
-1.44443e-05
-2.42492e-06
-1.21389e-05
-2.44267e-06
-9.36592e-07
4.34382e-06
-2.34892e-06
7.73642e-06
-3.73685e-06
9.75654e-06
-4.91688e-06
1.10081e-05
-5.78807e-06
1.11864e-05
-6.33364e-06
1.03077e-05
-6.61077e-06
8.70648e-06
-6.71048e-06
6.7513e-06
-6.72858e-06
4.69682e-06
-6.73776e-06
2.66776e-06
-6.77337e-06
6.86617e-07
-6.85219e-06
-1.29358e-06
-6.99513e-06
-3.30929e-06
-7.23284e-06
-5.39817e-06
-7.58293e-06
-7.64024e-06
-7.9554e-06
-1.01724e-05
-7.94123e-06
-1.30671e-05
-6.72244e-06
-1.56631e-05
-3.58977e-06
-1.52716e-05
-6.03244e-06
-6.26032e-07
4.96986e-06
-1.68968e-06
8.80007e-06
-2.72391e-06
1.07908e-05
-3.56408e-06
1.18482e-05
-4.15472e-06
1.17771e-05
-4.50602e-06
1.06589e-05
-4.67689e-06
8.87735e-06
-4.74567e-06
6.82008e-06
-4.78446e-06
4.73561e-06
-4.83646e-06
2.71976e-06
-4.91148e-06
7.6164e-07
-5.01569e-06
-1.18937e-06
-5.15883e-06
-3.16615e-06
-5.36942e-06
-5.18757e-06
-5.70265e-06
-7.30701e-06
-6.1727e-06
-9.70237e-06
-6.56288e-06
-1.26769e-05
-6.13283e-06
-1.60932e-05
-3.92703e-06
-1.74774e-05
-9.95947e-06
-2.33256e-07
5.20311e-06
-8.94984e-07
9.4618e-06
-1.56752e-06
1.14633e-05
-2.09804e-06
1.23788e-05
-2.45891e-06
1.21379e-05
-2.67443e-06
1.08745e-05
-2.79279e-06
8.99571e-06
-2.8672e-06
6.8945e-06
-2.94211e-06
4.81051e-06
-3.03933e-06
2.81697e-06
-3.16155e-06
8.83863e-07
-3.30826e-06
-1.04266e-06
-3.47947e-06
-2.99493e-06
-3.68725e-06
-4.9798e-06
-3.98191e-06
-7.01235e-06
-4.44592e-06
-9.23836e-06
-5.02794e-06
-1.20949e-05
-5.12729e-06
-1.59938e-05
-3.56071e-06
-1.9044e-05
-1.35202e-05
1.63762e-07
5.03935e-06
-7.04474e-08
9.69601e-06
-4.0391e-07
1.17968e-05
-6.55434e-07
1.26303e-05
-8.10956e-07
1.22935e-05
-9.01616e-07
1.09651e-05
-9.66772e-07
9.06087e-06
-1.03827e-06
6.966e-06
-1.13266e-06
4.9049e-06
-1.25768e-06
2.942e-06
-1.41592e-06
1.04211e-06
-1.60951e-06
-8.49073e-07
-1.83686e-06
-2.76758e-06
-2.09558e-06
-4.72108e-06
-2.41285e-06
-6.69508e-06
-2.88003e-06
-8.77118e-06
-3.56269e-06
-1.14122e-05
-4.02712e-06
-1.55294e-05
-3.02685e-06
-2.00442e-05
-1.6547e-05
5.02465e-07
4.53689e-06
7.007e-07
9.49778e-06
7.44099e-07
1.17534e-05
7.7985e-07
1.25945e-05
8.24813e-07
1.22485e-05
8.53688e-07
1.09363e-05
8.46838e-07
9.06772e-06
7.9608e-07
7.01676e-06
7.02212e-07
4.99877e-06
5.66924e-07
3.07729e-06
3.84983e-07
1.22405e-06
1.50197e-07
-6.14286e-07
-1.38973e-07
-2.47841e-06
-4.89166e-07
-4.37088e-06
-9.03897e-07
-6.28035e-06
-1.42653e-06
-8.24855e-06
-2.20455e-06
-1.06342e-05
-2.95403e-06
-1.47799e-05
-2.46097e-06
-2.05373e-05
-1.9008e-05
7.59754e-07
3.77713e-06
1.35953e-06
8.898e-06
1.75401e-06
1.13589e-05
2.08506e-06
1.22635e-05
2.3596e-06
1.1974e-05
2.5475e-06
1.07484e-05
2.64069e-06
8.97453e-06
2.64987e-06
7.00757e-06
2.589e-06
5.05964e-06
2.4644e-06
3.20189e-06
2.26841e-06
1.42004e-06
1.98693e-06
-3.32812e-07
1.62066e-06
-2.11214e-06
1.1647e-06
-3.91493e-06
6.14847e-07
-5.73049e-06
-7.99952e-08
-7.55371e-06
-9.53744e-07
-9.76046e-06
-1.91688e-06
-1.38168e-05
-1.92417e-06
-2.053e-05
-2.09322e-05
8.75505e-07
2.90163e-06
1.81897e-06
7.95454e-06
2.56401e-06
1.06138e-05
3.20808e-06
1.16194e-05
3.75866e-06
1.14234e-05
4.17255e-06
1.03345e-05
4.43396e-06
8.71312e-06
4.55682e-06
6.88471e-06
4.56393e-06
5.05253e-06
4.47024e-06
3.29558e-06
4.27351e-06
1.61677e-06
3.94107e-06
-3.73465e-10
3.49374e-06
-1.6648e-06
2.90588e-06
-3.32707e-06
2.1788e-06
-5.00341e-06
1.33169e-06
-6.7066e-06
2.74243e-07
-8.70302e-06
-9.53224e-07
-1.25893e-05
-1.42492e-06
-2.00583e-05
-2.23571e-05
8.11386e-07
2.09024e-06
1.96493e-06
6.801e-06
3.01255e-06
9.56622e-06
3.99059e-06
1.06414e-05
4.87214e-06
1.05418e-05
5.59121e-06
9.61538e-06
6.10872e-06
8.19562e-06
6.42759e-06
6.56584e-06
6.56853e-06
4.91159e-06
6.54932e-06
3.31479e-06
6.36808e-06
1.79801e-06
6.02212e-06
3.45594e-07
5.47834e-06
-1.12103e-06
4.7443e-06
-2.59303e-06
3.81219e-06
-4.0713e-06
2.71107e-06
-5.60548e-06
1.40159e-06
-7.39354e-06
-1.48989e-07
-1.10387e-05
-9.09085e-07
-1.92982e-05
-2.32662e-05
5.81418e-07
1.50882e-06
1.77017e-06
5.61224e-06
3.11529e-06
8.2211e-06
4.47294e-06
9.28372e-06
5.74563e-06
9.26914e-06
6.83476e-06
8.52626e-06
7.67491e-06
7.35547e-06
8.25337e-06
5.98738e-06
8.58239e-06
4.58258e-06
8.67852e-06
3.21866e-06
8.54836e-06
1.92817e-06
8.18901e-06
7.04951e-07
7.5563e-06
-4.88328e-07
6.66772e-06
-1.70445e-06
5.51066e-06
-2.91423e-06
4.12616e-06
-4.22098e-06
2.58833e-06
-5.85571e-06
9.68961e-07
-9.41934e-06
-1.38975e-07
-1.81903e-05
-2.34051e-05
1.54312e-07
1.35451e-06
1.04861e-06
4.71794e-06
2.53338e-06
6.73633e-06
4.26342e-06
7.55367e-06
5.99336e-06
7.5392e-06
7.53545e-06
6.98417e-06
8.78696e-06
6.10395e-06
9.71807e-06
5.05626e-06
1.03238e-05
3.97686e-06
1.06154e-05
2.92705e-06
1.05988e-05
1.94477e-06
1.02795e-05
1.02428e-06
9.61102e-06
1.80117e-07
8.61611e-06
-7.0954e-07
7.28447e-06
-1.58259e-06
5.66833e-06
-2.60484e-06
3.92893e-06
-4.11631e-06
2.2506e-06
-7.74101e-06
6.5689e-07
-1.65966e-05
-2.27483e-05
-5.19134e-07
1.87365e-06
2.03701e-07
3.99511e-06
1.7678e-06
5.17223e-06
3.84131e-06
5.48017e-06
6.00698e-06
5.37353e-06
7.97776e-06
5.01339e-06
9.61703e-06
4.46468e-06
1.08832e-05
3.79012e-06
1.17586e-05
3.10141e-06
1.22595e-05
2.42622e-06
1.23891e-05
1.81516e-06
1.21672e-05
1.24618e-06
1.1618e-05
7.29279e-07
1.07118e-05
1.96659e-07
9.45334e-06
-3.24116e-07
7.9164e-06
-1.0679e-06
6.28689e-06
-2.48681e-06
4.46673e-06
-5.92085e-06
2.05972e-06
-1.41896e-05
-2.06885e-05
-4.18156e-06
6.0552e-06
-3.64414e-06
3.45769e-06
-1.24383e-06
2.77192e-06
1.56258e-06
2.67376e-06
4.3111e-06
2.62501e-06
6.85465e-06
2.46984e-06
9.07952e-06
2.23981e-06
1.09252e-05
1.94445e-06
1.23731e-05
1.65354e-06
1.345e-05
1.34925e-06
1.41731e-05
1.09209e-06
1.4587e-05
8.32256e-07
1.46794e-05
6.36916e-07
1.44591e-05
4.16927e-07
1.39223e-05
2.12691e-07
1.30849e-05
-2.30435e-07
1.19346e-05
-1.33656e-06
1.01167e-05
-4.10291e-06
5.63958e-06
-9.71248e-06
-1.5049e-05
6.0552e-06
9.51289e-06
1.22848e-05
1.49586e-05
1.75836e-05
2.00534e-05
2.22932e-05
2.42377e-05
2.58912e-05
2.72405e-05
2.83326e-05
2.91648e-05
2.98017e-05
3.02186e-05
3.04313e-05
3.02009e-05
2.88643e-05
2.47614e-05
1.5049e-05
)
;

boundaryField
{
    movingWall
    {
        type            calculated;
        value           uniform 0;
    }
    fixedWalls
    {
        type            calculated;
        value           uniform 0;
    }
    frontAndBack
    {
        type            empty;
        value           nonuniform List<scalar> 0();
    }
}


// ************************************************************************* //
