/*--------------------------------*- C++ -*----------------------------------*\
| =========                 |                                                 |
| \\      /  F ield         | OpenFOAM: The Open Source CFD Toolbox           |
|  \\    /   O peration     | Version:  2212                                  |
|   \\  /    A nd           | Website:  www.openfoam.com                      |
|    \\/     M anipulation  |                                                 |
\*---------------------------------------------------------------------------*/
FoamFile
{
    version     2.0;
    format      ascii;
    arch        "LSB;label=32;scalar=64";
    class       volScalarField;
    location    "9.7";
    object      T;
}
// * * * * * * * * * * * * * * * * * * * * * * * * * * * * * * * * * * * * * //

dimensions      [0 0 0 1 0 0 0];

internalField   nonuniform List<scalar> 
400
(
0.884398
0.887205
0.892889
0.901247
0.910891
0.919539
0.925574
0.928943
0.930677
0.931823
0.932848
0.933888
0.934984
0.936091
0.937026
0.937483
0.936961
0.934906
0.931586
0.928862
0.888058
0.891465
0.898279
0.907971
0.918094
0.925394
0.928864
0.930066
0.930512
0.930845
0.931444
0.93253
0.934173
0.936274
0.938388
0.939832
0.93956
0.936772
0.932511
0.929415
0.893749
0.898272
0.906656
0.916695
0.924514
0.927839
0.927918
0.926715
0.925155
0.923969
0.923798
0.925087
0.927853
0.932004
0.936772
0.941016
0.942825
0.940275
0.934211
0.930435
0.899306
0.904979
0.914079
0.922247
0.925883
0.924858
0.92134
0.916804
0.912284
0.908938
0.907636
0.909116
0.913198
0.919975
0.928514
0.937456
0.944267
0.945561
0.938748
0.932896
0.903597
0.909956
0.918428
0.923257
0.922218
0.916729
0.908985
0.900401
0.892535
0.886796
0.8842
0.885604
0.890783
0.899937
0.912252
0.926405
0.939875
0.94869
0.947024
0.937541
0.906479
0.912872
0.919668
0.920567
0.914865
0.904859
0.892715
0.880207
0.869311
0.861494
0.85778
0.85884
0.864656
0.875351
0.890414
0.908745
0.928194
0.945117
0.953325
0.944387
0.908174
0.914014
0.918561
0.915579
0.905622
0.891472
0.87543
0.859755
0.846636
0.837474
0.833107
0.83387
0.839872
0.851171
0.867604
0.888523
0.912226
0.935429
0.952734
0.95417
0.909009
0.914
0.916312
0.909985
0.896421
0.878759
0.859622
0.841693
0.827203
0.817383
0.812776
0.813419
0.819334
0.830527
0.847085
0.868995
0.895379
0.923315
0.947309
0.959437
0.909255
0.913312
0.913677
0.904729
0.888397
0.868125
0.846846
0.827488
0.812234
0.802122
0.797426
0.798021
0.803794
0.814625
0.830582
0.852111
0.879551
0.91103
0.940309
0.957246
0.90912
0.912376
0.911413
0.900856
0.882758
0.860768
0.838098
0.817832
0.802081
0.791716
0.786844
0.787304
0.792927
0.803463
0.818722
0.839138
0.866113
0.899688
0.934015
0.95561
0.908727
0.911392
0.909687
0.8984
0.879476
0.856705
0.833461
0.812815
0.79677
0.7861
0.780881
0.781001
0.786327
0.796554
0.811209
0.830326
0.855786
0.889868
0.928146
0.954561
0.908147
0.91048
0.90872
0.897771
0.879127
0.856532
0.833415
0.812765
0.796519
0.785471
0.779762
0.779342
0.784117
0.793791
0.807738
0.825486
0.848788
0.882119
0.923461
0.953993
0.907375
0.909603
0.908244
0.8984
0.880959
0.859448
0.837244
0.817192
0.801147
0.789946
0.78381
0.782737
0.786692
0.795401
0.808231
0.824418
0.845119
0.876437
0.919753
0.953933
0.90636
0.90871
0.908202
0.900294
0.885123
0.865728
0.845296
0.826474
0.811039
0.79989
0.793372
0.791483
0.794296
0.801542
0.812665
0.826796
0.844594
0.873132
0.917361
0.95429
0.905011
0.907624
0.907948
0.902134
0.889785
0.873321
0.855573
0.838896
0.82489
0.814426
0.80792
0.805358
0.806862
0.812222
0.821
0.832599
0.847312
0.872149
0.916103
0.955071
0.903399
0.906371
0.907759
0.904342
0.895413
0.882665
0.868402
0.854599
0.842643
0.833323
0.827057
0.823905
0.823899
0.826986
0.832901
0.841358
0.852737
0.873136
0.916054
0.956301
0.901814
0.904718
0.906383
0.904643
0.898824
0.890003
0.879791
0.869646
0.860588
0.853246
0.847891
0.844678
0.843505
0.844487
0.847612
0.852833
0.861226
0.877758
0.918553
0.95839
0.900689
0.904013
0.906467
0.90611
0.903029
0.897851
0.891515
0.884915
0.878702
0.873359
0.869064
0.866018
0.864205
0.863736
0.864909
0.867597
0.873811
0.886573
0.923256
0.961027
0.88617
0.90115
0.901492
0.90138
0.899766
0.897447
0.894714
0.892144
0.889766
0.888017
0.886743
0.88619
0.886271
0.886938
0.888682
0.890895
0.896542
0.906361
0.934274
0.965545
0.919979
0.929717
0.934979
0.938189
0.939966
0.941118
0.94177
0.942417
0.942889
0.943567
0.944165
0.945026
0.945821
0.946881
0.947893
0.949285
0.951034
0.9547
0.961956
0.974807
)
;

boundaryField
{
    movingWall
    {
        type            fixedValue;
        value           uniform 1;
    }
    fixedWalls
    {
        type            zeroGradient;
    }
    frontAndBack
    {
        type            empty;
    }
}


// ************************************************************************* //
