/*--------------------------------*- C++ -*----------------------------------*\
| =========                 |                                                 |
| \\      /  F ield         | OpenFOAM: The Open Source CFD Toolbox           |
|  \\    /   O peration     | Version:  2212                                  |
|   \\  /    A nd           | Website:  www.openfoam.com                      |
|    \\/     M anipulation  |                                                 |
\*---------------------------------------------------------------------------*/
FoamFile
{
    version     2.0;
    format      ascii;
    arch        "LSB;label=32;scalar=64";
    class       volVectorField;
    location    "9.7";
    object      U;
}
// * * * * * * * * * * * * * * * * * * * * * * * * * * * * * * * * * * * * * //

dimensions      [0 1 -1 0 0 0 0];

internalField   nonuniform List<vector> 
400
(
(0.00168175 -0.0016837 0)
(0.00483853 -0.00189218 0)
(0.00659087 -0.00120069 0)
(0.0056745 -0.000575104 0)
(0.00157191 0.000184003 0)
(-0.00682935 0.00173938 0)
(-0.0206083 0.0047863 0)
(-0.0395411 0.00873595 0)
(-0.060811 0.0112925 0)
(-0.0791376 0.0105124 0)
(-0.0898129 0.00677452 0)
(-0.0904636 0.00166903 0)
(-0.0802265 -0.00361641 0)
(-0.0599945 -0.00827489 0)
(-0.0335216 -0.0108471 0)
(-0.0052934 -0.00979528 0)
(0.0167232 -0.00477316 0)
(0.0244702 0.00277678 0)
(0.0161786 0.00647219 0)
(0.00431651 0.00471711 0)
(0.00172041 -0.00506498 0)
(0.00316243 -0.00403224 0)
(-0.000417409 0.000587867 0)
(-0.0113302 0.00644171 0)
(-0.0314262 0.0140501 0)
(-0.06115 0.0237739 0)
(-0.0968468 0.0330617 0)
(-0.13146 0.0370927 0)
(-0.158973 0.0335175 0)
(-0.176105 0.0234014 0)
(-0.181452 0.00910939 0)
(-0.175081 -0.00698998 0)
(-0.157563 -0.0231742 0)
(-0.129652 -0.0369143 0)
(-0.0936154 -0.044566 0)
(-0.052195 -0.0418391 0)
(-0.0114005 -0.0263345 0)
(0.0168893 -0.0012793 0)
(0.017872 0.0162237 0)
(0.00554219 0.01482 0)
(-0.00023967 -0.00578014 0)
(-0.00538136 0.000802023 0)
(-0.0196098 0.0142995 0)
(-0.0445046 0.0312363 0)
(-0.0803421 0.0494461 0)
(-0.122206 0.0643213 0)
(-0.162352 0.0705474 0)
(-0.195275 0.0660294 0)
(-0.218869 0.0521915 0)
(-0.232537 0.0315341 0)
(-0.236293 0.00641641 0)
(-0.230807 -0.0211136 0)
(-0.216393 -0.0488737 0)
(-0.192547 -0.073228 0)
(-0.159009 -0.089028 0)
(-0.115744 -0.0892309 0)
(-0.0645639 -0.0670299 0)
(-0.0138216 -0.022665 0)
(0.00948137 0.0179184 0)
(0.00415545 0.0235801 0)
(-0.00347202 0.000453591 0)
(-0.0175152 0.0172409 0)
(-0.0435173 0.0415017 0)
(-0.0796845 0.0681964 0)
(-0.122963 0.0911631 0)
(-0.165858 0.103851 0)
(-0.20193 0.102906 0)
(-0.229254 0.0896733 0)
(-0.248094 0.0673272 0)
(-0.259049 0.0385801 0)
(-0.262957 0.00531736 0)
(-0.260624 -0.0311178 0)
(-0.251991 -0.0684565 0)
(-0.236012 -0.103746 0)
(-0.210699 -0.131494 0)
(-0.173351 -0.142894 0)
(-0.121405 -0.125767 0)
(-0.0568455 -0.0708541 0)
(-0.000987086 0.00356608 0)
(0.00474229 0.0282407 0)
(-0.00666297 0.0147835 0)
(-0.028731 0.0441126 0)
(-0.0632928 0.0770981 0)
(-0.104467 0.108926 0)
(-0.147289 0.131216 0)
(-0.184591 0.138204 0)
(-0.212931 0.12951 0)
(-0.232715 0.108751 0)
(-0.245233 0.0798001 0)
(-0.25221 0.0454486 0)
(-0.255329 0.00724038 0)
(-0.255511 -0.0339987 0)
(-0.252531 -0.0770853 0)
(-0.245849 -0.12069 0)
(-0.232653 -0.160827 0)
(-0.208329 -0.189038 0)
(-0.166826 -0.189987 0)
(-0.103452 -0.142883 0)
(-0.0221828 -0.0388543 0)
(0.007382 0.0271014 0)
(-0.00851135 0.0348752 0)
(-0.0351796 0.0766434 0)
(-0.0730979 0.114961 0)
(-0.113273 0.147713 0)
(-0.150539 0.166047 0)
(-0.179404 0.165983 0)
(-0.198931 0.149772 0)
(-0.210678 0.122512 0)
(-0.216628 0.0885493 0)
(-0.21926 0.0508721 0)
(-0.220529 0.0109555 0)
(-0.22143 -0.0307586 0)
(-0.222162 -0.0747229 0)
(-0.222835 -0.121295 0)
(-0.221262 -0.169242 0)
(-0.212359 -0.213075 0)
(-0.188038 -0.238603 0)
(-0.139696 -0.218553 0)
(-0.0628525 -0.118947 0)
(0.00584922 0.0142035 0)
(-0.00829367 0.0570093 0)
(-0.0353455 0.110019 0)
(-0.0718442 0.150509 0)
(-0.107088 0.181203 0)
(-0.136727 0.193898 0)
(-0.157135 0.186503 0)
(-0.169048 0.163338 0)
(-0.174587 0.130553 0)
(-0.176161 0.0929062 0)
(-0.176261 0.0534118 0)
(-0.176374 0.0133147 0)
(-0.177175 -0.0273113 0)
(-0.179207 -0.0695796 0)
(-0.183015 -0.114733 0)
(-0.187963 -0.163867 0)
(-0.190433 -0.215836 0)
(-0.182544 -0.261688 0)
(-0.154293 -0.275206 0)
(-0.0994101 -0.205927 0)
(-0.00890848 -0.0146254 0)
(-0.00613656 0.0776077 0)
(-0.0297971 0.140575 0)
(-0.0614364 0.181249 0)
(-0.0899109 0.208368 0)
(-0.111924 0.214958 0)
(-0.125463 0.200631 0)
(-0.132154 0.171398 0)
(-0.134307 0.134234 0)
(-0.134371 0.0941176 0)
(-0.134271 0.0537526 0)
(-0.134678 0.0138636 0)
(-0.135771 -0.0258898 0)
(-0.138004 -0.0664865 0)
(-0.142067 -0.109105 0)
(-0.148579 -0.155694 0)
(-0.156243 -0.20861 0)
(-0.159098 -0.265936 0)
(-0.146768 -0.308171 0)
(-0.112268 -0.277241 0)
(-0.0309692 -0.0753446 0)
(-0.00273073 0.0936296 0)
(-0.020423 0.16567 0)
(-0.0451624 0.205645 0)
(-0.0663615 0.228639 0)
(-0.0816331 0.229602 0)
(-0.0901259 0.209615 0)
(-0.0937597 0.175862 0)
(-0.094673 0.135823 0)
(-0.0949515 0.0944765 0)
(-0.0957476 0.0540336 0)
(-0.0970978 0.0145942 0)
(-0.0989077 -0.024586 0)
(-0.101344 -0.0642372 0)
(-0.104911 -0.105009 0)
(-0.110756 -0.148492 0)
(-0.119617 -0.198613 0)
(-0.128369 -0.259842 0)
(-0.12654 -0.323504 0)
(-0.107493 -0.334807 0)
(-0.0373543 -0.163461 0)
(0.00121936 0.102778 0)
(-0.00894586 0.183514 0)
(-0.0256516 0.223202 0)
(-0.0396534 0.242826 0)
(-0.049135 0.239592 0)
(-0.0540093 0.215618 0)
(-0.05598 0.178862 0)
(-0.0566937 0.137163 0)
(-0.0576552 0.0954077 0)
(-0.0593977 0.0552731 0)
(-0.0616908 0.0163102 0)
(-0.0643912 -0.0224925 0)
(-0.06749 -0.0617415 0)
(-0.0711653 -0.101636 0)
(-0.0763491 -0.142843 0)
(-0.0846113 -0.188987 0)
(-0.0960787 -0.248409 0)
(-0.100661 -0.324372 0)
(-0.0951814 -0.372275 0)
(-0.030926 -0.242616 0)
(0.00511901 0.103945 0)
(0.00295747 0.193116 0)
(-0.00539138 0.233699 0)
(-0.0125095 0.250861 0)
(-0.0169013 0.244776 0)
(-0.018789 0.218559 0)
(-0.0194777 0.180497 0)
(-0.0200064 0.13842 0)
(-0.0213049 0.0969625 0)
(-0.0235409 0.0574236 0)
(-0.0264299 0.019082 0)
(-0.0299134 -0.0191675 0)
(-0.0340078 -0.0579799 0)
(-0.0386516 -0.0974062 0)
(-0.0443902 -0.137363 0)
(-0.0524503 -0.180235 0)
(-0.0657672 -0.235709 0)
(-0.0742259 -0.31815 0)
(-0.0812029 -0.396781 0)
(-0.0229433 -0.307177 0)
(0.00845871 0.0974702 0)
(0.0142225 0.19411 0)
(0.0141056 0.237222 0)
(0.0137111 0.253642 0)
(0.0143341 0.246563 0)
(0.0155312 0.219855 0)
(0.016391 0.181805 0)
(0.0164449 0.14009 0)
(0.0153072 0.0991501 0)
(0.0130301 0.0602235 0)
(0.00986229 0.0226261 0)
(0.00575403 -0.0147517 0)
(0.000562268 -0.0526949 0)
(-0.00556342 -0.0912995 0)
(-0.0130314 -0.130194 0)
(-0.0219785 -0.170376 0)
(-0.0377193 -0.220754 0)
(-0.0487301 -0.304511 0)
(-0.0679048 -0.408525 0)
(-0.0144593 -0.360059 0)
(0.0103304 0.08449 0)
(0.0234218 0.186513 0)
(0.0310865 0.233346 0)
(0.037017 0.250187 0)
(0.0426796 0.243348 0)
(0.0476352 0.217563 0)
(0.0510732 0.1808 0)
(0.0527496 0.140393 0)
(0.0526185 0.100631 0)
(0.0508896 0.0628212 0)
(0.0477801 0.0264565 0)
(0.0431721 -0.00951992 0)
(0.0368982 -0.0459995 0)
(0.0290825 -0.083137 0)
(0.0189268 -0.120565 0)
(0.00760045 -0.158508 0)
(-0.011815 -0.204467 0)
(-0.0242375 -0.286514 0)
(-0.0558433 -0.411031 0)
(-0.00613731 -0.401906 0)
(0.00987914 0.0672373 0)
(0.0290336 0.170703 0)
(0.0443615 0.222254 0)
(0.0569059 0.241352 0)
(0.0682014 0.236425 0)
(0.0778904 0.213063 0)
(0.0851135 0.17877 0)
(0.0895699 0.140429 0)
(0.091336 0.102267 0)
(0.0907118 0.0658294 0)
(0.0880268 0.030979 0)
(0.0829776 -0.00330158 0)
(0.0754626 -0.0375462 0)
(0.0657696 -0.07233 0)
(0.0525166 -0.107457 0)
(0.0375816 -0.142807 0)
(0.0131377 -0.184294 0)
(8.44284e-05 -0.263274 0)
(-0.0447955 -0.40673 0)
(0.00276624 -0.436282 0)
(0.00693055 0.0493978 0)
(0.0293687 0.148978 0)
(0.0511205 0.203662 0)
(0.0700021 0.224583 0)
(0.0874813 0.221727 0)
(0.103179 0.201568 0)
(0.115852 0.170973 0)
(0.124819 0.136082 0)
(0.129993 0.100883 0)
(0.131615 0.0670528 0)
(0.129952 0.0348432 0)
(0.125028 0.00342935 0)
(0.116396 -0.0274691 0)
(0.104663 -0.05871 0)
(0.0875666 -0.0903356 0)
(0.068374 -0.122956 0)
(0.0383062 -0.160876 0)
(0.0238655 -0.237174 0)
(-0.034437 -0.398976 0)
(0.013476 -0.464439 0)
(0.00238736 0.0346263 0)
(0.0236444 0.123906 0)
(0.0509661 0.179965 0)
(0.0767026 0.202967 0)
(0.101372 0.202657 0)
(0.12426 0.186256 0)
(0.143718 0.160199 0)
(0.15853 0.129766 0)
(0.168278 0.0985722 0)
(0.17317 0.0683044 0)
(0.173146 0.0395604 0)
(0.168918 0.0119345 0)
(0.159081 -0.0149152 0)
(0.145345 -0.0417225 0)
(0.124039 -0.0687673 0)
(0.100494 -0.0975707 0)
(0.0646345 -0.132726 0)
(0.0470133 -0.207469 0)
(-0.0227013 -0.387091 0)
(0.0285344 -0.485563 0)
(-0.0034263 0.0286125 0)
(0.0100743 0.101503 0)
(0.0371181 0.148706 0)
(0.0689883 0.169476 0)
(0.101888 0.170698 0)
(0.133613 0.158407 0)
(0.161616 0.137971 0)
(0.184166 0.113566 0)
(0.200219 0.0882767 0)
(0.210146 0.0636328 0)
(0.213072 0.0403797 0)
(0.210818 0.0184001 0)
(0.200552 -0.00268094 0)
(0.185918 -0.02332 0)
(0.161099 -0.0439878 0)
(0.134476 -0.0677509 0)
(0.0929386 -0.101702 0)
(0.0698815 -0.180021 0)
(-0.00436465 -0.370057 0)
(0.0521627 -0.491643 0)
(-0.0140123 0.0185164 0)
(-0.00751607 0.0881759 0)
(0.0192225 0.124198 0)
(0.0564607 0.137327 0)
(0.0976203 0.13692 0)
(0.138009 0.127738 0)
(0.174268 0.11308 0)
(0.204118 0.0953006 0)
(0.226017 0.0768263 0)
(0.241114 0.0586756 0)
(0.24715 0.0418011 0)
(0.248066 0.0261052 0)
(0.238726 0.0117398 0)
(0.226907 -0.00205272 0)
(0.201904 -0.016094 0)
(0.177914 -0.0350308 0)
(0.133562 -0.0678091 0)
(0.107844 -0.146005 0)
(0.0374741 -0.326119 0)
(0.0923682 -0.455871 0)
(-0.10602 0.0824173 0)
(-0.0777603 0.0689903 0)
(-0.0485678 0.0733708 0)
(0.00378302 0.0778918 0)
(0.0573017 0.0782264 0)
(0.110037 0.0739625 0)
(0.15721 0.0666272 0)
(0.199576 0.0572221 0)
(0.23169 0.0475454 0)
(0.259845 0.037888 0)
(0.275573 0.0292198 0)
(0.290729 0.0212328 0)
(0.29108 0.0144745 0)
(0.295189 0.00809065 0)
(0.278884 0.00112208 0)
(0.271666 -0.0100154 0)
(0.232352 -0.03557 0)
(0.218145 -0.09542 0)
(0.150208 -0.229723 0)
(0.170672 -0.341455 0)
(0.129969 0.103744 0)
(0.15832 0.0752276 0)
(0.212164 0.0532273 0)
(0.270672 0.0416225 0)
(0.323249 0.0359129 0)
(0.375692 0.0319486 0)
(0.420289 0.0289165 0)
(0.465609 0.025581 0)
(0.498706 0.022903 0)
(0.533957 0.0197105 0)
(0.553396 0.0175475 0)
(0.579206 0.0146096 0)
(0.585343 0.0131647 0)
(0.603682 0.0103456 0)
(0.595101 0.00938322 0)
(0.603601 0.00499955 0)
(0.567792 8.90248e-05 0)
(0.547613 -0.018316 0)
(0.43569 -0.0504144 0)
(0.336753 -0.101386 0)
)
;

boundaryField
{
    movingWall
    {
        type            fixedValue;
        value           uniform (1 0 0);
    }
    fixedWalls
    {
        type            noSlip;
    }
    frontAndBack
    {
        type            empty;
    }
}


// ************************************************************************* //
