/*--------------------------------*- C++ -*----------------------------------*\
| =========                 |                                                 |
| \\      /  F ield         | OpenFOAM: The Open Source CFD Toolbox           |
|  \\    /   O peration     | Version:  2212                                  |
|   \\  /    A nd           | Website:  www.openfoam.com                      |
|    \\/     M anipulation  |                                                 |
\*---------------------------------------------------------------------------*/
FoamFile
{
    version     2.0;
    format      ascii;
    arch        "LSB;label=32;scalar=64";
    class       volScalarField;
    location    "7.8";
    object      p;
}
// * * * * * * * * * * * * * * * * * * * * * * * * * * * * * * * * * * * * * //

dimensions      [0 2 -2 0 0 0 0];

internalField   nonuniform List<scalar> 
400
(
-5.8711e-09
-0.000151427
-0.000535725
-0.00107307
-0.00173383
-0.00249525
-0.00318631
-0.00359887
-0.00356668
-0.00293554
-0.00155023
0.000617368
0.00324735
0.005512
0.0065323
0.00592241
0.00400245
0.00215044
0.00111147
0.00104232
0.000115458
-5.91364e-05
-0.000378212
-0.000765503
-0.0012455
-0.00188961
-0.00270758
-0.00354471
-0.00408108
-0.00393955
-0.0028478
-0.000826568
0.00168745
0.00395913
0.00512351
0.00474282
0.00310364
0.00137566
0.00059406
0.000684954
0.000535149
0.000263635
-7.8696e-05
-0.000561082
-0.00134873
-0.00258186
-0.00421996
-0.00598408
-0.00740244
-0.00794364
-0.00726418
-0.00546235
-0.00289236
-0.000195477
0.0017912
0.00242782
0.00170957
0.00050315
-0.000395035
-0.000391934
0.00115018
0.000739527
0.000190222
-0.000776309
-0.00245223
-0.00493821
-0.00799451
-0.0111188
-0.0137007
-0.0151738
-0.0152037
-0.0138372
-0.0112916
-0.00802768
-0.00475127
-0.0022089
-0.000869544
-0.000705338
-0.00128789
-0.00191732
0.00158097
0.000971538
-2.47656e-05
-0.00192538
-0.00500689
-0.00917877
-0.0139106
-0.0184748
-0.0222096
-0.0246453
-0.0255207
-0.0247155
-0.022357
-0.0187384
-0.0143008
-0.00965307
-0.0055904
-0.00294783
-0.00219249
-0.0040169
0.00129058
0.000442552
-0.00119918
-0.00430499
-0.00900371
-0.0148768
-0.0210662
-0.0267061
-0.0311798
-0.0341657
-0.0355319
-0.0351764
-0.0331852
-0.0297088
-0.0248917
-0.0189554
-0.0125018
-0.00694648
-0.00439982
-0.00652268
-5.11498e-05
-0.00114994
-0.00350079
-0.00779623
-0.0139291
-0.0211076
-0.0282258
-0.0343939
-0.039112
-0.0422133
-0.0437002
-0.0435913
-0.0419551
-0.0388636
-0.0342986
-0.028148
-0.0205329
-0.0126994
-0.00785305
-0.00774687
-0.00245288
-0.00374401
-0.00669896
-0.0119111
-0.019034
-0.0269718
-0.0344898
-0.0407607
-0.0454287
-0.0484523
-0.0499138
-0.0499054
-0.0485065
-0.0457675
-0.0416452
-0.0359135
-0.0283163
-0.0193653
-0.0118195
-0.00797964
-0.00553918
-0.00691611
-0.0102628
-0.0160179
-0.0236499
-0.0318765
-0.0394333
-0.0455901
-0.0501104
-0.0530273
-0.0544548
-0.0544952
-0.0532229
-0.0506995
-0.0469403
-0.041795
-0.0348553
-0.0259393
-0.0167045
-0.00999257
-0.0087343
-0.0100857
-0.0135955
-0.0195365
-0.0272761
-0.0354715
-0.042891
-0.0488833
-0.0532783
-0.0561327
-0.0575547
-0.057626
-0.0564098
-0.0539805
-0.0504255
-0.0457402
-0.0396189
-0.0315133
-0.0223144
-0.0143357
-0.0115038
-0.0127569
-0.0162161
-0.0220475
-0.0295954
-0.0375713
-0.0448033
-0.0506705
-0.0550089
-0.0578565
-0.0592968
-0.0593884
-0.0581813
-0.0557554
-0.0522587
-0.0478301
-0.0424144
-0.0353706
-0.0271896
-0.0191733
-0.0135486
-0.0146171
-0.0178522
-0.0233081
-0.0304187
-0.0380449
-0.045094
-0.0509202
-0.0552944
-0.0582019
-0.0596875
-0.0597899
-0.0585501
-0.056049
-0.052487
-0.0481157
-0.0431902
-0.0370444
-0.0300233
-0.0224104
-0.0148365
-0.0155663
-0.0183483
-0.0232032
-0.0296817
-0.0368618
-0.0437418
-0.0496117
-0.0541214
-0.0571637
-0.0587306
-0.0588378
-0.0575208
-0.0548832
-0.0511502
-0.0466352
-0.0419506
-0.0362899
-0.0302188
-0.02289
-0.0154669
-0.0157208
-0.0177744
-0.0217405
-0.0273797
-0.0340167
-0.0407302
-0.0467148
-0.0514624
-0.054734
-0.056446
-0.0565871
-0.0551678
-0.0523236
-0.0483226
-0.0435646
-0.0387195
-0.0331347
-0.0280949
-0.020276
-0.0155738
-0.0152975
-0.0163363
-0.0190839
-0.0236458
-0.0296225
-0.036155
-0.0423142
-0.0474014
-0.0510098
-0.0529486
-0.0531521
-0.051662
-0.0485668
-0.044208
-0.0390416
-0.0337756
-0.0280697
-0.0242308
-0.0143859
-0.0152766
-0.0145501
-0.0142604
-0.0154244
-0.0186809
-0.0238871
-0.0302195
-0.0365981
-0.0421169
-0.0461769
-0.0484633
-0.0488405
-0.0473297
-0.0440019
-0.0392358
-0.0335123
-0.0276406
-0.0216328
-0.0180589
-0.00383887
-0.0146623
-0.0136189
-0.011708
-0.0110821
-0.0129533
-0.0173772
-0.0235271
-0.0301591
-0.0361777
-0.0407927
-0.043558
-0.0442412
-0.0428324
-0.0393626
-0.0341774
-0.0276885
-0.0206872
-0.0132856
-0.00679768
0.0160422
-0.0145843
-0.0126586
-0.00865101
-0.00623811
-0.00691309
-0.0107468
-0.0168154
-0.0237334
-0.0302879
-0.0355253
-0.0388878
-0.0400193
-0.0388639
-0.0354384
-0.029892
-0.0222787
-0.0128822
-0.000702838
0.0166781
0.0570494
-0.0117965
-0.0118331
-0.0057302
-0.00178061
-0.00177057
-0.00540863
-0.0115759
-0.0188117
-0.0258683
-0.0316768
-0.0356496
-0.0373489
-0.036674
-0.0333479
-0.0272225
-0.0175467
-0.00316026
0.020473
0.0606856
0.129806
-0.0295184
-0.0106326
-0.000613874
0.00307427
0.0024416
-0.0015621
-0.00800151
-0.0155515
-0.0229702
-0.0291644
-0.0335203
-0.0355759
-0.0351907
-0.0319488
-0.0252259
-0.0128646
0.00941138
0.0511555
0.122861
0.226062
)
;

boundaryField
{
    movingWall
    {
        type            zeroGradient;
    }
    fixedWalls
    {
        type            zeroGradient;
    }
    frontAndBack
    {
        type            empty;
    }
}


// ************************************************************************* //
