/*--------------------------------*- C++ -*----------------------------------*\
| =========                 |                                                 |
| \\      /  F ield         | OpenFOAM: The Open Source CFD Toolbox           |
|  \\    /   O peration     | Version:  2212                                  |
|   \\  /    A nd           | Website:  www.openfoam.com                      |
|    \\/     M anipulation  |                                                 |
\*---------------------------------------------------------------------------*/
FoamFile
{
    version     2.0;
    format      ascii;
    arch        "LSB;label=32;scalar=64";
    class       surfaceScalarField;
    location    "7.8";
    object      phi;
}
// * * * * * * * * * * * * * * * * * * * * * * * * * * * * * * * * * * * * * //

dimensions      [0 3 -1 0 0 0 0];

oriented        oriented;

internalField   nonuniform List<scalar> 
760
(
1.5605e-07
-1.5605e-07
2.93523e-07
-1.37471e-07
3.09853e-07
-1.63294e-08
1.83542e-07
1.2631e-07
-1.20412e-07
3.03954e-07
-6.6594e-07
5.45528e-07
-1.48512e-06
8.1918e-07
-2.49052e-06
1.0054e-06
-3.47986e-06
9.8934e-07
-4.21982e-06
7.39956e-07
-4.54351e-06
3.23694e-07
-4.35338e-06
-1.90132e-07
-3.59375e-06
-7.59631e-07
-2.37925e-06
-1.2145e-06
-9.40497e-07
-1.43875e-06
3.47173e-07
-1.28767e-06
1.08946e-06
-7.42289e-07
1.03282e-06
5.66444e-08
4.60909e-07
5.71909e-07
4.60908e-07
1.24962e-07
-2.8101e-07
7.44426e-08
-8.69523e-08
-2.97183e-07
3.55296e-07
-1.07895e-06
9.08079e-07
-2.31575e-06
1.54075e-06
-3.92691e-06
2.15668e-06
-5.6615e-06
2.55377e-06
-7.206e-06
2.5499e-06
-8.3358e-06
2.11914e-06
-8.94116e-06
1.34531e-06
-8.97519e-06
3.5773e-07
-8.41539e-06
-7.4993e-07
-7.2931e-06
-1.88192e-06
-5.64183e-06
-2.86577e-06
-3.60592e-06
-3.47466e-06
-1.49056e-06
-3.40303e-06
1.78292e-07
-2.41114e-06
8.58674e-07
-6.23737e-07
5.2559e-07
9.04993e-07
9.86498e-07
-1.27673e-07
-1.53337e-07
-6.34003e-07
4.19376e-07
-1.62487e-06
1.34616e-06
-3.14113e-06
2.42434e-06
-5.0568e-06
3.45642e-06
-7.07226e-06
4.17214e-06
-8.87203e-06
4.35354e-06
-1.02761e-05
3.95393e-06
-1.12327e-05
3.07578e-06
-1.17342e-05
1.84682e-06
-1.17283e-05
3.5187e-07
-1.12696e-05
-1.20869e-06
-1.03371e-05
-2.81437e-06
-8.87682e-06
-4.32609e-06
-6.86895e-06
-5.48254e-06
-4.40297e-06
-5.86901e-06
-1.87879e-06
-4.93532e-06
-8.65636e-08
-2.41596e-06
2.94628e-07
5.23801e-07
1.28113e-06
-5.00505e-07
3.47168e-07
-1.55984e-06
1.47872e-06
-3.11907e-06
2.90539e-06
-5.08057e-06
4.38584e-06
-7.18402e-06
5.55987e-06
-9.12163e-06
6.10975e-06
-1.06912e-05
5.92308e-06
-1.18501e-05
5.1129e-06
-1.26266e-05
3.85223e-06
-1.30551e-05
2.27538e-06
-1.31203e-05
4.1698e-07
-1.28809e-05
-1.44806e-06
-1.22983e-05
-3.39695e-06
-1.12707e-05
-5.35366e-06
-9.66744e-06
-7.08584e-06
-7.36376e-06
-8.17269e-06
-4.39836e-06
-7.90072e-06
-1.37806e-06
-5.43625e-06
1.20668e-07
-9.74931e-07
1.40179e-06
-8.61813e-07
1.20898e-06
-2.36131e-06
2.97822e-06
-4.23201e-06
4.77609e-06
-6.27894e-06
6.43276e-06
-8.22093e-06
7.50187e-06
-9.83532e-06
7.72414e-06
-1.10454e-05
7.13319e-06
-1.18778e-05
5.94526e-06
-1.23942e-05
4.36864e-06
-1.26673e-05
2.54848e-06
-1.27879e-05
5.37558e-07
-1.27424e-05
-1.49357e-06
-1.2522e-05
-3.61736e-06
-1.20477e-05
-5.82791e-06
-1.11334e-05
-8.00016e-06
-9.49107e-06
-9.81501e-06
-6.82131e-06
-1.05705e-05
-3.22267e-06
-9.0349e-06
-2.61223e-07
-3.93638e-06
1.14057e-06
-1.08686e-06
2.29584e-06
-2.78404e-06
4.67539e-06
-4.67742e-06
6.66948e-06
-6.53507e-06
8.29041e-06
-8.13269e-06
9.09949e-06
-9.33927e-06
8.93072e-06
-1.01508e-05
7.94471e-06
-1.06324e-05
6.42683e-06
-1.08742e-05
4.61048e-06
-1.0976e-05
2.65029e-06
-1.10591e-05
6.20701e-07
-1.11098e-05
-1.44289e-06
-1.11442e-05
-3.58295e-06
-1.11335e-05
-5.83867e-06
-1.09242e-05
-8.20945e-06
-1.01894e-05
-1.05498e-05
-8.43473e-06
-1.23251e-05
-5.24425e-06
-1.22254e-05
-1.15856e-06
-8.02206e-06
-1.79914e-08
-1.11091e-06
3.40675e-06
-2.75862e-06
6.32311e-06
-4.45621e-06
8.36706e-06
-5.99187e-06
9.82607e-06
-7.20554e-06
1.03132e-05
-8.03487e-06
9.76005e-06
-8.51762e-06
8.42745e-06
-8.74076e-06
6.64997e-06
-8.80777e-06
4.67749e-06
-8.81542e-06
2.65794e-06
-8.84586e-06
6.51146e-07
-8.91732e-06
-1.37143e-06
-9.04973e-06
-3.45053e-06
-9.25474e-06
-5.63367e-06
-9.47625e-06
-7.98793e-06
-9.48343e-06
-1.05426e-05
-8.75753e-06
-1.3051e-05
-6.54017e-06
-1.44427e-05
-2.42454e-06
-1.21377e-05
-2.44253e-06
-9.36293e-07
4.34304e-06
-2.34825e-06
7.73507e-06
-3.73583e-06
9.75464e-06
-4.91554e-06
1.10058e-05
-5.78642e-06
1.1184e-05
-6.33166e-06
1.03053e-05
-6.60844e-06
8.70424e-06
-6.70776e-06
6.74928e-06
-6.72548e-06
4.69521e-06
-6.73437e-06
2.66683e-06
-6.76984e-06
6.86616e-07
-6.84871e-06
-1.29256e-06
-6.9919e-06
-3.30734e-06
-7.23006e-06
-5.39551e-06
-7.58072e-06
-7.63728e-06
-7.95374e-06
-1.01696e-05
-7.93998e-06
-1.30648e-05
-6.72149e-06
-1.56612e-05
-3.58914e-06
-1.527e-05
-6.03168e-06
-6.2579e-07
4.96883e-06
-1.68914e-06
8.79841e-06
-2.72308e-06
1.07886e-05
-3.56298e-06
1.18457e-05
-4.15335e-06
1.17744e-05
-4.50435e-06
1.06563e-05
-4.67489e-06
8.87477e-06
-4.7433e-06
6.8177e-06
-4.78174e-06
4.73365e-06
-4.83346e-06
2.71855e-06
-4.90833e-06
7.61482e-07
-5.01253e-06
-1.18836e-06
-5.15583e-06
-3.16403e-06
-5.36678e-06
-5.18457e-06
-5.70053e-06
-7.30353e-06
-6.17117e-06
-9.69897e-06
-6.56182e-06
-1.26741e-05
-6.13204e-06
-1.6091e-05
-3.92649e-06
-1.74756e-05
-9.95816e-06
-2.3312e-07
5.20195e-06
-8.94635e-07
9.45993e-06
-1.56697e-06
1.14609e-05
-2.0973e-06
1.2376e-05
-2.45797e-06
1.21351e-05
-2.67325e-06
1.08716e-05
-2.79136e-06
8.99288e-06
-2.86549e-06
6.89184e-06
-2.94014e-06
4.8083e-06
-3.03716e-06
2.81556e-06
-3.15924e-06
8.83565e-07
-3.30589e-06
-1.04171e-06
-3.47716e-06
-2.99276e-06
-3.68512e-06
-4.97661e-06
-3.98014e-06
-7.00851e-06
-4.44465e-06
-9.23446e-06
-5.02716e-06
-1.20916e-05
-5.12677e-06
-1.59914e-05
-3.56037e-06
-1.9042e-05
-1.35185e-05
1.63755e-07
5.0382e-06
-7.03499e-08
9.69403e-06
-4.03705e-07
1.17943e-05
-6.55124e-07
1.26274e-05
-8.10533e-07
1.22905e-05
-9.01063e-07
1.09621e-05
-9.66082e-07
9.0579e-06
-1.03745e-06
6.9632e-06
-1.13171e-06
4.90257e-06
-1.25663e-06
2.94048e-06
-1.41478e-06
1.04171e-06
-1.60827e-06
-8.4821e-07
-1.83556e-06
-2.76548e-06
-2.09429e-06
-4.71788e-06
-2.41168e-06
-6.69112e-06
-2.87918e-06
-8.76696e-06
-3.56222e-06
-1.14086e-05
-4.02687e-06
-1.55268e-05
-3.02669e-06
-2.00422e-05
-1.65452e-05
5.0232e-07
4.53588e-06
7.00525e-07
9.49583e-06
7.43916e-07
1.17509e-05
7.79667e-07
1.25917e-05
8.24643e-07
1.22455e-05
8.53528e-07
1.09332e-05
8.46676e-07
9.06475e-06
7.95893e-07
7.01399e-06
7.0201e-07
4.99645e-06
5.6673e-07
3.07576e-06
3.84843e-07
1.2236e-06
1.50158e-07
-6.13525e-07
-1.38886e-07
-2.47643e-06
-4.88931e-07
-4.36784e-06
-9.03565e-07
-6.27648e-06
-1.42625e-06
-8.24427e-06
-2.20447e-06
-1.06303e-05
-2.95407e-06
-1.47772e-05
-2.46099e-06
-2.05353e-05
-1.90062e-05
7.59473e-07
3.7764e-06
1.35908e-06
8.89622e-06
1.75343e-06
1.13565e-05
2.08438e-06
1.22607e-05
2.35882e-06
1.19711e-05
2.54661e-06
1.07454e-05
2.63967e-06
8.97169e-06
2.6487e-06
7.00495e-06
2.58769e-06
5.05747e-06
2.463e-06
3.20045e-06
2.26703e-06
1.41957e-06
1.98568e-06
-3.32179e-07
1.61961e-06
-2.11036e-06
1.1639e-06
-3.91213e-06
6.14306e-07
-5.72689e-06
-8.03343e-08
-7.54963e-06
-9.54091e-07
-9.75659e-06
-1.91723e-06
-1.3814e-05
-1.92433e-06
-2.05281e-05
-2.09305e-05
8.75139e-07
2.90127e-06
1.81829e-06
7.95307e-06
2.5631e-06
1.06117e-05
3.20694e-06
1.16169e-05
3.75731e-06
1.14207e-05
4.17099e-06
1.03318e-05
4.43216e-06
8.71052e-06
4.55477e-06
6.88234e-06
4.56165e-06
5.05059e-06
4.46781e-06
3.2943e-06
4.27104e-06
1.61633e-06
3.93875e-06
1.2005e-10
3.49165e-06
-1.66326e-06
2.90413e-06
-3.32461e-06
2.17745e-06
-5.0002e-06
1.33071e-06
-6.7029e-06
2.73542e-07
-8.69943e-06
-9.53788e-07
-1.25867e-05
-1.42519e-06
-2.00567e-05
-2.23557e-05
8.11019e-07
2.09025e-06
1.96413e-06
6.79996e-06
3.0114e-06
9.56445e-06
3.98911e-06
1.06392e-05
4.87035e-06
1.05394e-05
5.58912e-06
9.61298e-06
6.10631e-06
8.19333e-06
6.42486e-06
6.5638e-06
6.56551e-06
4.90994e-06
6.5461e-06
3.3137e-06
6.3648e-06
1.79763e-06
6.01893e-06
3.45991e-07
5.47541e-06
-1.11975e-06
4.74176e-06
-2.59096e-06
3.81014e-06
-4.06858e-06
2.70958e-06
-5.60233e-06
1.40059e-06
-7.39044e-06
-1.49502e-07
-1.10366e-05
-9.09465e-07
-1.92968e-05
-2.32652e-05
5.81141e-07
1.50911e-06
1.76941e-06
5.61169e-06
3.11408e-06
8.21979e-06
4.47129e-06
9.28196e-06
5.74356e-06
9.26718e-06
6.83227e-06
8.52427e-06
7.67202e-06
7.35358e-06
8.25011e-06
5.98571e-06
8.5788e-06
4.58125e-06
8.67471e-06
3.21779e-06
8.54447e-06
1.92787e-06
8.18519e-06
7.05268e-07
7.55276e-06
-4.87315e-07
6.66461e-06
-1.70281e-06
5.5081e-06
-2.91208e-06
4.12429e-06
-4.21852e-06
2.58706e-06
-5.85321e-06
9.6804e-07
-9.41758e-06
-1.39394e-07
-1.81893e-05
-2.34046e-05
1.54156e-07
1.35495e-06
1.04801e-06
4.71784e-06
2.53228e-06
6.73551e-06
4.2618e-06
7.55244e-06
5.99124e-06
7.53775e-06
7.53283e-06
6.98268e-06
8.78388e-06
6.10253e-06
9.71457e-06
5.05502e-06
1.03199e-05
3.9759e-06
1.06113e-05
2.92643e-06
1.05946e-05
1.94459e-06
1.02753e-05
1.02456e-06
9.60715e-06
1.80803e-07
8.61265e-06
-7.0831e-07
7.28162e-06
-1.58105e-06
5.66622e-06
-2.60312e-06
3.92758e-06
-4.11457e-06
2.24982e-06
-7.73982e-06
6.56595e-07
-1.65961e-05
-2.2748e-05
-5.19007e-07
1.87396e-06
2.03508e-07
3.99532e-06
1.76708e-06
5.17194e-06
3.83997e-06
5.47955e-06
6.005e-06
5.37272e-06
7.97518e-06
5.01249e-06
9.6139e-06
4.46381e-06
1.08796e-05
3.78936e-06
1.17546e-05
3.10083e-06
1.22552e-05
2.42586e-06
1.23847e-05
1.81506e-06
1.21629e-05
1.24634e-06
1.1614e-05
7.29736e-07
1.07083e-05
1.97412e-07
9.45051e-06
-3.23269e-07
7.91432e-06
-1.06693e-06
6.28561e-06
-2.48586e-06
4.46606e-06
-5.92028e-06
2.05945e-06
-1.41895e-05
-2.06885e-05
-4.18141e-06
6.05536e-06
-3.64401e-06
3.45792e-06
-1.24403e-06
2.77196e-06
1.56189e-06
2.67363e-06
4.30985e-06
2.62475e-06
6.85283e-06
2.46951e-06
9.07717e-06
2.23947e-06
1.09224e-05
1.94413e-06
1.23699e-05
1.65331e-06
1.34467e-05
1.3491e-06
1.41697e-05
1.09205e-06
1.45837e-05
8.32323e-07
1.46764e-05
6.371e-07
1.44566e-05
4.17181e-07
1.39203e-05
2.12995e-07
1.30834e-05
-2.30022e-07
1.19338e-05
-1.33626e-06
1.01164e-05
-4.10284e-06
5.63946e-06
-9.71259e-06
-1.50491e-05
6.05536e-06
9.51329e-06
1.22852e-05
1.49589e-05
1.75836e-05
2.00531e-05
2.22926e-05
2.42367e-05
2.589e-05
2.72391e-05
2.83312e-05
2.91635e-05
2.98006e-05
3.02178e-05
3.04308e-05
3.02008e-05
2.88645e-05
2.47617e-05
1.50491e-05
)
;

boundaryField
{
    movingWall
    {
        type            calculated;
        value           uniform 0;
    }
    fixedWalls
    {
        type            calculated;
        value           uniform 0;
    }
    frontAndBack
    {
        type            empty;
        value           nonuniform List<scalar> 0();
    }
}


// ************************************************************************* //
