/*--------------------------------*- C++ -*----------------------------------*\
| =========                 |                                                 |
| \\      /  F ield         | OpenFOAM: The Open Source CFD Toolbox           |
|  \\    /   O peration     | Version:  2212                                  |
|   \\  /    A nd           | Website:  www.openfoam.com                      |
|    \\/     M anipulation  |                                                 |
\*---------------------------------------------------------------------------*/
FoamFile
{
    version     2.0;
    format      ascii;
    arch        "LSB;label=32;scalar=64";
    class       volVectorField;
    location    "7.8";
    object      U;
}
// * * * * * * * * * * * * * * * * * * * * * * * * * * * * * * * * * * * * * //

dimensions      [0 1 -1 0 0 0 0];

internalField   nonuniform List<vector> 
400
(
(0.00168151 -0.00168302 0)
(0.00483735 -0.00189153 0)
(0.00658862 -0.00120034 0)
(0.0056719 -0.000574884 0)
(0.00156952 0.000184195 0)
(-0.00683067 0.00173936 0)
(-0.0206073 0.00478551 0)
(-0.0395367 0.00873418 0)
(-0.0608033 0.0112906 0)
(-0.0791281 0.0105114 0)
(-0.089804 0.00677465 0)
(-0.0904572 0.0016701 0)
(-0.0802243 -0.00361465 0)
(-0.0599968 -0.00827297 0)
(-0.0335281 -0.0108456 0)
(-0.00530259 -0.00979468 0)
(0.0167137 -0.00477446 0)
(0.0244631 0.00277504 0)
(0.0161756 0.00647061 0)
(0.00431604 0.00471635 0)
(0.00171962 -0.00506278 0)
(0.00316011 -0.00403004 0)
(-0.000420615 0.000588856 0)
(-0.0113325 0.0064415 0)
(-0.0314256 0.0140483 0)
(-0.061144 0.0237699 0)
(-0.0968345 0.0330555 0)
(-0.131443 0.0370865 0)
(-0.158953 0.0335133 0)
(-0.176084 0.0234003 0)
(-0.181433 0.00911123 0)
(-0.175065 -0.00698568 0)
(-0.157551 -0.0231681 0)
(-0.129646 -0.0369077 0)
(-0.093614 -0.0445604 0)
(-0.0521986 -0.0418363 0)
(-0.0114072 -0.0263359 0)
(0.0168819 -0.00128394 0)
(0.0178679 0.016219 0)
(0.0055415 0.0148174 0)
(-0.000240522 -0.00577645 0)
(-0.00538303 0.000805326 0)
(-0.0196105 0.0142995 0)
(-0.0445017 0.0312323 0)
(-0.0803325 0.0494378 0)
(-0.122189 0.06431 0)
(-0.162328 0.0705355 0)
(-0.195246 0.0660197 0)
(-0.218836 0.0521857 0)
(-0.232503 0.031533 0)
(-0.23626 0.00642022 0)
(-0.230777 -0.0211054 0)
(-0.216366 -0.0488622 0)
(-0.192525 -0.0732151 0)
(-0.158993 -0.0890164 0)
(-0.115735 -0.0892234 0)
(-0.0645619 -0.0670288 0)
(-0.0138254 -0.0226715 0)
(0.00947869 0.0179107 0)
(0.00415536 0.0235758 0)
(-0.00347205 0.000457942 0)
(-0.0175141 0.0172429 0)
(-0.0435127 0.0414973 0)
(-0.0796732 0.0681854 0)
(-0.122943 0.091147 0)
(-0.165829 0.103833 0)
(-0.201895 0.102889 0)
(-0.229215 0.0896602 0)
(-0.248051 0.0673194 0)
(-0.259004 0.0385786 0)
(-0.262912 0.00532273 0)
(-0.260581 -0.0311057 0)
(-0.251951 -0.0684393 0)
(-0.235977 -0.103726 0)
(-0.210671 -0.131474 0)
(-0.17333 -0.142878 0)
(-0.121393 -0.125759 0)
(-0.0568427 -0.0708561 0)
(-0.000989375 0.00355731 0)
(0.00474221 0.0282352 0)
(-0.00666205 0.0147862 0)
(-0.0287266 0.0441103 0)
(-0.0632821 0.0770868 0)
(-0.104448 0.108906 0)
(-0.147261 0.131192 0)
(-0.184555 0.138179 0)
(-0.212889 0.129488 0)
(-0.232668 0.108734 0)
(-0.245182 0.0797894 0)
(-0.252156 0.0454457 0)
(-0.255275 0.00724633 0)
(-0.255458 -0.033984 0)
(-0.252482 -0.0770636 0)
(-0.245805 -0.120664 0)
(-0.232615 -0.1608 0)
(-0.208299 -0.189013 0)
(-0.166804 -0.189969 0)
(-0.103441 -0.142875 0)
(-0.0221832 -0.0388603 0)
(0.00738048 0.0270947 0)
(-0.00850953 0.0348739 0)
(-0.0351723 0.0766347 0)
(-0.0730826 0.114942 0)
(-0.113248 0.147686 0)
(-0.150506 0.166016 0)
(-0.179364 0.165952 0)
(-0.198885 0.149744 0)
(-0.210627 0.12249 0)
(-0.216572 0.0885345 0)
(-0.2192 0.0508668 0)
(-0.220467 0.010961 0)
(-0.221369 -0.0307422 0)
(-0.222105 -0.0746971 0)
(-0.222784 -0.121263 0)
(-0.221219 -0.169207 0)
(-0.212323 -0.213042 0)
(-0.188011 -0.238575 0)
(-0.139677 -0.218533 0)
(-0.0628441 -0.118941 0)
(0.00584643 0.0141984 0)
(-0.00829136 0.0570027 0)
(-0.0353365 0.110003 0)
(-0.0718267 0.150482 0)
(-0.107062 0.181168 0)
(-0.136693 0.19386 0)
(-0.157095 0.186466 0)
(-0.169001 0.163305 0)
(-0.174534 0.130525 0)
(-0.176101 0.0928861 0)
(-0.176195 0.0534028 0)
(-0.176306 0.0133193 0)
(-0.177107 -0.0272923 0)
(-0.179143 -0.0695478 0)
(-0.182959 -0.114692 0)
(-0.187916 -0.163824 0)
(-0.190395 -0.215796 0)
(-0.182515 -0.261653 0)
(-0.154271 -0.275177 0)
(-0.0993941 -0.205908 0)
(-0.00890802 -0.0146289 0)
(-0.0061344 0.0775952 0)
(-0.0297883 0.140551 0)
(-0.0614195 0.181215 0)
(-0.0898863 0.208326 0)
(-0.111892 0.214914 0)
(-0.125426 0.200588 0)
(-0.132111 0.171358 0)
(-0.134256 0.134199 0)
(-0.134311 0.0940909 0)
(-0.134205 0.0537386 0)
(-0.134608 0.0138663 0)
(-0.135701 -0.0258685 0)
(-0.137937 -0.066448 0)
(-0.142007 -0.109054 0)
(-0.14853 -0.155639 0)
(-0.156206 -0.208559 0)
(-0.15907 -0.265892 0)
(-0.146748 -0.308135 0)
(-0.112252 -0.277213 0)
(-0.0309634 -0.0753378 0)
(-0.00272928 0.0936117 0)
(-0.020416 0.16564 0)
(-0.0451484 0.205604 0)
(-0.0663412 0.228592 0)
(-0.0816074 0.229552 0)
(-0.090095 0.209565 0)
(-0.0937225 0.175815 0)
(-0.0946282 0.135781 0)
(-0.094899 0.0944422 0)
(-0.0956888 0.0540136 0)
(-0.0970353 0.0145938 0)
(-0.0988442 -0.0245641 0)
(-0.101283 -0.0641942 0)
(-0.104855 -0.10495 0)
(-0.110709 -0.148425 0)
(-0.119581 -0.198549 0)
(-0.128344 -0.259789 0)
(-0.126524 -0.323462 0)
(-0.10748 -0.334771 0)
(-0.0373485 -0.163436 0)
(0.00121963 0.102756 0)
(-0.00894171 0.183479 0)
(-0.0256424 0.223157 0)
(-0.0396396 0.242774 0)
(-0.0491173 0.239537 0)
(-0.0539877 0.215563 0)
(-0.0559533 0.178808 0)
(-0.056661 0.137114 0)
(-0.0576168 0.0953667 0)
(-0.0593549 0.0552479 0)
(-0.0616452 0.0163068 0)
(-0.0643445 -0.0224714 0)
(-0.0674438 -0.0616966 0)
(-0.0711219 -0.101571 0)
(-0.0763112 -0.142767 0)
(-0.0845819 -0.188912 0)
(-0.0960585 -0.248346 0)
(-0.10065 -0.324325 0)
(-0.0951733 -0.372236 0)
(-0.030923 -0.242583 0)
(0.00511778 0.103921 0)
(0.00295785 0.193077 0)
(-0.00538821 0.23365 0)
(-0.0125038 0.250805 0)
(-0.0168933 0.244718 0)
(-0.0187787 0.2185 0)
(-0.0194646 0.180439 0)
(-0.01999 0.138366 0)
(-0.0212857 0.0969171 0)
(-0.0235198 0.0573945 0)
(-0.0264074 0.0190754 0)
(-0.0298897 -0.0191487 0)
(-0.0339832 -0.0579361 0)
(-0.0386269 -0.0973409 0)
(-0.0443669 -0.137283 0)
(-0.0524312 -0.180151 0)
(-0.0657539 -0.235638 0)
(-0.074221 -0.318098 0)
(-0.0811991 -0.396739 0)
(-0.022942 -0.30714 0)
(0.00845571 0.0974476 0)
(0.0142186 0.19407 0)
(0.014102 0.237172 0)
(0.013708 0.253585 0)
(0.0143311 0.246503 0)
(0.0155284 0.219794 0)
(0.0163885 0.181745 0)
(0.0164426 0.140034 0)
(0.0153048 0.0991026 0)
(0.0130271 0.0601922 0)
(0.00985913 0.0226169 0)
(0.00575186 -0.0147359 0)
(0.000562251 -0.0526542 0)
(-0.00556101 -0.0912369 0)
(-0.0130264 -0.130115 0)
(-0.0219732 -0.17029 0)
(-0.0377152 -0.220678 0)
(-0.0487321 -0.304457 0)
(-0.0679055 -0.408483 0)
(-0.0144596 -0.360022 0)
(0.0103259 0.0844717 0)
(0.0234136 0.186475 0)
(0.0310762 0.233296 0)
(0.037005 0.25013 0)
(0.0426657 0.243288 0)
(0.0476193 0.217503 0)
(0.0510551 0.180741 0)
(0.0527291 0.140338 0)
(0.0525952 0.100585 0)
(0.0508636 0.0627903 0)
(0.0477524 0.0264462 0)
(0.0431451 -0.00950675 0)
(0.036874 -0.0459626 0)
(0.0290623 -0.0830791 0)
(0.0189124 -0.12049 0)
(0.00759066 -0.158424 0)
(-0.0118211 -0.204389 0)
(-0.0242462 -0.286458 0)
(-0.0558478 -0.410991 0)
(-0.00613876 -0.401872 0)
(0.00987422 0.0672261 0)
(0.0290222 0.170669 0)
(0.0443455 0.222208 0)
(0.0568859 0.241298 0)
(0.0681774 0.236368 0)
(0.0778623 0.213006 0)
(0.085081 0.178714 0)
(0.0895327 0.140377 0)
(0.0912941 0.102224 0)
(0.0906656 0.0658004 0)
(0.0879778 0.0309683 0)
(0.0829288 -0.00329101 0)
(0.0754169 -0.0375142 0)
(0.065729 -0.0722786 0)
(0.0524839 -0.10739 0)
(0.0375568 -0.14273 0)
(0.013121 -0.18422 0)
(6.98308e-05 -0.263221 0)
(-0.0448031 -0.406695 0)
(0.00276375 -0.436253 0)
(0.00692691 0.0493946 0)
(0.0293558 0.148952 0)
(0.0511004 0.203622 0)
(0.0699761 0.224535 0)
(0.0874494 0.221675 0)
(0.103141 0.201516 0)
(0.115808 0.170923 0)
(0.124769 0.136036 0)
(0.129937 0.100845 0)
(0.131554 0.0670278 0)
(0.129887 0.0348338 0)
(0.124962 0.00343824 0)
(0.116334 -0.027442 0)
(0.104605 -0.0586661 0)
(0.0875188 -0.0902779 0)
(0.0683361 -0.122888 0)
(0.0382799 -0.16081 0)
(0.0238479 -0.237126 0)
(-0.0344466 -0.398946 0)
(0.0134722 -0.464417 0)
(0.00238595 0.0346297 0)
(0.0236332 0.12389 0)
(0.0509453 0.179933 0)
(0.0766735 0.202926 0)
(0.101335 0.202612 0)
(0.124215 0.18621 0)
(0.143665 0.160155 0)
(0.15847 0.129727 0)
(0.168211 0.0985406 0)
(0.173097 0.0682832 0)
(0.173069 0.0395521 0)
(0.16884 0.0119409 0)
(0.159005 -0.0148941 0)
(0.145276 -0.0416874 0)
(0.123979 -0.0687206 0)
(0.100447 -0.0975163 0)
(0.0646006 -0.132672 0)
(0.0469942 -0.207432 0)
(-0.0227124 -0.387071 0)
(0.028529 -0.48555 0)
(-0.00342542 0.0286209 0)
(0.0100665 0.101498 0)
(0.0370998 0.148684 0)
(0.0689604 0.169444 0)
(0.101851 0.170662 0)
(0.133566 0.15837 0)
(0.16156 0.137936 0)
(0.184102 0.113535 0)
(0.200146 0.0882525 0)
(0.210067 0.0636171 0)
(0.212989 0.0403744 0)
(0.210733 0.0184058 0)
(0.20047 -0.00266343 0)
(0.185842 -0.0232922 0)
(0.161033 -0.0439519 0)
(0.134423 -0.0677103 0)
(0.0929014 -0.101662 0)
(0.0698632 -0.179991 0)
(-0.00437485 -0.370044 0)
(0.0521576 -0.491637 0)
(-0.0140069 0.0185244 0)
(-0.00751521 0.0881778 0)
(0.019212 0.124188 0)
(0.0564392 0.137308 0)
(0.0975872 0.136896 0)
(0.137964 0.127712 0)
(0.174212 0.113056 0)
(0.204052 0.0952785 0)
(0.225943 0.076809 0)
(0.241032 0.0586641 0)
(0.247064 0.0417971 0)
(0.247979 0.0261087 0)
(0.238642 0.0117517 0)
(0.226829 -0.00203473 0)
(0.201837 -0.0160705 0)
(0.177862 -0.0350051 0)
(0.133525 -0.0677839 0)
(0.107826 -0.145991 0)
(0.037466 -0.326118 0)
(0.0923649 -0.455871 0)
(-0.106016 0.082423 0)
(-0.0777566 0.0689954 0)
(-0.0485684 0.0733675 0)
(0.00377426 0.077883 0)
(0.0572826 0.0782143 0)
(0.110008 0.0739489 0)
(0.15717 0.066614 0)
(0.199526 0.0572105 0)
(0.231632 0.0475367 0)
(0.259781 0.0378827 0)
(0.275506 0.0292188 0)
(0.290661 0.0212356 0)
(0.291016 0.0144812 0)
(0.295131 0.00810008 0)
(0.278837 0.00113414 0)
(0.27163 -0.0100036 0)
(0.232327 -0.0355599 0)
(0.218134 -0.0954157 0)
(0.150207 -0.229723 0)
(0.170672 -0.341456 0)
(0.129971 0.103746 0)
(0.158324 0.0752315 0)
(0.212172 0.0532319 0)
(0.27068 0.0416262 0)
(0.323253 0.0359154 0)
(0.375691 0.0319499 0)
(0.420281 0.0289171 0)
(0.465595 0.0255813 0)
(0.498686 0.0229033 0)
(0.533933 0.0197112 0)
(0.55337 0.0175487 0)
(0.57918 0.0146113 0)
(0.585319 0.0131669 0)
(0.603661 0.0103484 0)
(0.595086 0.00938628 0)
(0.603592 0.00500225 0)
(0.567789 9.11554e-05 0)
(0.547617 -0.0183148 0)
(0.435697 -0.0504145 0)
(0.336756 -0.101386 0)
)
;

boundaryField
{
    movingWall
    {
        type            fixedValue;
        value           uniform (1 0 0);
    }
    fixedWalls
    {
        type            noSlip;
    }
    frontAndBack
    {
        type            empty;
    }
}


// ************************************************************************* //
