/*--------------------------------*- C++ -*----------------------------------*\
| =========                 |                                                 |
| \\      /  F ield         | OpenFOAM: The Open Source CFD Toolbox           |
|  \\    /   O peration     | Version:  2212                                  |
|   \\  /    A nd           | Website:  www.openfoam.com                      |
|    \\/     M anipulation  |                                                 |
\*---------------------------------------------------------------------------*/
FoamFile
{
    version     2.0;
    format      ascii;
    arch        "LSB;label=32;scalar=64";
    class       surfaceScalarField;
    location    "2.7";
    object      phi;
}
// * * * * * * * * * * * * * * * * * * * * * * * * * * * * * * * * * * * * * //

dimensions      [0 3 -1 0 0 0 0];

oriented        oriented;

internalField   nonuniform List<scalar> 
760
(
1.38239e-07
-1.38241e-07
2.56109e-07
-1.1787e-07
2.64545e-07
-8.43624e-09
1.4117e-07
1.23375e-07
-1.48643e-07
2.89814e-07
-6.62726e-07
5.14083e-07
-1.43119e-06
7.68462e-07
-2.3791e-06
9.47913e-07
-3.3229e-06
9.43802e-07
-4.04253e-06
7.19626e-07
-4.37176e-06
3.29236e-07
-4.21519e-06
-1.56571e-07
-3.50854e-06
-7.06653e-07
-2.35748e-06
-1.15106e-06
-9.80591e-07
-1.37689e-06
2.62656e-07
-1.24325e-06
9.98621e-07
-7.35965e-07
9.7196e-07
2.6661e-08
4.38132e-07
5.33828e-07
4.38132e-07
9.67453e-08
-2.34987e-07
2.62839e-08
-4.74082e-08
-3.33775e-07
3.51623e-07
-1.07103e-06
8.60628e-07
-2.23152e-06
1.4503e-06
-3.74947e-06
2.03204e-06
-5.40178e-06
2.42077e-06
-6.89488e-06
2.44101e-06
-8.00457e-06
2.0535e-06
-8.61455e-06
1.3296e-06
-8.67438e-06
3.89066e-07
-8.15645e-06
-6.74502e-07
-7.09116e-06
-1.77194e-06
-5.50829e-06
-2.73393e-06
-3.54555e-06
-3.33963e-06
-1.49657e-06
-3.29223e-06
1.23953e-07
-2.35649e-06
8.03773e-07
-6.53159e-07
5.01056e-07
8.36544e-07
9.39188e-07
-1.43492e-07
-9.14947e-08
-6.37313e-07
4.46413e-07
-1.57449e-06
1.2888e-06
-2.99903e-06
2.28517e-06
-4.80941e-06
3.26068e-06
-6.73803e-06
3.96066e-06
-8.4843e-06
4.16703e-06
-9.86246e-06
3.81917e-06
-1.0811e-05
3.00205e-06
-1.13179e-05
1.83647e-06
-1.13381e-05
4.09291e-07
-1.09091e-05
-1.10347e-06
-1.00187e-05
-2.66234e-06
-8.61392e-06
-4.13875e-06
-6.67371e-06
-5.27983e-06
-4.2863e-06
-5.67964e-06
-1.83814e-06
-4.80465e-06
-9.70783e-08
-2.39422e-06
2.86045e-07
4.5342e-07
1.22523e-06
-4.81106e-07
3.89611e-07
-1.48719e-06
1.4525e-06
-2.95604e-06
2.75765e-06
-4.81264e-06
4.14178e-06
-6.82696e-06
5.275e-06
-8.7087e-06
5.8424e-06
-1.02524e-05
5.7107e-06
-1.14016e-05
4.96844e-06
-1.21781e-05
3.77851e-06
-1.26142e-05
2.27254e-06
-1.26985e-05
4.93642e-07
-1.24798e-05
-1.32223e-06
-1.19268e-05
-3.21529e-06
-1.09389e-05
-5.1266e-06
-9.3871e-06
-6.83168e-06
-7.14938e-06
-7.91736e-06
-4.26831e-06
-7.68573e-06
-1.34368e-06
-5.31885e-06
1.15105e-07
-1.00536e-06
1.34034e-06
-8.09941e-07
1.19955e-06
-2.22178e-06
2.86434e-06
-3.9906e-06
4.52646e-06
-5.94734e-06
6.09852e-06
-7.83106e-06
7.15872e-06
-9.41914e-06
7.43049e-06
-1.06221e-05
6.91368e-06
-1.14562e-05
5.80248e-06
-1.19788e-05
4.30114e-06
-1.2261e-05
2.55474e-06
-1.23879e-05
6.20573e-07
-1.2358e-05
-1.35221e-06
-1.21587e-05
-3.41452e-06
-1.171e-05
-5.57533e-06
-1.0827e-05
-7.71467e-06
-9.22648e-06
-9.51788e-06
-6.62235e-06
-1.02899e-05
-3.12399e-06
-8.81721e-06
-2.57973e-07
-3.87138e-06
1.08237e-06
-1.01234e-06
2.21189e-06
-2.61103e-06
4.46303e-06
-4.4119e-06
6.32732e-06
-6.20356e-06
7.89018e-06
-7.76823e-06
8.7234e-06
-8.9662e-06
8.62845e-06
-9.77931e-06
7.72679e-06
-1.02646e-05
6.28775e-06
-1.0509e-05
4.54552e-06
-1.06122e-05
2.65801e-06
-1.06942e-05
7.02506e-07
-1.07568e-05
-1.28957e-06
-1.08092e-05
-3.36207e-06
-1.08213e-05
-5.5633e-06
-1.06365e-05
-7.89946e-06
-9.92674e-06
-1.02276e-05
-8.2069e-06
-1.20097e-05
-5.08306e-06
-1.1941e-05
-1.12257e-06
-7.83186e-06
-4.02092e-08
-1.03126e-06
3.24315e-06
-2.58677e-06
6.01854e-06
-4.21103e-06
7.95158e-06
-5.70049e-06
9.37964e-06
-6.89563e-06
9.91854e-06
-7.72225e-06
9.45507e-06
-8.20507e-06
8.20962e-06
-8.42443e-06
6.50711e-06
-8.48224e-06
4.60333e-06
-8.4785e-06
2.65427e-06
-8.50113e-06
7.25133e-07
-8.5772e-06
-1.21351e-06
-8.72613e-06
-3.21314e-06
-8.95922e-06
-5.33021e-06
-9.21438e-06
-7.6443e-06
-9.25141e-06
-1.01906e-05
-8.54813e-06
-1.2713e-05
-6.36666e-06
-1.41225e-05
-2.34416e-06
-1.18544e-05
-2.38437e-06
-8.68256e-07
4.11141e-06
-2.20405e-06
7.35434e-06
-3.53657e-06
9.2841e-06
-4.68453e-06
1.05276e-05
-5.54305e-06
1.07771e-05
-6.08445e-06
9.99647e-06
-6.35566e-06
8.48083e-06
-6.44295e-06
6.59439e-06
-6.44312e-06
4.6035e-06
-6.4338e-06
2.64495e-06
-6.45666e-06
7.47987e-07
-6.532e-06
-1.13817e-06
-6.68447e-06
-3.06067e-06
-6.94805e-06
-5.06663e-06
-7.33868e-06
-7.25367e-06
-7.75531e-06
-9.77396e-06
-7.77352e-06
-1.26948e-05
-6.57625e-06
-1.53198e-05
-3.47468e-06
-1.49559e-05
-5.85905e-06
-5.79232e-07
4.69064e-06
-1.58664e-06
8.36175e-06
-2.58191e-06
1.02794e-05
-3.39983e-06
1.13455e-05
-3.98038e-06
1.13576e-05
-4.32574e-06
1.03418e-05
-4.4881e-06
8.64319e-06
-4.54337e-06
6.64966e-06
-4.56544e-06
4.62557e-06
-4.6015e-06
2.68102e-06
-4.66371e-06
8.10189e-07
-4.75896e-06
-1.04292e-06
-4.90068e-06
-2.91894e-06
-5.12329e-06
-4.84403e-06
-5.48814e-06
-6.88882e-06
-6.00556e-06
-9.25654e-06
-6.43712e-06
-1.22632e-05
-6.02645e-06
-1.57305e-05
-3.84347e-06
-1.71389e-05
-9.70253e-06
-2.15101e-07
4.90574e-06
-8.41971e-07
8.98862e-06
-1.49012e-06
1.09275e-05
-2.0064e-06
1.18618e-05
-2.35936e-06
1.17106e-05
-2.56883e-06
1.05513e-05
-2.68016e-06
8.75453e-06
-2.74583e-06
6.71532e-06
-2.81131e-06
4.69106e-06
-2.8996e-06
2.7693e-06
-3.01236e-06
9.22947e-07
-3.14773e-06
-9.07544e-07
-3.30758e-06
-2.75909e-06
-3.51006e-06
-4.64155e-06
-3.81758e-06
-6.5813e-06
-4.31834e-06
-8.75578e-06
-4.94415e-06
-1.16374e-05
-5.06661e-06
-1.5608e-05
-3.516e-06
-1.86895e-05
-1.32185e-05
1.51631e-07
4.75411e-06
-6.84569e-08
9.20871e-06
-3.89566e-07
1.12486e-05
-6.34351e-07
1.21066e-05
-7.85802e-07
1.1862e-05
-8.73155e-07
1.06387e-05
-9.35619e-07
8.81699e-06
-1.00555e-06
6.78525e-06
-1.09905e-06
4.78455e-06
-1.22229e-06
2.89254e-06
-1.37487e-06
1.07553e-06
-1.55692e-06
-7.25491e-07
-1.76684e-06
-2.54916e-06
-2.00758e-06
-4.40081e-06
-2.31631e-06
-6.27257e-06
-2.80068e-06
-8.27141e-06
-3.51839e-06
-1.09197e-05
-4.00327e-06
-1.51231e-05
-3.00884e-06
-1.96839e-05
-1.62274e-05
4.61187e-07
4.29292e-06
6.46233e-07
9.02366e-06
6.86351e-07
1.12085e-05
7.22081e-07
1.20708e-05
7.69451e-07
1.18147e-05
8.00665e-07
1.06074e-05
7.93343e-07
8.82432e-06
7.38895e-07
6.8397e-06
6.40202e-07
4.88325e-06
5.0262e-07
3.03013e-06
3.24492e-07
1.25365e-06
1.01374e-07
-5.02374e-07
-1.70723e-07
-2.27706e-06
-4.96966e-07
-4.07457e-06
-8.89465e-07
-5.88007e-06
-1.40798e-06
-7.75289e-06
-2.20505e-06
-1.01226e-05
-2.96744e-06
-1.43607e-05
-2.4684e-06
-2.0183e-05
-1.86958e-05
6.91697e-07
3.60123e-06
1.25261e-06
8.46275e-06
1.62812e-06
1.0833e-05
1.95109e-06
1.17479e-05
2.22579e-06
1.154e-05
2.41528e-06
1.0418e-05
2.50606e-06
8.73353e-06
2.50833e-06
6.83743e-06
2.43917e-06
4.9524e-06
2.30983e-06
3.15947e-06
2.11694e-06
1.44655e-06
1.84695e-06
-2.32385e-07
1.49936e-06
-1.92947e-06
1.06849e-06
-3.64371e-06
5.47771e-07
-5.35934e-06
-1.24461e-07
-7.08066e-06
-1.0022e-06
-9.2449e-06
-1.96931e-06
-1.33936e-05
-1.94924e-06
-2.02031e-05
-2.0645e-05
7.91586e-07
2.80964e-06
1.66922e-06
7.58512e-06
2.37589e-06
1.01263e-05
2.99999e-06
1.11238e-05
3.54302e-06
1.09969e-05
3.9548e-06
1.00062e-05
4.21288e-06
8.47546e-06
4.32925e-06
6.72106e-06
4.32911e-06
4.95254e-06
4.23088e-06
3.2577e-06
4.0346e-06
1.64283e-06
3.71951e-06
8.27082e-08
3.2883e-06
-1.49827e-06
2.72612e-06
-3.08152e-06
2.0318e-06
-4.66502e-06
1.21749e-06
-6.26635e-06
1.82041e-07
-8.20945e-06
-1.0344e-06
-1.21772e-05
-1.46373e-06
-1.97737e-05
-2.21087e-05
7.28196e-07
2.08144e-06
1.79047e-06
6.52284e-06
2.77842e-06
9.13838e-06
3.72043e-06
1.01818e-05
4.58226e-06
1.01351e-05
5.29182e-06
9.29662e-06
5.80311e-06
7.96417e-06
6.11534e-06
6.40882e-06
6.25012e-06
4.81776e-06
6.22842e-06
3.27939e-06
6.05255e-06
1.8187e-06
5.71297e-06
4.22285e-07
5.18924e-06
-9.74533e-07
4.48232e-06
-2.3746e-06
3.5867e-06
-3.76941e-06
2.53299e-06
-5.21263e-06
1.26921e-06
-6.94567e-06
-2.25451e-07
-1.06825e-05
-9.66073e-07
-1.90331e-05
-2.30748e-05
5.1654e-07
1.56491e-06
1.59801e-06
5.44137e-06
2.85734e-06
7.87906e-06
4.15017e-06
8.88892e-06
5.38025e-06
8.90501e-06
6.4445e-06
8.23238e-06
7.27046e-06
7.13821e-06
7.83979e-06
5.8395e-06
8.16318e-06
4.49437e-06
8.2586e-06
3.18397e-06
8.13336e-06
1.94394e-06
7.78641e-06
7.69239e-07
7.17525e-06
-3.63375e-07
6.31819e-06
-1.51754e-06
5.20489e-06
-2.65611e-06
3.88285e-06
-3.8906e-06
2.40708e-06
-5.4699e-06
8.27885e-07
-9.10331e-06
-2.05885e-07
-1.79993e-05
-2.32807e-05
1.15861e-07
1.44904e-06
9.04492e-07
4.65274e-06
2.28583e-06
6.49772e-06
3.92375e-06
7.251e-06
5.58369e-06
7.24507e-06
7.0792e-06
6.73687e-06
8.3009e-06
5.9165e-06
9.21305e-06
4.92735e-06
9.80686e-06
3.90056e-06
1.00942e-05
2.89662e-06
1.00794e-05
1.95877e-06
9.76934e-06
1.07927e-06
9.13278e-06
2.73194e-07
8.1716e-06
-5.56364e-07
6.89627e-06
-1.38078e-06
5.35816e-06
-2.35249e-06
3.71357e-06
-3.82531e-06
2.11818e-06
-7.50792e-06
6.04887e-07
-1.6486e-05
-2.26758e-05
-4.93614e-07
1.94266e-06
1.39004e-07
4.02012e-06
1.56881e-06
5.06791e-06
3.50841e-06
5.31141e-06
5.56361e-06
5.18987e-06
7.45466e-06
4.84582e-06
9.03895e-06
4.33221e-06
1.02699e-05
3.69639e-06
1.1124e-05
3.04644e-06
1.16173e-05
2.40334e-06
1.17529e-05
1.82313e-06
1.15522e-05
1.27997e-06
1.10296e-05
7.95841e-07
1.0175e-05
2.98196e-07
8.99764e-06
-2.03386e-07
7.55854e-06
-9.13387e-07
6.04876e-06
-2.31553e-06
4.33528e-06
-5.79443e-06
2.00454e-06
-1.41553e-05
-2.06713e-05
-4.15601e-06
6.09867e-06
-3.64533e-06
3.50944e-06
-1.34103e-06
2.7636e-06
1.34355e-06
2.62683e-06
3.97582e-06
2.55759e-06
6.42229e-06
2.39935e-06
8.57551e-06
2.17899e-06
1.03742e-05
1.89773e-06
1.1797e-05
1.62359e-06
1.28667e-05
1.33366e-06
1.35981e-05
1.09177e-06
1.40336e-05
8.44466e-07
1.41655e-05
6.63879e-07
1.4011e-05
4.52713e-07
1.35488e-05
2.58876e-07
1.2794e-05
-1.58617e-07
1.17556e-05
-1.27717e-06
1.0039e-05
-4.07784e-06
5.60756e-06
-9.72383e-06
-1.50637e-05
6.09867e-06
9.60811e-06
1.23717e-05
1.49985e-05
1.75561e-05
1.99555e-05
2.21345e-05
2.40322e-05
2.56558e-05
2.69895e-05
2.80812e-05
2.89257e-05
2.95896e-05
3.00423e-05
3.03012e-05
3.01425e-05
2.88654e-05
2.47875e-05
1.50637e-05
)
;

boundaryField
{
    movingWall
    {
        type            calculated;
        value           uniform 0;
    }
    fixedWalls
    {
        type            calculated;
        value           uniform 0;
    }
    frontAndBack
    {
        type            empty;
        value           nonuniform List<scalar> 0();
    }
}


// ************************************************************************* //
