/*--------------------------------*- C++ -*----------------------------------*\
| =========                 |                                                 |
| \\      /  F ield         | OpenFOAM: The Open Source CFD Toolbox           |
|  \\    /   O peration     | Version:  2212                                  |
|   \\  /    A nd           | Website:  www.openfoam.com                      |
|    \\/     M anipulation  |                                                 |
\*---------------------------------------------------------------------------*/
FoamFile
{
    version     2.0;
    format      ascii;
    arch        "LSB;label=32;scalar=64";
    class       volScalarField;
    location    "2.7";
    object      T;
}
// * * * * * * * * * * * * * * * * * * * * * * * * * * * * * * * * * * * * * //

dimensions      [0 0 0 1 0 0 0];

internalField   nonuniform List<scalar> 
400
(
0.15517
0.181268
0.233417
0.309665
0.399352
0.483436
0.545207
0.580203
0.596209
0.604193
0.60943
0.612934
0.614763
0.614171
0.609871
0.599228
0.577914
0.538945
0.483396
0.438605
0.183902
0.217342
0.282822
0.374434
0.472203
0.547643
0.588253
0.606019
0.615741
0.622832
0.628798
0.63424
0.639043
0.642014
0.640638
0.630362
0.604442
0.556024
0.492421
0.444915
0.231209
0.278127
0.362966
0.463895
0.548102
0.594847
0.613369
0.621532
0.625951
0.629004
0.633
0.639381
0.648363
0.658999
0.667717
0.66768
0.647117
0.591927
0.509558
0.456591
0.28197
0.343671
0.442018
0.534884
0.591959
0.612452
0.615217
0.611427
0.604382
0.598619
0.597359
0.603262
0.616538
0.637409
0.662848
0.686044
0.692462
0.657768
0.56085
0.486282
0.326204
0.399469
0.501251
0.575511
0.60515
0.604252
0.590818
0.571514
0.551765
0.537174
0.530664
0.534918
0.549953
0.577175
0.615686
0.661762
0.704212
0.717868
0.655658
0.542605
0.360436
0.440154
0.537702
0.590719
0.596806
0.577883
0.549136
0.517144
0.489383
0.470223
0.46131
0.463802
0.47778
0.504947
0.546631
0.602863
0.668736
0.727934
0.737734
0.62418
0.385051
0.466476
0.555973
0.589753
0.57731
0.544344
0.504523
0.465943
0.436138
0.417241
0.409161
0.411191
0.423259
0.446977
0.485184
0.540843
0.613731
0.69543
0.760084
0.730675
0.401552
0.481181
0.562071
0.581051
0.555286
0.512521
0.466372
0.426127
0.397973
0.381839
0.37596
0.378304
0.388301
0.407288
0.438937
0.488899
0.56141
0.652348
0.742913
0.791519
0.411778
0.487524
0.561115
0.570315
0.535877
0.487132
0.438329
0.399111
0.37397
0.361169
0.357708
0.360886
0.36963
0.384582
0.408851
0.449391
0.515907
0.611079
0.715736
0.784687
0.416995
0.487745
0.556081
0.560686
0.522011
0.470336
0.420907
0.38333
0.360746
0.350398
0.34859
0.352477
0.360861
0.373836
0.393094
0.424411
0.480822
0.574867
0.693907
0.779771
0.418149
0.483544
0.548906
0.55355
0.514264
0.461894
0.412875
0.376566
0.355285
0.345931
0.344632
0.348666
0.356928
0.369265
0.386075
0.410604
0.455999
0.543892
0.672124
0.776553
0.415817
0.475823
0.539616
0.54836
0.512454
0.461719
0.413736
0.377868
0.356364
0.346496
0.344651
0.34829
0.356377
0.368681
0.384806
0.405305
0.440779
0.520379
0.655712
0.77514
0.409983
0.465264
0.528668
0.544658
0.51558
0.468609
0.422332
0.386506
0.363853
0.352471
0.349306
0.352042
0.359635
0.371717
0.387543
0.405816
0.432978
0.502122
0.641657
0.775494
0.399994
0.451478
0.514234
0.539398
0.521175
0.481494
0.438877
0.40368
0.379581
0.365959
0.360695
0.361823
0.368317
0.379527
0.394485
0.410986
0.431777
0.490645
0.632448
0.777417
0.385429
0.435521
0.497729
0.531767
0.526218
0.496717
0.460336
0.427703
0.403418
0.388127
0.380774
0.379863
0.384458
0.393656
0.406314
0.420321
0.436094
0.484412
0.626363
0.780891
0.367228
0.415991
0.476547
0.518101
0.526922
0.511502
0.485441
0.458692
0.436533
0.420816
0.411596
0.40809
0.40951
0.414995
0.42352
0.433493
0.445188
0.48346
0.624802
0.786108
0.351074
0.399416
0.456534
0.499847
0.518507
0.516588
0.503137
0.485923
0.46967
0.456658
0.447584
0.442326
0.440471
0.44142
0.445027
0.450274
0.459822
0.491827
0.631577
0.794776
0.3392
0.381795
0.436525
0.479417
0.50447
0.513764
0.512619
0.505763
0.496858
0.487972
0.48037
0.474429
0.470678
0.468662
0.469837
0.472886
0.484576
0.515017
0.647973
0.806066
0.270751
0.391881
0.421393
0.449207
0.466581
0.47737
0.483266
0.486763
0.488703
0.490925
0.493366
0.496934
0.50171
0.507224
0.515824
0.524561
0.544998
0.579803
0.689193
0.825267
0.479403
0.54707
0.587526
0.616213
0.636709
0.652906
0.665572
0.677022
0.686596
0.696225
0.704552
0.71352
0.721284
0.730016
0.737527
0.746818
0.756038
0.774062
0.805257
0.866815
)
;

boundaryField
{
    movingWall
    {
        type            fixedValue;
        value           uniform 1;
    }
    fixedWalls
    {
        type            zeroGradient;
    }
    frontAndBack
    {
        type            empty;
    }
}


// ************************************************************************* //
