/*--------------------------------*- C++ -*----------------------------------*\
| =========                 |                                                 |
| \\      /  F ield         | OpenFOAM: The Open Source CFD Toolbox           |
|  \\    /   O peration     | Version:  2212                                  |
|   \\  /    A nd           | Website:  www.openfoam.com                      |
|    \\/     M anipulation  |                                                 |
\*---------------------------------------------------------------------------*/
FoamFile
{
    version     2.0;
    format      ascii;
    arch        "LSB;label=32;scalar=64";
    class       volScalarField;
    location    "13.9";
    object      p;
}
// * * * * * * * * * * * * * * * * * * * * * * * * * * * * * * * * * * * * * //

dimensions      [0 2 -2 0 0 0 0];

internalField   nonuniform List<scalar> 
400
(
2.19447e-07
-0.0001508
-0.000534885
-0.00107209
-0.00173282
-0.0024943
-0.00318544
-0.00359802
-0.00356579
-0.00293452
-0.00154895
0.000619008
0.00324923
0.00551374
0.00653341
0.00592251
0.00400168
0.00214924
0.00111024
0.00104118
0.000116085
-5.83327e-05
-0.000377279
-0.000764456
-0.00124438
-0.00188851
-0.00270664
-0.00354398
-0.00408048
-0.00393889
-0.00284688
-0.00082528
0.00168899
0.00396056
0.00512434
0.00474271
0.00310259
0.00137434
0.000592744
0.00068379
0.000536201
0.00026473
-7.75627e-05
-0.000559924
-0.00134764
-0.00258105
-0.00421963
-0.00598432
-0.00740315
-0.00794447
-0.00726477
-0.00546253
-0.00289215
-0.000195125
0.00179129
0.00242728
0.00170834
0.000501633
-0.000396559
-0.000393266
0.00115172
0.000741027
0.000191636
-0.000775108
-0.00245152
-0.00493834
-0.00799574
-0.0111212
-0.0137041
-0.0151777
-0.0152075
-0.0138406
-0.0112943
-0.0080297
-0.00475287
-0.00221036
-0.000871045
-0.000706887
-0.0012895
-0.00191882
0.00158312
0.000973509
-2.31247e-05
-0.00192444
-0.00500714
-0.00918069
-0.0139144
-0.0184805
-0.022217
-0.0246537
-0.0255294
-0.0247236
-0.0223641
-0.0187441
-0.0143053
-0.00965637
-0.00559278
-0.00294958
-0.00219393
-0.00401866
0.00129318
0.000444819
-0.00119762
-0.00430479
-0.00900558
-0.0148813
-0.0210736
-0.0267161
-0.0311921
-0.0341795
-0.0355463
-0.0351903
-0.0331976
-0.0297194
-0.0249
-0.0189616
-0.0125059
-0.00694902
-0.00440156
-0.00652487
-4.85034e-05
-0.00114777
-0.00349977
-0.0077973
-0.0139332
-0.0211151
-0.0282371
-0.0344087
-0.0391297
-0.042233
-0.0437208
-0.0436114
-0.0419736
-0.0388795
-0.0343115
-0.0281578
-0.0205396
-0.0127035
-0.00785544
-0.00774862
-0.00245069
-0.00374242
-0.00669894
-0.0119139
-0.0190406
-0.0269827
-0.0345051
-0.0407802
-0.0454519
-0.0484781
-0.0499409
-0.0499321
-0.0485313
-0.0457893
-0.0416631
-0.0359274
-0.0283263
-0.0193717
-0.0118229
-0.00798114
-0.00553789
-0.0069155
-0.0102641
-0.0160225
-0.0236589
-0.0318904
-0.0394523
-0.0456141
-0.0501387
-0.0530588
-0.054488
-0.0545281
-0.0532538
-0.0507268
-0.046963
-0.0418128
-0.0348685
-0.0259483
-0.0167098
-0.00999512
-0.00873403
-0.0100862
-0.0135981
-0.0195427
-0.0272871
-0.035488
-0.0429132
-0.048911
-0.0533108
-0.0561688
-0.0575928
-0.057664
-0.0564455
-0.0540123
-0.0504522
-0.0457613
-0.0396348
-0.0315247
-0.0223218
-0.0143405
-0.0115044
-0.0127582
-0.0162197
-0.0220548
-0.0296078
-0.0375895
-0.0448275
-0.0507004
-0.055044
-0.0578955
-0.0593379
-0.0594294
-0.0582201
-0.05579
-0.0522878
-0.0478532
-0.0424318
-0.0353833
-0.0271986
-0.0191799
-0.0135496
-0.014619
-0.0178563
-0.0233159
-0.0304315
-0.0380635
-0.0451186
-0.0509507
-0.0553301
-0.0582417
-0.0597294
-0.0598318
-0.0585897
-0.0560841
-0.0525165
-0.0481389
-0.0432075
-0.0370569
-0.0300324
-0.0224178
-0.0148376
-0.0155681
-0.0183521
-0.0232106
-0.0296938
-0.0368794
-0.0437654
-0.049641
-0.0541558
-0.057202
-0.0587711
-0.0588782
-0.0575588
-0.0549168
-0.0511779
-0.0466565
-0.041966
-0.0363006
-0.0302265
-0.0228963
-0.015468
-0.0157223
-0.0177775
-0.0217466
-0.02739
-0.034032
-0.0407511
-0.0467412
-0.0514936
-0.0547691
-0.056483
-0.056624
-0.0552024
-0.0523537
-0.0483467
-0.0435823
-0.038731
-0.0331417
-0.0280999
-0.0202796
-0.0155745
-0.0152983
-0.0163382
-0.019088
-0.0236533
-0.0296344
-0.036172
-0.0423363
-0.0474282
-0.0510401
-0.0529809
-0.0531842
-0.0516916
-0.0485919
-0.0442272
-0.0390542
-0.0337821
-0.0280718
-0.0242317
-0.0143852
-0.0152769
-0.0145502
-0.0142609
-0.0154261
-0.018685
-0.0238949
-0.0302317
-0.0366151
-0.0421383
-0.0462017
-0.0484899
-0.0488669
-0.0473536
-0.0440213
-0.0392492
-0.0335191
-0.0276414
-0.0216294
-0.0180536
-0.00383301
-0.0146621
-0.0136183
-0.011707
-0.0110811
-0.0129538
-0.0173804
-0.0235343
-0.0301707
-0.0361936
-0.0408119
-0.0435791
-0.0442621
-0.042851
-0.0393767
-0.0341855
-0.0276899
-0.0206823
-0.0132762
-0.00678573
0.0160529
-0.0145833
-0.0126573
-0.00864855
-0.00623469
-0.00691016
-0.0107459
-0.016818
-0.0237402
-0.0302989
-0.0355396
-0.038904
-0.0400354
-0.0388779
-0.0354483
-0.029896
-0.0222759
-0.0128726
-0.000688097
0.0166951
0.0570639
-0.0117947
-0.0118308
-0.00572618
-0.00177508
-0.00176506
-0.00540482
-0.0115753
-0.0188151
-0.0258758
-0.0316878
-0.0356626
-0.0373622
-0.0366856
-0.0333556
-0.0272243
-0.0175416
-0.0031482
0.0204904
0.0607045
0.129821
-0.0295169
-0.0106298
-0.000608932
0.00308076
0.00244819
-0.00155709
-0.00799957
-0.0155535
-0.0229764
-0.029174
-0.0335322
-0.0355883
-0.0352014
-0.031956
-0.0252278
-0.0128601
0.00942264
0.0511716
0.122878
0.226076
)
;

boundaryField
{
    movingWall
    {
        type            zeroGradient;
    }
    fixedWalls
    {
        type            zeroGradient;
    }
    frontAndBack
    {
        type            empty;
    }
}


// ************************************************************************* //
