/*--------------------------------*- C++ -*----------------------------------*\
| =========                 |                                                 |
| \\      /  F ield         | OpenFOAM: The Open Source CFD Toolbox           |
|  \\    /   O peration     | Version:  2212                                  |
|   \\  /    A nd           | Website:  www.openfoam.com                      |
|    \\/     M anipulation  |                                                 |
\*---------------------------------------------------------------------------*/
FoamFile
{
    version     2.0;
    format      ascii;
    arch        "LSB;label=32;scalar=64";
    class       volScalarField;
    location    "0.6";
    object      T;
}
// * * * * * * * * * * * * * * * * * * * * * * * * * * * * * * * * * * * * * //

dimensions      [0 0 0 1 0 0 0];

internalField   nonuniform List<scalar> 
400
(
1e-08
1e-08
1.00005e-08
1.00044e-08
1.00351e-08
1.02527e-08
1.16366e-08
1.95258e-08
5.97819e-08
2.42955e-07
9.81098e-07
3.58454e-06
1.14624e-05
3.11952e-05
6.95598e-05
0.000120404
0.000150462
0.00012506
6.60129e-05
2.80692e-05
1e-08
1.00003e-08
1.00031e-08
1.00295e-08
1.02467e-08
1.18372e-08
2.2197e-08
8.23376e-08
3.93495e-07
1.82511e-06
7.64902e-06
2.83588e-05
9.14054e-05
0.00024954
0.000553579
0.000941878
0.0011394
0.000899805
0.000437974
0.000167006
1.00002e-08
1.00017e-08
1.00181e-08
1.01765e-08
1.15197e-08
2.15845e-08
8.84611e-08
4.83535e-07
2.56e-06
1.22497e-05
5.21394e-05
0.000195124
0.000631061
0.00171544
0.00375162
0.00623682
0.00735359
0.00567691
0.00266099
0.000948914
1.00007e-08
1.0008e-08
1.00893e-08
1.08908e-08
1.78413e-08
7.10026e-08
4.30927e-07
2.59336e-06
1.41228e-05
6.84859e-05
0.000293223
0.00109465
0.00349418
0.00926259
0.0195093
0.0310685
0.0355689
0.0274881
0.0129284
0.00446656
1.0003e-08
1.0034e-08
1.03874e-08
1.39358e-08
4.52667e-08
2.88957e-07
1.9636e-06
1.21448e-05
6.68072e-05
0.000324401
0.00137698
0.00503005
0.0154554
0.0387706
0.0760486
0.112596
0.124072
0.0986665
0.0492106
0.0171324
1.00116e-08
1.01311e-08
1.15071e-08
2.5489e-08
1.5041e-07
1.1322e-06
7.93076e-06
4.93809e-05
0.000270871
0.00129797
0.00536132
0.0187105
0.0536658
0.122493
0.214261
0.283778
0.298623
0.25213
0.143385
0.0530158
1.00406e-08
1.04568e-08
1.52563e-08
6.4193e-08
5.02788e-07
3.95408e-06
2.7791e-05
0.00017181
0.000926724
0.00430905
0.0169558
0.0549998
0.142081
0.281343
0.415397
0.473828
0.483245
0.447806
0.312876
0.132772
1.01286e-08
1.14243e-08
2.62395e-08
1.76197e-07
1.50961e-06
1.18958e-05
8.25852e-05
0.000500224
0.00261451
0.011588
0.0424449
0.124046
0.276851
0.450661
0.53014
0.519595
0.54906
0.570118
0.508121
0.28137
1.03612e-08
1.3906e-08
5.35655e-08
4.4657e-07
3.86441e-06
2.98381e-05
0.000201493
0.00117805
0.00587234
0.0243655
0.0813017
0.208608
0.390426
0.506384
0.465652
0.423535
0.492109
0.55945
0.625915
0.518245
1.08774e-08
1.92748e-08
1.09639e-07
9.71381e-07
8.18113e-06
6.07758e-05
0.000393116
0.00218794
0.0102767
0.0395398
0.119581
0.270218
0.431134
0.460897
0.35472
0.325374
0.384402
0.461552
0.611853
0.705699
1.16746e-08
2.78706e-08
1.97464e-07
1.74555e-06
1.39602e-05
9.80368e-05
0.000599105
0.0031468
0.0139113
0.0501308
0.141002
0.293929
0.429639
0.422581
0.315725
0.287729
0.307627
0.368329
0.522345
0.672215
1.27225e-08
6.62047e-08
3.68576e-07
2.61259e-06
1.93301e-05
0.000126614
0.00072419
0.0035803
0.0150071
0.0517394
0.140725
0.287025
0.417395
0.425109
0.348824
0.311297
0.287903
0.317939
0.477909
0.639547
-4.47038e-08
-4.35098e-07
-3.02291e-07
3.13763e-06
2.2612e-05
0.000135447
0.000717834
0.00332999
0.0133045
0.0446103
0.120998
0.253015
0.388214
0.433762
0.397965
0.35307
0.286549
0.271894
0.439074
0.645441
6.04652e-07
6.95072e-06
7.72912e-06
4.76058e-06
2.12709e-05
0.000123275
0.000606858
0.0026237
0.0099372
0.0324373
0.0886628
0.194297
0.324257
0.404902
0.411077
0.374247
0.289729
0.241719
0.406133
0.629979
-1.31753e-05
-7.02549e-05
-5.16351e-05
-7.51453e-07
3.31263e-05
0.000116176
0.000468658
0.00183286
0.00650601
0.0204746
0.0557842
0.127061
0.230485
0.320839
0.357374
0.340868
0.265572
0.213217
0.394073
0.643309
0.000105706
0.000529053
0.00028923
1.26553e-05
-5.76121e-05
6.72388e-06
0.00027328
0.00114905
0.00386714
0.0115532
0.0307079
0.0709703
0.137041
0.210359
0.256463
0.25993
0.209204
0.174716
0.37801
0.641722
-0.00189378
-0.00309424
-0.00127467
2.44693e-05
0.000456307
0.000553525
0.000627708
0.00100586
0.0023311
0.00604302
0.0151245
0.0343623
0.0685422
0.113629
0.152169
0.167524
0.14904
0.152301
0.385088
0.65963
0.0200594
0.0125741
0.00518833
7.38576e-05
-0.00230952
-0.00317686
-0.00303782
-0.00220947
-0.000792823
0.00158065
0.00576907
0.0139897
0.0285919
0.0509824
0.0766742
0.0991711
0.114607
0.160322
0.401648
0.672228
-0.155506
-0.0326311
-0.0189275
-0.00333193
0.0109332
0.0256687
0.0395458
0.0531335
0.0643865
0.075723
0.0839961
0.0940818
0.102072
0.114701
0.129766
0.15281
0.187586
0.256888
0.46381
0.704066
0.18357
0.26466
0.318721
0.359065
0.390042
0.417002
0.439147
0.460396
0.477404
0.494973
0.507899
0.522706
0.532268
0.545335
0.553161
0.56813
0.579522
0.610115
0.664894
0.773064
)
;

boundaryField
{
    movingWall
    {
        type            fixedValue;
        value           uniform 1;
    }
    fixedWalls
    {
        type            zeroGradient;
    }
    frontAndBack
    {
        type            empty;
    }
}


// ************************************************************************* //
