/*--------------------------------*- C++ -*----------------------------------*\
| =========                 |                                                 |
| \\      /  F ield         | OpenFOAM: The Open Source CFD Toolbox           |
|  \\    /   O peration     | Version:  2212                                  |
|   \\  /    A nd           | Website:  www.openfoam.com                      |
|    \\/     M anipulation  |                                                 |
\*---------------------------------------------------------------------------*/
FoamFile
{
    version     2.0;
    format      ascii;
    arch        "LSB;label=32;scalar=64";
    class       surfaceScalarField;
    location    "8.5";
    object      phi;
}
// * * * * * * * * * * * * * * * * * * * * * * * * * * * * * * * * * * * * * //

dimensions      [0 3 -1 0 0 0 0];

oriented        oriented;

internalField   nonuniform List<scalar> 
760
(
1.56056e-07
-1.56097e-07
2.93567e-07
-1.37511e-07
3.09915e-07
-1.63482e-08
1.83607e-07
1.26308e-07
-1.20363e-07
3.0397e-07
-6.65936e-07
5.45573e-07
-1.4852e-06
8.19261e-07
-2.49069e-06
1.0055e-06
-3.48011e-06
9.89412e-07
-4.22008e-06
7.39976e-07
-4.54374e-06
3.23661e-07
-4.35351e-06
-1.90228e-07
-3.59375e-06
-7.59762e-07
-2.37912e-06
-1.21464e-06
-9.40255e-07
-1.43886e-06
3.47465e-07
-1.28772e-06
1.0897e-06
-7.42238e-07
1.03295e-06
5.67528e-08
4.60953e-07
5.71998e-07
4.60953e-07
1.25e-07
-2.81097e-07
7.45208e-08
-8.70315e-08
-2.97109e-07
3.55281e-07
-1.07893e-06
9.08134e-07
-2.31585e-06
1.54089e-06
-3.92716e-06
2.15689e-06
-5.66191e-06
2.55401e-06
-7.20653e-06
2.55011e-06
-8.33638e-06
2.11926e-06
-8.94173e-06
1.34533e-06
-8.97571e-06
3.57639e-07
-8.41581e-06
-7.5013e-07
-7.29337e-06
-1.8822e-06
-5.64194e-06
-2.86607e-06
-3.60587e-06
-3.47493e-06
-1.49039e-06
-3.4032e-06
1.78513e-07
-2.41114e-06
8.58833e-07
-6.23567e-07
5.2565e-07
9.05181e-07
9.86603e-07
-1.27638e-07
-1.53459e-07
-6.33968e-07
4.19299e-07
-1.62491e-06
1.34622e-06
-3.14132e-06
2.42454e-06
-5.05718e-06
3.45675e-06
-7.07285e-06
4.17255e-06
-8.87278e-06
4.35394e-06
-1.02769e-05
3.95426e-06
-1.12336e-05
3.07597e-06
-1.17352e-05
1.84686e-06
-1.17293e-05
3.5173e-07
-1.12704e-05
-1.20897e-06
-1.03378e-05
-2.81478e-06
-8.87736e-06
-4.32656e-06
-6.86928e-06
-5.483e-06
-4.4031e-06
-5.86937e-06
-1.87877e-06
-4.93548e-06
-8.64801e-08
-2.41585e-06
2.9466e-07
5.24041e-07
1.28126e-06
-5.00519e-07
3.47059e-07
-1.55993e-06
1.47871e-06
-3.1193e-06
2.9056e-06
-5.08102e-06
4.38625e-06
-7.1847e-06
5.56044e-06
-9.12252e-06
6.11037e-06
-1.06922e-05
5.92365e-06
-1.18513e-05
5.11335e-06
-1.26279e-05
3.85251e-06
-1.30565e-05
2.27546e-06
-1.31215e-05
4.16808e-07
-1.28821e-05
-1.44841e-06
-1.22994e-05
-3.39748e-06
-1.12716e-05
-5.35431e-06
-9.66814e-06
-7.08651e-06
-7.36423e-06
-8.17328e-06
-4.39858e-06
-7.90113e-06
-1.37807e-06
-5.43636e-06
1.20702e-07
-9.74728e-07
1.40197e-06
-8.61888e-07
1.20895e-06
-2.36154e-06
2.97836e-06
-4.23245e-06
4.77651e-06
-6.27961e-06
6.43342e-06
-8.22184e-06
7.50266e-06
-9.83642e-06
7.72495e-06
-1.10467e-05
7.13392e-06
-1.18792e-05
5.94585e-06
-1.23957e-05
4.36903e-06
-1.26689e-05
2.54862e-06
-1.27894e-05
5.37391e-07
-1.27439e-05
-1.49399e-06
-1.25233e-05
-3.61802e-06
-1.20489e-05
-5.82873e-06
-1.11344e-05
-8.00103e-06
-9.49182e-06
-9.81583e-06
-6.8218e-06
-1.05712e-05
-3.22285e-06
-9.03532e-06
-2.61196e-07
-3.93638e-06
1.14077e-06
-1.08699e-06
2.29594e-06
-2.78437e-06
4.67574e-06
-4.67799e-06
6.67013e-06
-6.53588e-06
8.29131e-06
-8.13371e-06
9.10049e-06
-9.34047e-06
8.93171e-06
-1.01522e-05
7.9456e-06
-1.06339e-05
6.42757e-06
-1.08759e-05
4.611e-06
-1.09777e-05
2.65051e-06
-1.10609e-05
6.20567e-07
-1.11115e-05
-1.44338e-06
-1.11458e-05
-3.58376e-06
-1.11348e-05
-5.8397e-06
-1.09253e-05
-8.21055e-06
-1.01903e-05
-1.05509e-05
-8.43543e-06
-1.2326e-05
-5.24467e-06
-1.22261e-05
-1.15862e-06
-8.02243e-06
-1.78496e-08
-1.11108e-06
3.40702e-06
-2.75901e-06
6.32367e-06
-4.45682e-06
8.36794e-06
-5.99271e-06
9.82719e-06
-7.20657e-06
1.03144e-05
-8.03608e-06
9.76122e-06
-8.51902e-06
8.42854e-06
-8.74235e-06
6.65091e-06
-8.80955e-06
4.67819e-06
-8.81734e-06
2.6583e-06
-8.84784e-06
6.51067e-07
-8.91924e-06
-1.37198e-06
-9.05149e-06
-3.4515e-06
-9.25625e-06
-5.63494e-06
-9.47749e-06
-7.98931e-06
-9.48441e-06
-1.05439e-05
-8.7583e-06
-1.30521e-05
-6.54073e-06
-1.44437e-05
-2.42476e-06
-1.21384e-05
-2.44261e-06
-9.36464e-07
4.34349e-06
-2.34863e-06
7.73584e-06
-3.73642e-06
9.75572e-06
-4.91631e-06
1.10071e-05
-5.78737e-06
1.11854e-05
-6.33279e-06
1.03067e-05
-6.60978e-06
8.70552e-06
-6.70932e-06
6.75044e-06
-6.72726e-06
4.69613e-06
-6.73632e-06
2.66736e-06
-6.77187e-06
6.86618e-07
-6.8507e-06
-1.29314e-06
-6.99375e-06
-3.30845e-06
-7.23165e-06
-5.39704e-06
-7.58198e-06
-7.63898e-06
-7.9547e-06
-1.01712e-05
-7.9407e-06
-1.30661e-05
-6.72204e-06
-1.56623e-05
-3.58951e-06
-1.52709e-05
-6.03212e-06
-6.25929e-07
4.96941e-06
-1.68945e-06
8.79936e-06
-2.72355e-06
1.07898e-05
-3.56362e-06
1.18471e-05
-4.15414e-06
1.17759e-05
-4.50531e-06
1.06578e-05
-4.67604e-06
8.87625e-06
-4.74466e-06
6.81907e-06
-4.7833e-06
4.73477e-06
-4.83518e-06
2.71924e-06
-4.91014e-06
7.61574e-07
-5.01434e-06
-1.18894e-06
-5.15755e-06
-3.16524e-06
-5.3683e-06
-5.18629e-06
-5.70174e-06
-7.30553e-06
-6.17205e-06
-9.70092e-06
-6.56243e-06
-1.26757e-05
-6.13249e-06
-1.60922e-05
-3.9268e-06
-1.74766e-05
-9.95891e-06
-2.33198e-07
5.20261e-06
-8.94836e-07
9.461e-06
-1.56729e-06
1.14623e-05
-2.09773e-06
1.23776e-05
-2.45851e-06
1.21367e-05
-2.67393e-06
1.08732e-05
-2.79218e-06
8.9945e-06
-2.86648e-06
6.89336e-06
-2.94127e-06
4.80957e-06
-3.0384e-06
2.81637e-06
-3.16056e-06
8.83737e-07
-3.30725e-06
-1.04225e-06
-3.47849e-06
-2.99401e-06
-3.68634e-06
-4.97844e-06
-3.98115e-06
-7.01071e-06
-4.44538e-06
-9.2367e-06
-5.02761e-06
-1.20935e-05
-5.12707e-06
-1.59928e-05
-3.56056e-06
-1.90431e-05
-1.35195e-05
1.63758e-07
5.03885e-06
-7.04072e-08
9.69516e-06
-4.03824e-07
1.17957e-05
-6.55304e-07
1.26291e-05
-8.10777e-07
1.22922e-05
-9.01382e-07
1.09638e-05
-9.66479e-07
9.0596e-06
-1.03792e-06
6.96481e-06
-1.13226e-06
4.9039e-06
-1.25724e-06
2.94135e-06
-1.41543e-06
1.04194e-06
-1.60898e-06
-8.48704e-07
-1.8363e-06
-2.76668e-06
-2.09503e-06
-4.71971e-06
-2.41235e-06
-6.69339e-06
-2.87966e-06
-8.76938e-06
-3.56249e-06
-1.14107e-05
-4.02701e-06
-1.55283e-05
-3.02678e-06
-2.00434e-05
-1.65463e-05
5.02402e-07
4.53645e-06
7.00624e-07
9.49694e-06
7.44019e-07
1.17523e-05
7.7977e-07
1.25933e-05
8.24739e-07
1.22472e-05
8.53618e-07
1.0935e-05
8.46767e-07
9.06645e-06
7.95999e-07
7.01558e-06
7.02124e-07
4.99778e-06
5.6684e-07
3.07664e-06
3.84922e-07
1.22386e-06
1.50179e-07
-6.1396e-07
-1.38937e-07
-2.47757e-06
-4.89066e-07
-4.36958e-06
-9.03755e-07
-6.2787e-06
-1.42641e-06
-8.24673e-06
-2.20452e-06
-1.06326e-05
-2.95404e-06
-1.47787e-05
-2.46098e-06
-2.05364e-05
-1.90072e-05
7.59634e-07
3.77682e-06
1.35933e-06
8.89724e-06
1.75376e-06
1.13579e-05
2.08477e-06
1.22623e-05
2.35926e-06
1.19727e-05
2.54712e-06
1.07471e-05
2.64025e-06
8.97332e-06
2.64937e-06
7.00646e-06
2.58844e-06
5.05871e-06
2.4638e-06
3.20127e-06
2.26782e-06
1.41984e-06
1.9864e-06
-3.32541e-07
1.62021e-06
-2.11138e-06
1.16436e-06
-3.91373e-06
6.14616e-07
-5.72896e-06
-8.01395e-08
-7.55197e-06
-9.53892e-07
-9.75881e-06
-1.91703e-06
-1.38156e-05
-1.92424e-06
-2.05292e-05
-2.09315e-05
8.75348e-07
2.90147e-06
1.81868e-06
7.95391e-06
2.56362e-06
1.06129e-05
3.20759e-06
1.16183e-05
3.75808e-06
1.14222e-05
4.17189e-06
1.03333e-05
4.43319e-06
8.71201e-06
4.55595e-06
6.8837e-06
4.56296e-06
5.0517e-06
4.4692e-06
3.29503e-06
4.27246e-06
1.61658e-06
3.94008e-06
-1.61802e-10
3.49284e-06
-1.66414e-06
2.90513e-06
-3.32602e-06
2.17822e-06
-5.00204e-06
1.33127e-06
-6.70502e-06
2.73945e-07
-8.70149e-06
-9.53464e-07
-1.25882e-05
-1.42503e-06
-2.00576e-05
-2.23565e-05
8.11229e-07
2.09024e-06
1.96459e-06
6.80055e-06
3.01206e-06
9.56547e-06
3.98996e-06
1.06404e-05
4.87137e-06
1.05408e-05
5.59032e-06
9.61436e-06
6.10769e-06
8.19464e-06
6.42643e-06
6.56497e-06
6.56724e-06
4.91089e-06
6.54795e-06
3.31433e-06
6.36668e-06
1.79785e-06
6.02076e-06
3.45764e-07
5.47709e-06
-1.12048e-06
4.74322e-06
-2.59215e-06
3.81132e-06
-4.07014e-06
2.71043e-06
-5.60414e-06
1.40117e-06
-7.39222e-06
-1.49207e-07
-1.10378e-05
-9.09246e-07
-1.92976e-05
-2.32658e-05
5.813e-07
1.50894e-06
1.76985e-06
5.612e-06
3.11477e-06
8.22054e-06
4.47224e-06
9.28297e-06
5.74475e-06
9.26831e-06
6.8337e-06
8.52541e-06
7.67368e-06
7.35466e-06
8.25198e-06
5.98667e-06
8.58086e-06
4.58201e-06
8.67689e-06
3.21829e-06
8.5467e-06
1.92804e-06
8.18738e-06
7.05087e-07
7.55479e-06
-4.87896e-07
6.6664e-06
-1.70375e-06
5.50957e-06
-2.91331e-06
4.12536e-06
-4.21993e-06
2.58779e-06
-5.85465e-06
9.68569e-07
-9.41859e-06
-1.39153e-07
-1.81899e-05
-2.34049e-05
1.54245e-07
1.3547e-06
1.04835e-06
4.7179e-06
2.53291e-06
6.73598e-06
4.26273e-06
7.55315e-06
5.99246e-06
7.53858e-06
7.53433e-06
6.98354e-06
8.78565e-06
6.10335e-06
9.71658e-06
5.05574e-06
1.03221e-05
3.97645e-06
1.06136e-05
2.92679e-06
1.0597e-05
1.9447e-06
1.02777e-05
1.0244e-06
9.60937e-06
1.8041e-07
8.61464e-06
-7.09016e-07
7.28326e-06
-1.58193e-06
5.66743e-06
-2.60411e-06
3.92835e-06
-4.11557e-06
2.25027e-06
-7.74051e-06
6.56765e-07
-1.65964e-05
-2.27481e-05
-5.1908e-07
1.87378e-06
2.03619e-07
3.9952e-06
1.7675e-06
5.1721e-06
3.84074e-06
5.4799e-06
6.00614e-06
5.37318e-06
7.97666e-06
5.01301e-06
9.6157e-06
4.46431e-06
1.08816e-05
3.7898e-06
1.17569e-05
3.10117e-06
1.22576e-05
2.42607e-06
1.23872e-05
1.81512e-06
1.21654e-05
1.24625e-06
1.16163e-05
7.29474e-07
1.07103e-05
1.96981e-07
9.45213e-06
-3.23756e-07
7.91551e-06
-1.06749e-06
6.28635e-06
-2.48641e-06
4.46644e-06
-5.9206e-06
2.05961e-06
-1.41895e-05
-2.06885e-05
-4.18149e-06
6.05527e-06
-3.64409e-06
3.45779e-06
-1.24392e-06
2.77194e-06
1.56228e-06
2.6737e-06
4.31057e-06
2.6249e-06
6.85388e-06
2.4697e-06
9.07852e-06
2.23966e-06
1.0924e-05
1.94431e-06
1.23717e-05
1.65344e-06
1.34486e-05
1.34918e-06
1.41717e-05
1.09207e-06
1.45856e-05
8.32283e-07
1.46781e-05
6.36993e-07
1.44581e-05
4.17036e-07
1.39215e-05
2.12821e-07
1.30842e-05
-2.30259e-07
1.19343e-05
-1.33643e-06
1.01165e-05
-4.10288e-06
5.63953e-06
-9.71253e-06
-1.5049e-05
6.05527e-06
9.51306e-06
1.2285e-05
1.49587e-05
1.75836e-05
2.00533e-05
2.2293e-05
2.42373e-05
2.58907e-05
2.72399e-05
2.8332e-05
2.91643e-05
2.98012e-05
3.02183e-05
3.04311e-05
3.02008e-05
2.88644e-05
2.47615e-05
1.5049e-05
)
;

boundaryField
{
    movingWall
    {
        type            calculated;
        value           uniform 0;
    }
    fixedWalls
    {
        type            calculated;
        value           uniform 0;
    }
    frontAndBack
    {
        type            empty;
        value           nonuniform List<scalar> 0();
    }
}


// ************************************************************************* //
