/*--------------------------------*- C++ -*----------------------------------*\
| =========                 |                                                 |
| \\      /  F ield         | OpenFOAM: The Open Source CFD Toolbox           |
|  \\    /   O peration     | Version:  2212                                  |
|   \\  /    A nd           | Website:  www.openfoam.com                      |
|    \\/     M anipulation  |                                                 |
\*---------------------------------------------------------------------------*/
FoamFile
{
    version     2.0;
    format      ascii;
    arch        "LSB;label=32;scalar=64";
    class       volScalarField;
    location    "8.5";
    object      T;
}
// * * * * * * * * * * * * * * * * * * * * * * * * * * * * * * * * * * * * * //

dimensions      [0 0 0 1 0 0 0];

internalField   nonuniform List<scalar> 
400
(
0.846546
0.850566
0.85867
0.870543
0.884165
0.896271
0.904595
0.909138
0.911414
0.912898
0.914207
0.915513
0.916865
0.918204
0.919292
0.919731
0.918869
0.915959
0.911329
0.907528
0.851835
0.856676
0.866341
0.880041
0.894254
0.904388
0.909135
0.910788
0.911446
0.911937
0.912736
0.914115
0.916162
0.918741
0.921286
0.922918
0.922296
0.918382
0.912524
0.908245
0.860021
0.866402
0.878227
0.892344
0.903288
0.90797
0.908267
0.906912
0.905075
0.903674
0.903511
0.905144
0.908597
0.913748
0.919623
0.924762
0.926712
0.922989
0.914722
0.909564
0.867997
0.875969
0.888776
0.900296
0.905562
0.904546
0.900313
0.894779
0.889213
0.885089
0.883489
0.885349
0.890446
0.898901
0.909544
0.920649
0.928974
0.93013
0.920747
0.91282
0.87417
0.883113
0.895108
0.902146
0.90127
0.89458
0.885047
0.874413
0.864642
0.857509
0.854278
0.856023
0.86247
0.873883
0.889261
0.906955
0.923779
0.934618
0.931857
0.91904
0.878359
0.887405
0.89722
0.899098
0.892232
0.879871
0.864823
0.849277
0.83574
0.82603
0.821413
0.822716
0.829923
0.843203
0.861951
0.884833
0.909183
0.930395
0.940461
0.928257
0.880893
0.889262
0.896173
0.89303
0.880774
0.863236
0.843327
0.823862
0.807603
0.796256
0.79085
0.79178
0.79919
0.813167
0.833546
0.859566
0.889158
0.918245
0.939995
0.9414
0.882223
0.889508
0.893545
0.886126
0.869339
0.847432
0.823689
0.801466
0.783551
0.771425
0.765738
0.766516
0.773792
0.787595
0.808067
0.835246
0.8681
0.903034
0.93319
0.948505
0.882727
0.888797
0.890342
0.879603
0.859361
0.834216
0.807834
0.783882
0.765059
0.7526
0.746815
0.747531
0.754614
0.767935
0.787612
0.81425
0.848345
0.88764
0.924364
0.945721
0.882685
0.887687
0.887526
0.874771
0.852337
0.825068
0.796981
0.771933
0.752522
0.739768
0.733774
0.734322
0.741211
0.75415
0.772935
0.798146
0.831595
0.873444
0.916468
0.943668
0.882267
0.88645
0.885331
0.871688
0.848241
0.820007
0.79122
0.765713
0.745947
0.732824
0.726404
0.726533
0.733053
0.745604
0.763631
0.787208
0.818729
0.861149
0.909081
0.942344
0.881574
0.885252
0.884026
0.870844
0.847771
0.819759
0.79113
0.765615
0.745593
0.731999
0.724975
0.724441
0.730285
0.742159
0.759314
0.781191
0.810008
0.851453
0.9032
0.941632
0.880606
0.88406
0.883298
0.871548
0.850009
0.823343
0.795835
0.77104
0.751245
0.737447
0.72989
0.728554
0.733396
0.744092
0.75988
0.779835
0.805417
0.844324
0.898526
0.941556
0.879304
0.882812
0.883053
0.873768
0.855109
0.831085
0.805763
0.782467
0.763394
0.749638
0.741597
0.739256
0.742701
0.751608
0.765309
0.782738
0.804729
0.840163
0.895512
0.942006
0.877555
0.881315
0.882532
0.8759
0.860814
0.840455
0.818457
0.797792
0.780457
0.767518
0.759476
0.7563
0.758141
0.764737
0.77556
0.789876
0.808057
0.838886
0.893909
0.942989
0.875449
0.879589
0.882039
0.878406
0.867647
0.851958
0.834305
0.817198
0.80238
0.790834
0.783071
0.77916
0.779138
0.782936
0.790233
0.800676
0.814747
0.840065
0.893827
0.94454
0.873393
0.877427
0.880139
0.878555
0.871693
0.860929
0.848337
0.835783
0.824558
0.815454
0.808811
0.804818
0.803351
0.804548
0.808401
0.814847
0.825242
0.845779
0.896939
0.947173
0.871927
0.876407
0.880018
0.880097
0.87664
0.87044
0.862706
0.854585
0.84691
0.840293
0.834966
0.83118
0.828923
0.828329
0.829779
0.833107
0.840845
0.856754
0.902834
0.950501
0.853576
0.873104
0.873851
0.874036
0.872267
0.869562
0.866294
0.863196
0.860314
0.858201
0.85667
0.856031
0.856179
0.857053
0.859273
0.862074
0.869187
0.881533
0.916687
0.956204
0.89701
0.909596
0.916438
0.920654
0.923037
0.924612
0.92554
0.926448
0.927125
0.928052
0.928868
0.930012
0.931063
0.932448
0.933761
0.935558
0.937789
0.94245
0.951617
0.967917
)
;

boundaryField
{
    movingWall
    {
        type            fixedValue;
        value           uniform 1;
    }
    fixedWalls
    {
        type            zeroGradient;
    }
    frontAndBack
    {
        type            empty;
    }
}


// ************************************************************************* //
