/*--------------------------------*- C++ -*----------------------------------*\
| =========                 |                                                 |
| \\      /  F ield         | OpenFOAM: The Open Source CFD Toolbox           |
|  \\    /   O peration     | Version:  2212                                  |
|   \\  /    A nd           | Website:  www.openfoam.com                      |
|    \\/     M anipulation  |                                                 |
\*---------------------------------------------------------------------------*/
FoamFile
{
    version     2.0;
    format      ascii;
    arch        "LSB;label=32;scalar=64";
    class       surfaceScalarField;
    location    "9.9";
    object      phi;
}
// * * * * * * * * * * * * * * * * * * * * * * * * * * * * * * * * * * * * * //

dimensions      [0 3 -1 0 0 0 0];

oriented        oriented;

internalField   nonuniform List<scalar> 
760
(
1.56077e-07
-1.56122e-07
2.93617e-07
-1.3754e-07
3.09978e-07
-1.63611e-08
1.83669e-07
1.26309e-07
-1.20317e-07
3.03986e-07
-6.65929e-07
5.45612e-07
-1.48526e-06
8.19329e-07
-2.49083e-06
1.00557e-06
-3.4803e-06
9.8947e-07
-4.22029e-06
7.39991e-07
-4.54393e-06
3.23633e-07
-4.35362e-06
-1.90306e-07
-3.59375e-06
-7.59868e-07
-2.37901e-06
-1.21475e-06
-9.40058e-07
-1.43895e-06
3.47702e-07
-1.28776e-06
1.0899e-06
-7.42196e-07
1.03306e-06
5.68407e-08
4.60988e-07
5.72071e-07
4.60989e-07
1.25039e-07
-2.81162e-07
7.45926e-08
-8.70937e-08
-2.97041e-07
3.55273e-07
-1.07891e-06
9.08182e-07
-2.31593e-06
1.541e-06
-3.92737e-06
2.15706e-06
-5.66225e-06
2.55421e-06
-7.20696e-06
2.55028e-06
-8.33685e-06
2.11936e-06
-8.9422e-06
1.34534e-06
-8.97613e-06
3.57565e-07
-8.41614e-06
-7.50292e-07
-7.29359e-06
-1.88242e-06
-5.64202e-06
-2.86632e-06
-3.60583e-06
-3.47514e-06
-1.49026e-06
-3.40333e-06
1.78692e-07
-2.41115e-06
8.58961e-07
-6.23431e-07
5.25697e-07
9.05332e-07
9.86687e-07
-1.27607e-07
-1.53554e-07
-6.3394e-07
4.19239e-07
-1.62494e-06
1.34627e-06
-3.14147e-06
2.42471e-06
-5.0575e-06
3.45703e-06
-7.07332e-06
4.17288e-06
-8.87339e-06
4.35427e-06
-1.02776e-05
3.95452e-06
-1.12344e-05
3.07613e-06
-1.17359e-05
1.84689e-06
-1.173e-05
3.51616e-07
-1.12711e-05
-1.2092e-06
-1.03384e-05
-2.8151e-06
-8.87778e-06
-4.32694e-06
-6.86954e-06
-5.48338e-06
-4.40321e-06
-5.86966e-06
-1.87875e-06
-4.93561e-06
-8.64116e-08
-2.41577e-06
2.94685e-07
5.24234e-07
1.28137e-06
-5.00531e-07
3.46976e-07
-1.56e-06
1.4787e-06
-3.1195e-06
2.90577e-06
-5.08138e-06
4.3866e-06
-7.18525e-06
5.5609e-06
-9.12323e-06
6.11086e-06
-1.06931e-05
5.9241e-06
-1.18523e-05
5.11371e-06
-1.26289e-05
3.85274e-06
-1.30575e-05
2.27553e-06
-1.31226e-05
4.16668e-07
-1.28831e-05
-1.4487e-06
-1.23003e-05
-3.39791e-06
-1.12724e-05
-5.35483e-06
-9.6687e-06
-7.08705e-06
-7.3646e-06
-8.17376e-06
-4.39875e-06
-7.90146e-06
-1.37807e-06
-5.43645e-06
1.2073e-07
-9.74564e-07
1.4021e-06
-8.6195e-07
1.20893e-06
-2.36172e-06
2.97848e-06
-4.23281e-06
4.77686e-06
-6.28017e-06
6.43396e-06
-8.22257e-06
7.5033e-06
-9.8373e-06
7.7256e-06
-1.10477e-05
7.1345e-06
-1.18803e-05
5.94632e-06
-1.23969e-05
4.36934e-06
-1.26701e-05
2.54873e-06
-1.27907e-05
5.37254e-07
-1.27451e-05
-1.49433e-06
-1.25244e-05
-3.61855e-06
-1.20498e-05
-5.82939e-06
-1.11352e-05
-8.00173e-06
-9.49243e-06
-9.81649e-06
-6.82219e-06
-1.05717e-05
-3.22299e-06
-9.03565e-06
-2.61173e-07
-3.93638e-06
1.14093e-06
-1.0871e-06
2.29603e-06
-2.78465e-06
4.67602e-06
-4.67846e-06
6.67067e-06
-6.53654e-06
8.29203e-06
-8.13453e-06
9.1013e-06
-9.34144e-06
8.9325e-06
-1.01533e-05
7.94632e-06
-1.06351e-05
6.42817e-06
-1.08772e-05
4.61142e-06
-1.09792e-05
2.65069e-06
-1.10624e-05
6.20456e-07
-1.11129e-05
-1.44378e-06
-1.11471e-05
-3.58441e-06
-1.11359e-05
-5.84052e-06
-1.09262e-05
-8.21143e-06
-1.0191e-05
-1.05517e-05
-8.43599e-06
-1.23267e-05
-5.245e-06
-1.22266e-05
-1.15866e-06
-8.02272e-06
-1.77349e-08
-1.11122e-06
3.40725e-06
-2.75933e-06
6.32413e-06
-4.45733e-06
8.36866e-06
-5.99338e-06
9.82809e-06
-7.2074e-06
1.03153e-05
-8.03706e-06
9.76216e-06
-8.52014e-06
8.42941e-06
-8.74363e-06
6.65166e-06
-8.81098e-06
4.67876e-06
-8.81888e-06
2.65859e-06
-8.84943e-06
6.51001e-07
-8.92078e-06
-1.37242e-06
-9.0529e-06
-3.45229e-06
-9.25746e-06
-5.63596e-06
-9.47848e-06
-7.99041e-06
-9.48519e-06
-1.0545e-05
-8.75893e-06
-1.3053e-05
-6.54118e-06
-1.44444e-05
-2.42494e-06
-1.2139e-05
-2.44267e-06
-9.36603e-07
4.34385e-06
-2.34894e-06
7.73647e-06
-3.73689e-06
9.7566e-06
-4.91693e-06
1.10081e-05
-5.78813e-06
1.11865e-05
-6.33371e-06
1.03077e-05
-6.61086e-06
8.70656e-06
-6.71057e-06
6.75138e-06
-6.72869e-06
4.69687e-06
-6.73788e-06
2.66779e-06
-6.7735e-06
6.86617e-07
-6.85231e-06
-1.29361e-06
-6.99524e-06
-3.30936e-06
-7.23294e-06
-5.39826e-06
-7.58301e-06
-7.64034e-06
-7.95546e-06
-1.01725e-05
-7.94127e-06
-1.30672e-05
-6.72248e-06
-1.56632e-05
-3.5898e-06
-1.52716e-05
-6.03247e-06
-6.26041e-07
4.96989e-06
-1.6897e-06
8.80013e-06
-2.72394e-06
1.07908e-05
-3.56412e-06
1.18483e-05
-4.15477e-06
1.17772e-05
-4.50608e-06
1.0659e-05
-4.67696e-06
8.87744e-06
-4.74575e-06
6.82017e-06
-4.78456e-06
4.73568e-06
-4.83656e-06
2.7198e-06
-4.91159e-06
7.61646e-07
-5.0158e-06
-1.1894e-06
-5.15893e-06
-3.16622e-06
-5.36952e-06
-5.18768e-06
-5.70273e-06
-7.30713e-06
-6.17275e-06
-9.70249e-06
-6.56291e-06
-1.2677e-05
-6.13286e-06
-1.60932e-05
-3.92705e-06
-1.74775e-05
-9.95952e-06
-2.3326e-07
5.20315e-06
-8.94997e-07
9.46187e-06
-1.56754e-06
1.14634e-05
-2.09807e-06
1.23788e-05
-2.45895e-06
1.2138e-05
-2.67447e-06
1.08746e-05
-2.79284e-06
8.99581e-06
-2.86727e-06
6.89459e-06
-2.94218e-06
4.81059e-06
-3.0394e-06
2.81702e-06
-3.16163e-06
8.83873e-07
-3.30834e-06
-1.04269e-06
-3.47955e-06
-2.99501e-06
-3.68732e-06
-4.97991e-06
-3.98197e-06
-7.01249e-06
-4.44596e-06
-9.2385e-06
-5.02797e-06
-1.2095e-05
-5.12731e-06
-1.59939e-05
-3.56072e-06
-1.9044e-05
-1.35202e-05
1.63762e-07
5.03939e-06
-7.04508e-08
9.69608e-06
-4.03917e-07
1.17968e-05
-6.55445e-07
1.26304e-05
-8.10971e-07
1.22936e-05
-9.01636e-07
1.09652e-05
-9.66796e-07
9.06097e-06
-1.0383e-06
6.9661e-06
-1.13269e-06
4.90498e-06
-1.25772e-06
2.94205e-06
-1.41597e-06
1.04212e-06
-1.60956e-06
-8.49103e-07
-1.8369e-06
-2.76766e-06
-2.09563e-06
-4.72119e-06
-2.41289e-06
-6.69522e-06
-2.88006e-06
-8.77133e-06
-3.56271e-06
-1.14124e-05
-4.02713e-06
-1.55295e-05
-3.02685e-06
-2.00443e-05
-1.65471e-05
5.0247e-07
4.53692e-06
7.00707e-07
9.49785e-06
7.44106e-07
1.17534e-05
7.79857e-07
1.25946e-05
8.24819e-07
1.22486e-05
8.53693e-07
1.09364e-05
8.46844e-07
9.06782e-06
7.96087e-07
7.01686e-06
7.02219e-07
4.99885e-06
5.66931e-07
3.07734e-06
3.84988e-07
1.22406e-06
1.50198e-07
-6.14313e-07
-1.38976e-07
-2.47848e-06
-4.89174e-07
-4.37099e-06
-9.03909e-07
-6.28049e-06
-1.42653e-06
-8.2487e-06
-2.20455e-06
-1.06343e-05
-2.95403e-06
-1.478e-05
-2.46097e-06
-2.05374e-05
-1.90081e-05
7.59764e-07
3.77716e-06
1.35954e-06
8.89807e-06
1.75403e-06
1.1359e-05
2.08509e-06
1.22636e-05
2.35963e-06
1.19741e-05
2.54753e-06
1.07485e-05
2.64072e-06
8.97463e-06
2.64991e-06
7.00767e-06
2.58905e-06
5.05972e-06
2.46445e-06
3.20194e-06
2.26846e-06
1.42006e-06
1.98698e-06
-3.32834e-07
1.6207e-06
-2.1122e-06
1.16473e-06
-3.91502e-06
6.14866e-07
-5.73062e-06
-7.9983e-08
-7.55385e-06
-9.53731e-07
-9.7606e-06
-1.91687e-06
-1.38169e-05
-1.92416e-06
-2.05301e-05
-2.09322e-05
8.75518e-07
2.90164e-06
1.81899e-06
7.95459e-06
2.56404e-06
1.06139e-05
3.20812e-06
1.16195e-05
3.75871e-06
1.14235e-05
4.17261e-06
1.03346e-05
4.43402e-06
8.71322e-06
4.55689e-06
6.8848e-06
4.56401e-06
5.0526e-06
4.47032e-06
3.29563e-06
4.2736e-06
1.61678e-06
3.94115e-06
-3.90714e-10
3.49381e-06
-1.66486e-06
2.90594e-06
-3.32716e-06
2.17885e-06
-5.00352e-06
1.33172e-06
-6.70673e-06
2.74268e-07
-8.70314e-06
-9.53204e-07
-1.25894e-05
-1.42491e-06
-2.00584e-05
-2.23571e-05
8.11399e-07
2.09024e-06
1.96496e-06
6.80103e-06
3.01259e-06
9.56628e-06
3.99064e-06
1.06414e-05
4.8722e-06
1.05419e-05
5.59129e-06
9.61547e-06
6.10881e-06
8.1957e-06
6.42769e-06
6.56591e-06
6.56864e-06
4.91165e-06
6.54944e-06
3.31483e-06
6.3682e-06
1.79802e-06
6.02223e-06
3.4558e-07
5.47845e-06
-1.12108e-06
4.74439e-06
-2.5931e-06
3.81226e-06
-4.07139e-06
2.71112e-06
-5.60559e-06
1.40163e-06
-7.39365e-06
-1.48971e-07
-1.10388e-05
-9.09071e-07
-1.92983e-05
-2.32662e-05
5.81428e-07
1.50881e-06
1.7702e-06
5.61226e-06
3.11534e-06
8.22115e-06
4.473e-06
9.28378e-06
5.74571e-06
9.26921e-06
6.83485e-06
8.52633e-06
7.67501e-06
7.35553e-06
8.25349e-06
5.98744e-06
8.58252e-06
4.58262e-06
8.67866e-06
3.21869e-06
8.5485e-06
1.92818e-06
8.18914e-06
7.04941e-07
7.55643e-06
-4.88364e-07
6.66784e-06
-1.70451e-06
5.51075e-06
-2.91431e-06
4.12623e-06
-4.22107e-06
2.58838e-06
-5.8558e-06
9.68994e-07
-9.4194e-06
-1.3896e-07
-1.81903e-05
-2.34052e-05
1.54318e-07
1.35449e-06
1.04863e-06
4.71794e-06
2.53342e-06
6.73636e-06
4.26348e-06
7.55372e-06
5.99344e-06
7.53925e-06
7.53554e-06
6.98423e-06
8.78707e-06
6.104e-06
9.7182e-06
5.05631e-06
1.03239e-05
3.9769e-06
1.06155e-05
2.92707e-06
1.05989e-05
1.94478e-06
1.02796e-05
1.02427e-06
9.61116e-06
1.80093e-07
8.61623e-06
-7.09583e-07
7.28457e-06
-1.58264e-06
5.6684e-06
-2.6049e-06
3.92897e-06
-4.11637e-06
2.25063e-06
-7.74106e-06
6.56901e-07
-1.65966e-05
-2.27483e-05
-5.19139e-07
1.87363e-06
2.03708e-07
3.9951e-06
1.76783e-06
5.17224e-06
3.84136e-06
5.48019e-06
6.00705e-06
5.37356e-06
7.97785e-06
5.01342e-06
9.61714e-06
4.46471e-06
1.08833e-05
3.79015e-06
1.17588e-05
3.10143e-06
1.22596e-05
2.42623e-06
1.23892e-05
1.81516e-06
1.21673e-05
1.24618e-06
1.16182e-05
7.29264e-07
1.07119e-05
1.96634e-07
9.45344e-06
-3.24146e-07
7.91647e-06
-1.06793e-06
6.28694e-06
-2.48684e-06
4.46675e-06
-5.92087e-06
2.05973e-06
-1.41896e-05
-2.06885e-05
-4.18156e-06
6.0552e-06
-3.64415e-06
3.45768e-06
-1.24383e-06
2.77192e-06
1.5626e-06
2.67376e-06
4.31114e-06
2.62502e-06
6.85472e-06
2.46985e-06
9.07961e-06
2.23982e-06
1.09253e-05
1.94446e-06
1.23732e-05
1.65355e-06
1.34502e-05
1.34925e-06
1.41732e-05
1.09209e-06
1.45871e-05
8.32253e-07
1.46795e-05
6.36908e-07
1.44592e-05
4.16918e-07
1.39224e-05
2.1268e-07
1.30849e-05
-2.3045e-07
1.19346e-05
-1.33657e-06
1.01167e-05
-4.10291e-06
5.63958e-06
-9.71248e-06
-1.5049e-05
6.0552e-06
9.51288e-06
1.22848e-05
1.49586e-05
1.75836e-05
2.00534e-05
2.22932e-05
2.42377e-05
2.58913e-05
2.72405e-05
2.83326e-05
2.91649e-05
2.98018e-05
3.02187e-05
3.04314e-05
3.02009e-05
2.88643e-05
2.47614e-05
1.5049e-05
)
;

boundaryField
{
    movingWall
    {
        type            calculated;
        value           uniform 0;
    }
    fixedWalls
    {
        type            calculated;
        value           uniform 0;
    }
    frontAndBack
    {
        type            empty;
        value           nonuniform List<scalar> 0();
    }
}


// ************************************************************************* //
