/*--------------------------------*- C++ -*----------------------------------*\
| =========                 |                                                 |
| \\      /  F ield         | OpenFOAM: The Open Source CFD Toolbox           |
|  \\    /   O peration     | Version:  2212                                  |
|   \\  /    A nd           | Website:  www.openfoam.com                      |
|    \\/     M anipulation  |                                                 |
\*---------------------------------------------------------------------------*/
FoamFile
{
    version     2.0;
    format      ascii;
    arch        "LSB;label=32;scalar=64";
    class       volScalarField;
    location    "9.9";
    object      T;
}
// * * * * * * * * * * * * * * * * * * * * * * * * * * * * * * * * * * * * * //

dimensions      [0 0 0 1 0 0 0];

internalField   nonuniform List<scalar> 
400
(
0.889507
0.892163
0.897541
0.905455
0.914592
0.922796
0.928531
0.93174
0.933396
0.934495
0.93548
0.936483
0.937542
0.938613
0.939522
0.939975
0.939492
0.937545
0.934393
0.931806
0.892965
0.896191
0.902643
0.911825
0.921423
0.928354
0.931652
0.932793
0.933214
0.933531
0.934106
0.935153
0.936738
0.938767
0.940812
0.942218
0.941981
0.939334
0.93528
0.932336
0.898344
0.90263
0.910575
0.92009
0.927504
0.930652
0.930707
0.929538
0.928029
0.926884
0.926719
0.927962
0.930629
0.934631
0.93923
0.94333
0.945098
0.942689
0.93691
0.933314
0.903596
0.908975
0.9176
0.925335
0.928763
0.927748
0.924347
0.919972
0.915617
0.912396
0.911145
0.912574
0.916509
0.923038
0.931263
0.939878
0.946452
0.947735
0.941248
0.935668
0.907651
0.913678
0.921699
0.926247
0.925202
0.9199
0.912434
0.904164
0.89659
0.891066
0.888571
0.88993
0.894923
0.903745
0.915606
0.929232
0.942201
0.950701
0.949151
0.940103
0.91037
0.916422
0.922834
0.923622
0.918102
0.908455
0.896752
0.884704
0.87421
0.866684
0.863113
0.864144
0.869757
0.880068
0.894581
0.912235
0.930958
0.947244
0.955159
0.946637
0.911961
0.917479
0.921732
0.918797
0.909188
0.895549
0.880091
0.864988
0.852348
0.843524
0.839325
0.840072
0.845869
0.85677
0.872611
0.892765
0.915592
0.937922
0.954571
0.95598
0.912737
0.917438
0.919544
0.913397
0.900316
0.883291
0.864847
0.847567
0.833601
0.824142
0.819713
0.820349
0.826067
0.836872
0.85284
0.873957
0.899372
0.926267
0.949352
0.961013
0.912955
0.916759
0.916996
0.908326
0.892577
0.873034
0.852521
0.83386
0.819155
0.809413
0.804898
0.80549
0.811076
0.821537
0.836934
0.857692
0.884131
0.914442
0.94262
0.958909
0.912813
0.915852
0.914812
0.904591
0.887138
0.865936
0.844078
0.824536
0.80935
0.799362
0.794679
0.795142
0.800586
0.810767
0.825497
0.84519
0.871188
0.903525
0.936562
0.957335
0.912428
0.914904
0.913152
0.902224
0.88397
0.862013
0.839599
0.819687
0.804215
0.793933
0.788913
0.789049
0.794209
0.804094
0.818247
0.836694
0.861241
0.894071
0.930916
0.956325
0.911867
0.914033
0.91223
0.901622
0.883633
0.861843
0.839549
0.819632
0.803965
0.793316
0.787823
0.787437
0.792065
0.801419
0.814891
0.832023
0.854498
0.886611
0.926407
0.955778
0.911125
0.9132
0.911787
0.902236
0.885401
0.864653
0.843239
0.823898
0.808424
0.797626
0.79172
0.790703
0.794539
0.802963
0.815358
0.830988
0.850961
0.881141
0.922839
0.95572
0.910153
0.912355
0.911768
0.904078
0.889423
0.870712
0.851005
0.832851
0.817965
0.807218
0.800941
0.799134
0.801867
0.808877
0.819626
0.833275
0.850453
0.877959
0.920537
0.956063
0.908861
0.911326
0.911549
0.905872
0.89393
0.878039
0.860919
0.844834
0.831327
0.82124
0.814975
0.812516
0.813984
0.819172
0.827658
0.838865
0.85307
0.877015
0.919328
0.956814
0.907317
0.910137
0.911396
0.90803
0.899377
0.887063
0.8733
0.859986
0.848456
0.839471
0.833436
0.830408
0.830416
0.833409
0.839131
0.847307
0.858297
0.877967
0.919281
0.957996
0.905796
0.908555
0.910094
0.90835
0.902694
0.894162
0.8843
0.874511
0.865776
0.858698
0.85354
0.85045
0.84933
0.850291
0.853319
0.858371
0.866478
0.882419
0.921686
0.960005
0.904718
0.90789
0.910198
0.909798
0.906785
0.901764
0.895637
0.889264
0.883269
0.878117
0.873979
0.871048
0.869307
0.868864
0.870005
0.872608
0.878606
0.890908
0.926211
0.962541
0.890756
0.905109
0.905406
0.905265
0.903682
0.901427
0.898778
0.896289
0.893989
0.892298
0.891066
0.890531
0.890608
0.891251
0.89293
0.895063
0.900501
0.909955
0.936812
0.966886
0.923208
0.932548
0.937592
0.940664
0.942359
0.943455
0.944072
0.944685
0.945132
0.945777
0.946346
0.94717
0.94793
0.948946
0.949917
0.951253
0.952933
0.956458
0.963437
0.975791
)
;

boundaryField
{
    movingWall
    {
        type            fixedValue;
        value           uniform 1;
    }
    fixedWalls
    {
        type            zeroGradient;
    }
    frontAndBack
    {
        type            empty;
    }
}


// ************************************************************************* //
