/*--------------------------------*- C++ -*----------------------------------*\
| =========                 |                                                 |
| \\      /  F ield         | OpenFOAM: The Open Source CFD Toolbox           |
|  \\    /   O peration     | Version:  2212                                  |
|   \\  /    A nd           | Website:  www.openfoam.com                      |
|    \\/     M anipulation  |                                                 |
\*---------------------------------------------------------------------------*/
FoamFile
{
    version     2.0;
    format      ascii;
    arch        "LSB;label=32;scalar=64";
    class       volVectorField;
    location    "9.9";
    object      U;
}
// * * * * * * * * * * * * * * * * * * * * * * * * * * * * * * * * * * * * * //

dimensions      [0 1 -1 0 0 0 0];

internalField   nonuniform List<vector> 
400
(
(0.00168174 -0.00168374 0)
(0.00483854 -0.0018922 0)
(0.00659093 -0.0012007 0)
(0.00567458 -0.000575114 0)
(0.00157199 0.000183994 0)
(-0.00682931 0.00173938 0)
(-0.0206083 0.00478633 0)
(-0.0395412 0.00873602 0)
(-0.0608113 0.0112926 0)
(-0.0791379 0.0105125 0)
(-0.0898132 0.00677452 0)
(-0.0904638 0.00166899 0)
(-0.0802266 -0.00361648 0)
(-0.0599944 -0.00827496 0)
(-0.0335214 -0.0108472 0)
(-0.00529307 -0.0097953 0)
(0.0167235 -0.00477311 0)
(0.0244705 0.00277684 0)
(0.0161787 0.00647225 0)
(0.00431653 0.00471714 0)
(0.00172043 -0.00506508 0)
(0.0031625 -0.00403233 0)
(-0.00041731 0.000587825 0)
(-0.0113301 0.00644171 0)
(-0.0314262 0.0140501 0)
(-0.0611502 0.023774 0)
(-0.0968472 0.0330619 0)
(-0.131461 0.0370929 0)
(-0.158974 0.0335177 0)
(-0.176106 0.0234015 0)
(-0.181453 0.00910933 0)
(-0.175081 -0.00699013 0)
(-0.157563 -0.0231745 0)
(-0.129652 -0.0369145 0)
(-0.0936154 -0.0445662 0)
(-0.0521948 -0.0418392 0)
(-0.0114003 -0.0263345 0)
(0.0168896 -0.00127913 0)
(0.0178722 0.0162239 0)
(0.00554221 0.01482 0)
(-0.000239643 -0.00578028 0)
(-0.00538131 0.000801898 0)
(-0.0196097 0.0142995 0)
(-0.0445047 0.0312364 0)
(-0.0803424 0.0494464 0)
(-0.122207 0.0643217 0)
(-0.162353 0.0705478 0)
(-0.195276 0.0660298 0)
(-0.21887 0.0521917 0)
(-0.232538 0.0315342 0)
(-0.236294 0.00641628 0)
(-0.230808 -0.0211139 0)
(-0.216394 -0.0488741 0)
(-0.192548 -0.0732284 0)
(-0.159009 -0.0890284 0)
(-0.115744 -0.0892312 0)
(-0.064564 -0.0670299 0)
(-0.0138214 -0.0226648 0)
(0.00948147 0.0179186 0)
(0.00415545 0.0235803 0)
(-0.00347203 0.00045343 0)
(-0.0175153 0.0172408 0)
(-0.0435175 0.0415019 0)
(-0.0796849 0.0681968 0)
(-0.122963 0.0911637 0)
(-0.165859 0.103852 0)
(-0.201931 0.102906 0)
(-0.229256 0.0896738 0)
(-0.248096 0.0673275 0)
(-0.259051 0.0385802 0)
(-0.262959 0.00531717 0)
(-0.260626 -0.0311182 0)
(-0.251992 -0.0684571 0)
(-0.236013 -0.103746 0)
(-0.2107 -0.131494 0)
(-0.173352 -0.142894 0)
(-0.121406 -0.125768 0)
(-0.0568456 -0.070854 0)
(-0.000987006 0.0035664 0)
(0.0047423 0.0282409 0)
(-0.006663 0.0147833 0)
(-0.0287312 0.0441127 0)
(-0.0632932 0.0770985 0)
(-0.104468 0.108926 0)
(-0.14729 0.131216 0)
(-0.184592 0.138204 0)
(-0.212932 0.12951 0)
(-0.232717 0.108752 0)
(-0.245235 0.0798004 0)
(-0.252212 0.0454487 0)
(-0.255331 0.00724017 0)
(-0.255513 -0.0339992 0)
(-0.252533 -0.0770861 0)
(-0.245851 -0.120691 0)
(-0.232654 -0.160828 0)
(-0.20833 -0.189039 0)
(-0.166827 -0.189988 0)
(-0.103453 -0.142884 0)
(-0.0221828 -0.0388541 0)
(0.00738206 0.0271017 0)
(-0.00851142 0.0348752 0)
(-0.0351799 0.0766437 0)
(-0.0730985 0.114962 0)
(-0.113274 0.147714 0)
(-0.15054 0.166048 0)
(-0.179405 0.165984 0)
(-0.198933 0.149773 0)
(-0.21068 0.122512 0)
(-0.21663 0.0885498 0)
(-0.219262 0.0508723 0)
(-0.220532 0.0109553 0)
(-0.221432 -0.0307592 0)
(-0.222164 -0.0747239 0)
(-0.222837 -0.121296 0)
(-0.221263 -0.169243 0)
(-0.21236 -0.213076 0)
(-0.188039 -0.238604 0)
(-0.139697 -0.218553 0)
(-0.0628528 -0.118948 0)
(0.00584932 0.0142037 0)
(-0.00829375 0.0570096 0)
(-0.0353458 0.11002 0)
(-0.0718448 0.15051 0)
(-0.107089 0.181205 0)
(-0.136728 0.1939 0)
(-0.157137 0.186504 0)
(-0.169049 0.16334 0)
(-0.174589 0.130554 0)
(-0.176164 0.0929069 0)
(-0.176263 0.0534121 0)
(-0.176377 0.0133145 0)
(-0.177177 -0.027312 0)
(-0.179209 -0.0695808 0)
(-0.183017 -0.114734 0)
(-0.187965 -0.163868 0)
(-0.190434 -0.215838 0)
(-0.182545 -0.261689 0)
(-0.154294 -0.275207 0)
(-0.0994106 -0.205928 0)
(-0.00890849 -0.0146253 0)
(-0.00613664 0.0776081 0)
(-0.0297974 0.140575 0)
(-0.061437 0.18125 0)
(-0.0899118 0.208369 0)
(-0.111925 0.21496 0)
(-0.125464 0.200633 0)
(-0.132156 0.171399 0)
(-0.134309 0.134235 0)
(-0.134373 0.0941186 0)
(-0.134274 0.0537531 0)
(-0.134681 0.0138635 0)
(-0.135774 -0.0258905 0)
(-0.138006 -0.0664879 0)
(-0.142069 -0.109107 0)
(-0.148581 -0.155696 0)
(-0.156245 -0.208612 0)
(-0.159099 -0.265937 0)
(-0.146769 -0.308172 0)
(-0.112269 -0.277242 0)
(-0.0309694 -0.0753449 0)
(-0.00273078 0.0936302 0)
(-0.0204233 0.165671 0)
(-0.0451629 0.205646 0)
(-0.0663622 0.228641 0)
(-0.081634 0.229604 0)
(-0.090127 0.209617 0)
(-0.093761 0.175864 0)
(-0.0946746 0.135825 0)
(-0.0949533 0.0944777 0)
(-0.0957497 0.0540343 0)
(-0.0971 0.0145942 0)
(-0.09891 -0.0245868 0)
(-0.101346 -0.0642387 0)
(-0.104913 -0.105011 0)
(-0.110758 -0.148494 0)
(-0.119618 -0.198615 0)
(-0.12837 -0.259843 0)
(-0.126541 -0.323505 0)
(-0.107493 -0.334809 0)
(-0.0373545 -0.163462 0)
(0.00121935 0.102779 0)
(-0.00894601 0.183515 0)
(-0.0256519 0.223204 0)
(-0.0396539 0.242828 0)
(-0.0491356 0.239594 0)
(-0.0540101 0.21562 0)
(-0.055981 0.178863 0)
(-0.0566949 0.137165 0)
(-0.0576566 0.0954092 0)
(-0.0593992 0.055274 0)
(-0.0616924 0.0163104 0)
(-0.0643929 -0.0224933 0)
(-0.0674916 -0.0617431 0)
(-0.0711668 -0.101638 0)
(-0.0763504 -0.142846 0)
(-0.0846124 -0.18899 0)
(-0.0960794 -0.248411 0)
(-0.100662 -0.324373 0)
(-0.0951817 -0.372277 0)
(-0.0309261 -0.242617 0)
(0.00511906 0.103945 0)
(0.00295746 0.193118 0)
(-0.00539149 0.233701 0)
(-0.0125097 0.250863 0)
(-0.0169016 0.244778 0)
(-0.0187893 0.218561 0)
(-0.0194782 0.180499 0)
(-0.020007 0.138422 0)
(-0.0213056 0.0969641 0)
(-0.0235417 0.0574246 0)
(-0.0264307 0.0190823 0)
(-0.0299142 -0.0191682 0)
(-0.0340087 -0.0579814 0)
(-0.0386524 -0.0974085 0)
(-0.044391 -0.137366 0)
(-0.052451 -0.180238 0)
(-0.0657677 -0.235712 0)
(-0.0742261 -0.318152 0)
(-0.081203 -0.396783 0)
(-0.0229434 -0.307178 0)
(0.00845882 0.097471 0)
(0.0142227 0.194111 0)
(0.0141057 0.237224 0)
(0.0137112 0.253644 0)
(0.0143342 0.246565 0)
(0.0155313 0.219857 0)
(0.0163911 0.181808 0)
(0.016445 0.140092 0)
(0.0153072 0.0991518 0)
(0.0130302 0.0602246 0)
(0.0098624 0.0226264 0)
(0.00575411 -0.0147523 0)
(0.000562271 -0.0526963 0)
(-0.0055635 -0.0913017 0)
(-0.0130315 -0.130197 0)
(-0.0219787 -0.170379 0)
(-0.0377194 -0.220757 0)
(-0.04873 -0.304513 0)
(-0.0679047 -0.408526 0)
(-0.0144592 -0.36006 0)
(0.0103306 0.0844906 0)
(0.0234221 0.186515 0)
(0.0310868 0.233347 0)
(0.0370174 0.250189 0)
(0.0426801 0.24335 0)
(0.0476358 0.217565 0)
(0.0510738 0.180802 0)
(0.0527503 0.140395 0)
(0.0526194 0.100633 0)
(0.0508906 0.0628223 0)
(0.0477811 0.0264569 0)
(0.043173 -0.00952039 0)
(0.0368991 -0.0460008 0)
(0.0290832 -0.0831391 0)
(0.0189273 -0.120567 0)
(0.0076008 -0.158511 0)
(-0.0118148 -0.204469 0)
(-0.0242372 -0.286515 0)
(-0.0558431 -0.411032 0)
(-0.00613726 -0.401907 0)
(0.00987932 0.0672377 0)
(0.029034 0.170704 0)
(0.0443621 0.222255 0)
(0.0569066 0.241354 0)
(0.0682023 0.236428 0)
(0.0778914 0.213065 0)
(0.0851146 0.178772 0)
(0.0895712 0.14043 0)
(0.0913375 0.102268 0)
(0.0907134 0.0658305 0)
(0.0880285 0.0309794 0)
(0.0829793 -0.00330195 0)
(0.0754642 -0.0375473 0)
(0.0657711 -0.0723318 0)
(0.0525177 -0.10746 0)
(0.0375825 -0.14281 0)
(0.0131383 -0.184297 0)
(8.49503e-05 -0.263276 0)
(-0.0447952 -0.406732 0)
(0.00276633 -0.436283 0)
(0.00693068 0.0493979 0)
(0.0293691 0.148978 0)
(0.0511212 0.203663 0)
(0.0700031 0.224585 0)
(0.0874824 0.221729 0)
(0.10318 0.20157 0)
(0.115853 0.170975 0)
(0.124821 0.136083 0)
(0.129995 0.100884 0)
(0.131617 0.0670537 0)
(0.129954 0.0348435 0)
(0.12503 0.00342904 0)
(0.116399 -0.0274701 0)
(0.104665 -0.0587116 0)
(0.0875683 -0.0903377 0)
(0.0683754 -0.122958 0)
(0.0383071 -0.160878 0)
(0.0238661 -0.237176 0)
(-0.0344367 -0.398977 0)
(0.0134761 -0.46444 0)
(0.00238741 0.0346261 0)
(0.0236448 0.123907 0)
(0.0509668 0.179966 0)
(0.0767037 0.202968 0)
(0.101374 0.202659 0)
(0.124262 0.186258 0)
(0.14372 0.1602 0)
(0.158532 0.129768 0)
(0.16828 0.0985733 0)
(0.173173 0.0683052 0)
(0.173149 0.0395607 0)
(0.168921 0.0119343 0)
(0.159083 -0.014916 0)
(0.145348 -0.0417238 0)
(0.124041 -0.068769 0)
(0.100496 -0.0975727 0)
(0.0646357 -0.132728 0)
(0.0470139 -0.20747 0)
(-0.0227009 -0.387092 0)
(0.0285346 -0.485564 0)
(-0.00342633 0.0286122 0)
(0.0100746 0.101504 0)
(0.0371188 0.148707 0)
(0.0689893 0.169477 0)
(0.101889 0.170699 0)
(0.133615 0.158408 0)
(0.161618 0.137972 0)
(0.184168 0.113567 0)
(0.200221 0.0882776 0)
(0.210149 0.0636334 0)
(0.213075 0.0403799 0)
(0.210821 0.0183999 0)
(0.200555 -0.00268155 0)
(0.185921 -0.023321 0)
(0.161101 -0.0439891 0)
(0.134478 -0.0677523 0)
(0.0929399 -0.101704 0)
(0.0698821 -0.180022 0)
(-0.00436429 -0.370057 0)
(0.0521629 -0.491644 0)
(-0.0140125 0.0185161 0)
(-0.0075161 0.0881758 0)
(0.0192229 0.124198 0)
(0.0564614 0.137327 0)
(0.0976215 0.136921 0)
(0.13801 0.127739 0)
(0.17427 0.113081 0)
(0.20412 0.0953014 0)
(0.22602 0.0768269 0)
(0.241117 0.058676 0)
(0.247153 0.0418012 0)
(0.248069 0.0261051 0)
(0.238728 0.0117394 0)
(0.226909 -0.00205335 0)
(0.201906 -0.0160948 0)
(0.177916 -0.0350317 0)
(0.133563 -0.06781 0)
(0.107844 -0.146005 0)
(0.0374744 -0.326119 0)
(0.0923683 -0.455871 0)
(-0.10602 0.0824171 0)
(-0.0777604 0.0689902 0)
(-0.0485678 0.0733709 0)
(0.00378333 0.0778921 0)
(0.0573023 0.0782269 0)
(0.110039 0.073963 0)
(0.157212 0.0666276 0)
(0.199578 0.0572225 0)
(0.231693 0.0475457 0)
(0.259847 0.0378882 0)
(0.275576 0.0292199 0)
(0.290731 0.0212327 0)
(0.291082 0.0144743 0)
(0.295191 0.00809032 0)
(0.278886 0.00112166 0)
(0.271667 -0.0100158 0)
(0.232353 -0.0355704 0)
(0.218145 -0.0954201 0)
(0.150208 -0.229723 0)
(0.170672 -0.341455 0)
(0.129969 0.103744 0)
(0.158319 0.0752274 0)
(0.212164 0.0532271 0)
(0.270672 0.0416224 0)
(0.323249 0.0359129 0)
(0.375692 0.0319486 0)
(0.420289 0.0289165 0)
(0.46561 0.025581 0)
(0.498707 0.0229029 0)
(0.533958 0.0197105 0)
(0.553397 0.0175475 0)
(0.579207 0.0146095 0)
(0.585344 0.0131646 0)
(0.603683 0.0103455 0)
(0.595102 0.00938312 0)
(0.603602 0.00499945 0)
(0.567792 8.8948e-05 0)
(0.547613 -0.0183161 0)
(0.43569 -0.0504144 0)
(0.336753 -0.101386 0)
)
;

boundaryField
{
    movingWall
    {
        type            fixedValue;
        value           uniform (1 0 0);
    }
    fixedWalls
    {
        type            noSlip;
    }
    frontAndBack
    {
        type            empty;
    }
}


// ************************************************************************* //
