/*--------------------------------*- C++ -*----------------------------------*\
| =========                 |                                                 |
| \\      /  F ield         | OpenFOAM: The Open Source CFD Toolbox           |
|  \\    /   O peration     | Version:  2212                                  |
|   \\  /    A nd           | Website:  www.openfoam.com                      |
|    \\/     M anipulation  |                                                 |
\*---------------------------------------------------------------------------*/
FoamFile
{
    version     2.0;
    format      ascii;
    arch        "LSB;label=32;scalar=64";
    class       surfaceScalarField;
    location    "12.5";
    object      phi;
}
// * * * * * * * * * * * * * * * * * * * * * * * * * * * * * * * * * * * * * //

dimensions      [0 3 -1 0 0 0 0];

oriented        oriented;

internalField   nonuniform List<scalar> 
760
(
1.56091e-07
-1.56123e-07
2.93636e-07
-1.37546e-07
3.1e-07
-1.63638e-08
1.8369e-07
1.2631e-07
-1.203e-07
3.03991e-07
-6.65925e-07
5.45625e-07
-1.48528e-06
8.19352e-07
-2.49088e-06
1.0056e-06
-3.48037e-06
9.89491e-07
-4.22037e-06
7.39997e-07
-4.54399e-06
3.23624e-07
-4.35366e-06
-1.90333e-07
-3.59375e-06
-7.59905e-07
-2.37897e-06
-1.21478e-06
-9.39988e-07
-1.43898e-06
3.47785e-07
-1.28777e-06
1.08997e-06
-7.42181e-07
1.0331e-06
5.68707e-08
4.61001e-07
5.72095e-07
4.61001e-07
1.25055e-07
-2.81178e-07
7.46197e-08
-8.71101e-08
-2.97016e-07
3.55272e-07
-1.0789e-06
9.08199e-07
-2.31595e-06
1.54104e-06
-3.92744e-06
2.15712e-06
-5.66236e-06
2.55427e-06
-7.2071e-06
2.55034e-06
-8.33701e-06
2.1194e-06
-8.94236e-06
1.34534e-06
-8.97627e-06
3.5754e-07
-8.41626e-06
-7.50348e-07
-7.29366e-06
-1.8825e-06
-5.64205e-06
-2.8664e-06
-3.60581e-06
-3.47522e-06
-1.49021e-06
-3.40337e-06
1.78754e-07
-2.41115e-06
8.59006e-07
-6.23381e-07
5.25716e-07
9.05386e-07
9.86716e-07
-1.27595e-07
-1.53583e-07
-6.33927e-07
4.19222e-07
-1.62494e-06
1.34629e-06
-3.14151e-06
2.42477e-06
-5.0576e-06
3.45712e-06
-7.07348e-06
4.173e-06
-8.87359e-06
4.35438e-06
-1.02779e-05
3.95461e-06
-1.12347e-05
3.07619e-06
-1.17362e-05
1.8469e-06
-1.17302e-05
3.51578e-07
-1.12713e-05
-1.20927e-06
-1.03386e-05
-2.81522e-06
-8.87793e-06
-4.32707e-06
-6.86964e-06
-5.48351e-06
-4.40324e-06
-5.86976e-06
-1.87874e-06
-4.93565e-06
-8.63885e-08
-2.41573e-06
2.94695e-07
5.24303e-07
1.28141e-06
-5.00533e-07
3.4695e-07
-1.56002e-06
1.47871e-06
-3.11956e-06
2.90583e-06
-5.08151e-06
4.38672e-06
-7.18544e-06
5.56106e-06
-9.12348e-06
6.11104e-06
-1.06934e-05
5.92426e-06
-1.18526e-05
5.11384e-06
-1.26292e-05
3.85282e-06
-1.30579e-05
2.27555e-06
-1.31229e-05
4.16621e-07
-1.28834e-05
-1.44879e-06
-1.23006e-05
-3.39806e-06
-1.12726e-05
-5.35501e-06
-9.66889e-06
-7.08724e-06
-7.36473e-06
-8.17393e-06
-4.39881e-06
-7.90157e-06
-1.37807e-06
-5.43648e-06
1.20739e-07
-9.74505e-07
1.40215e-06
-8.6197e-07
1.20892e-06
-2.36178e-06
2.97852e-06
-4.23293e-06
4.77698e-06
-6.28035e-06
6.43414e-06
-8.22282e-06
7.50353e-06
-9.83761e-06
7.72583e-06
-1.10481e-05
7.13471e-06
-1.18807e-05
5.94649e-06
-1.23973e-05
4.36945e-06
-1.26705e-05
2.54876e-06
-1.27911e-05
5.37208e-07
-1.27455e-05
-1.49445e-06
-1.25248e-05
-3.61874e-06
-1.20502e-05
-5.82963e-06
-1.11354e-05
-8.00198e-06
-9.49264e-06
-9.81672e-06
-6.82233e-06
-1.05719e-05
-3.22304e-06
-9.03576e-06
-2.61165e-07
-3.93638e-06
1.14099e-06
-1.08714e-06
2.29606e-06
-2.78474e-06
4.67612e-06
-4.67862e-06
6.67085e-06
-6.53676e-06
8.29229e-06
-8.13482e-06
9.10158e-06
-9.34178e-06
8.93278e-06
-1.01536e-05
7.94658e-06
-1.06355e-05
6.42838e-06
-1.08777e-05
4.61157e-06
-1.09796e-05
2.65075e-06
-1.10629e-05
6.2042e-07
-1.11134e-05
-1.44392e-06
-1.11475e-05
-3.58464e-06
-1.11363e-05
-5.84081e-06
-1.09266e-05
-8.21174e-06
-1.01913e-05
-1.0552e-05
-8.43619e-06
-1.2327e-05
-5.24512e-06
-1.22268e-05
-1.15868e-06
-8.02282e-06
-1.76943e-08
-1.11127e-06
3.40733e-06
-2.75944e-06
6.32429e-06
-4.4575e-06
8.36891e-06
-5.99362e-06
9.8284e-06
-7.20769e-06
1.03157e-05
-8.0374e-06
9.7625e-06
-8.52054e-06
8.42972e-06
-8.74409e-06
6.65193e-06
-8.81148e-06
4.67896e-06
-8.81943e-06
2.6587e-06
-8.84999e-06
6.50981e-07
-8.92132e-06
-1.37258e-06
-9.0534e-06
-3.45256e-06
-9.25789e-06
-5.63632e-06
-9.47883e-06
-7.9908e-06
-9.48547e-06
-1.05453e-05
-8.75915e-06
-1.30533e-05
-6.54134e-06
-1.44446e-05
-2.425e-06
-1.21392e-05
-2.44269e-06
-9.36651e-07
4.34398e-06
-2.34905e-06
7.73669e-06
-3.73705e-06
9.75691e-06
-4.91715e-06
1.10085e-05
-5.7884e-06
1.11869e-05
-6.33403e-06
1.03081e-05
-6.61123e-06
8.70692e-06
-6.71102e-06
6.75171e-06
-6.72919e-06
4.69714e-06
-6.73844e-06
2.66795e-06
-6.77407e-06
6.8662e-07
-6.85288e-06
-1.29377e-06
-6.99577e-06
-3.30967e-06
-7.23339e-06
-5.3987e-06
-7.58337e-06
-7.64083e-06
-7.95573e-06
-1.0173e-05
-7.94148e-06
-1.30676e-05
-6.72263e-06
-1.56635e-05
-3.5899e-06
-1.52719e-05
-6.03259e-06
-6.2608e-07
4.97006e-06
-1.68979e-06
8.8004e-06
-2.72407e-06
1.07912e-05
-3.5643e-06
1.18487e-05
-4.155e-06
1.17776e-05
-4.50635e-06
1.06595e-05
-4.67729e-06
8.87786e-06
-4.74614e-06
6.82056e-06
-4.785e-06
4.736e-06
-4.83705e-06
2.72e-06
-4.91211e-06
7.61674e-07
-5.01631e-06
-1.18957e-06
-5.15942e-06
-3.16657e-06
-5.36995e-06
-5.18817e-06
-5.70307e-06
-7.3077e-06
-6.173e-06
-9.70304e-06
-6.56309e-06
-1.26775e-05
-6.13298e-06
-1.60936e-05
-3.92714e-06
-1.74777e-05
-9.95973e-06
-2.33282e-07
5.20334e-06
-8.95053e-07
9.46217e-06
-1.56763e-06
1.14638e-05
-2.09819e-06
1.23793e-05
-2.4591e-06
1.21385e-05
-2.67466e-06
1.0875e-05
-2.79308e-06
8.99628e-06
-2.86754e-06
6.89503e-06
-2.9425e-06
4.81095e-06
-3.03976e-06
2.81725e-06
-3.16201e-06
8.83924e-07
-3.30872e-06
-1.04285e-06
-3.47993e-06
-2.99536e-06
-3.68767e-06
-4.98043e-06
-3.98226e-06
-7.01311e-06
-4.44617e-06
-9.23913e-06
-5.0281e-06
-1.20955e-05
-5.1274e-06
-1.59943e-05
-3.56078e-06
-1.90444e-05
-1.35205e-05
1.63764e-07
5.03958e-06
-7.0466e-08
9.6964e-06
-4.0395e-07
1.17973e-05
-6.55495e-07
1.26308e-05
-8.11039e-07
1.22941e-05
-9.01725e-07
1.09657e-05
-9.66908e-07
9.06146e-06
-1.03844e-06
6.96656e-06
-1.13284e-06
4.90536e-06
-1.25789e-06
2.9423e-06
-1.41615e-06
1.04219e-06
-1.60976e-06
-8.49243e-07
-1.83712e-06
-2.768e-06
-2.09584e-06
-4.72171e-06
-2.41308e-06
-6.69587e-06
-2.88019e-06
-8.77202e-06
-3.56278e-06
-1.1413e-05
-4.02717e-06
-1.55299e-05
-3.02688e-06
-2.00447e-05
-1.65474e-05
5.02494e-07
4.53708e-06
7.00736e-07
9.49816e-06
7.44136e-07
1.17539e-05
7.79887e-07
1.25951e-05
8.24848e-07
1.22491e-05
8.53721e-07
1.09369e-05
8.46872e-07
9.06831e-06
7.96119e-07
7.01731e-06
7.02254e-07
4.99923e-06
5.66964e-07
3.07759e-06
3.85012e-07
1.22414e-06
1.50205e-07
-6.14436e-07
-1.3899e-07
-2.47881e-06
-4.89212e-07
-4.37149e-06
-9.03963e-07
-6.28112e-06
-1.42658e-06
-8.2494e-06
-2.20456e-06
-1.0635e-05
-2.95402e-06
-1.47804e-05
-2.46097e-06
-2.05377e-05
-1.90083e-05
7.5981e-07
3.77727e-06
1.35962e-06
8.89835e-06
1.75412e-06
1.13593e-05
2.0852e-06
1.2264e-05
2.35976e-06
1.19745e-05
2.54768e-06
1.07489e-05
2.64089e-06
8.9751e-06
2.65011e-06
7.0081e-06
2.58926e-06
5.06007e-06
2.46468e-06
3.20217e-06
2.26868e-06
1.42013e-06
1.98718e-06
-3.32937e-07
1.62087e-06
-2.11249e-06
1.16486e-06
-3.91548e-06
6.14954e-07
-5.73121e-06
-7.99278e-08
-7.55452e-06
-9.53675e-07
-9.76123e-06
-1.91681e-06
-1.38173e-05
-1.92414e-06
-2.05304e-05
-2.09325e-05
8.75577e-07
2.9017e-06
1.8191e-06
7.95483e-06
2.56419e-06
1.06143e-05
3.2083e-06
1.16199e-05
3.75893e-06
1.14239e-05
4.17286e-06
1.0335e-05
4.43432e-06
8.71364e-06
4.55723e-06
6.88518e-06
4.56438e-06
5.05292e-06
4.47072e-06
3.29584e-06
4.274e-06
1.61686e-06
3.94153e-06
-4.70695e-10
3.49415e-06
-1.66511e-06
2.90623e-06
-3.32756e-06
2.17907e-06
-5.00405e-06
1.33188e-06
-6.70733e-06
2.74382e-07
-8.70373e-06
-9.53113e-07
-1.25898e-05
-1.42487e-06
-2.00586e-05
-2.23574e-05
8.11458e-07
2.09024e-06
1.96509e-06
6.8012e-06
3.01278e-06
9.56657e-06
3.99088e-06
1.06418e-05
4.87249e-06
1.05423e-05
5.59163e-06
9.61586e-06
6.1092e-06
8.19607e-06
6.42814e-06
6.56625e-06
6.56913e-06
4.91192e-06
6.54997e-06
3.315e-06
6.36874e-06
1.79809e-06
6.02275e-06
3.45516e-07
5.47893e-06
-1.12129e-06
4.74481e-06
-2.59344e-06
3.81259e-06
-4.07183e-06
2.71136e-06
-5.6061e-06
1.40179e-06
-7.39416e-06
-1.48888e-07
-1.10391e-05
-9.0901e-07
-1.92985e-05
-2.32664e-05
5.81472e-07
1.50877e-06
1.77033e-06
5.61235e-06
3.11553e-06
8.22136e-06
4.47327e-06
9.28406e-06
5.74605e-06
9.26953e-06
6.83525e-06
8.52665e-06
7.67548e-06
7.35584e-06
8.25402e-06
5.98771e-06
8.5831e-06
4.58284e-06
8.67928e-06
3.21883e-06
8.54914e-06
1.92823e-06
8.18977e-06
7.04889e-07
7.55701e-06
-4.88529e-07
6.66834e-06
-1.70477e-06
5.51117e-06
-2.91466e-06
4.12653e-06
-4.22147e-06
2.58859e-06
-5.85621e-06
9.69143e-07
-9.41969e-06
-1.38892e-07
-1.81905e-05
-2.34053e-05
1.54343e-07
1.35442e-06
1.04873e-06
4.71796e-06
2.53359e-06
6.73649e-06
4.26374e-06
7.55392e-06
5.99379e-06
7.53948e-06
7.53596e-06
6.98447e-06
8.78757e-06
6.10423e-06
9.71877e-06
5.05651e-06
1.03246e-05
3.97706e-06
1.06162e-05
2.92717e-06
1.05996e-05
1.94481e-06
1.02803e-05
1.02423e-06
9.61179e-06
1.79982e-07
8.6168e-06
-7.09783e-07
7.28503e-06
-1.58289e-06
5.66875e-06
-2.60518e-06
3.92919e-06
-4.11665e-06
2.25075e-06
-7.74125e-06
6.56948e-07
-1.65967e-05
-2.27483e-05
-5.1916e-07
1.87358e-06
2.03738e-07
3.99506e-06
1.76795e-06
5.17228e-06
3.84158e-06
5.48029e-06
6.00737e-06
5.37369e-06
7.97827e-06
5.01357e-06
9.61765e-06
4.46485e-06
1.08839e-05
3.79027e-06
1.17594e-05
3.10153e-06
1.22603e-05
2.42629e-06
1.23899e-05
1.81517e-06
1.2168e-05
1.24615e-06
1.16188e-05
7.2919e-07
1.07125e-05
1.96511e-07
9.4539e-06
-3.24284e-07
7.91681e-06
-1.06809e-06
6.28715e-06
-2.487e-06
4.46686e-06
-5.92096e-06
2.05978e-06
-1.41896e-05
-2.06885e-05
-4.18159e-06
6.05517e-06
-3.64417e-06
3.45764e-06
-1.2438e-06
2.77191e-06
1.56271e-06
2.67378e-06
4.31134e-06
2.62506e-06
6.85501e-06
2.4699e-06
9.07999e-06
2.23988e-06
1.09258e-05
1.94451e-06
1.23737e-05
1.65359e-06
1.34507e-05
1.34928e-06
1.41738e-05
1.0921e-06
1.45877e-05
8.32242e-07
1.468e-05
6.36878e-07
1.44596e-05
4.16877e-07
1.39227e-05
2.12631e-07
1.30851e-05
-2.30517e-07
1.19348e-05
-1.33661e-06
1.01167e-05
-4.10292e-06
5.6396e-06
-9.71246e-06
-1.50489e-05
6.05517e-06
9.51281e-06
1.22847e-05
1.49585e-05
1.75836e-05
2.00535e-05
2.22933e-05
2.42379e-05
2.58914e-05
2.72407e-05
2.83328e-05
2.91651e-05
2.98019e-05
3.02188e-05
3.04314e-05
3.02009e-05
2.88643e-05
2.47614e-05
1.50489e-05
)
;

boundaryField
{
    movingWall
    {
        type            calculated;
        value           uniform 0;
    }
    fixedWalls
    {
        type            calculated;
        value           uniform 0;
    }
    frontAndBack
    {
        type            empty;
        value           nonuniform List<scalar> 0();
    }
}


// ************************************************************************* //
