/*--------------------------------*- C++ -*----------------------------------*\
| =========                 |                                                 |
| \\      /  F ield         | OpenFOAM: The Open Source CFD Toolbox           |
|  \\    /   O peration     | Version:  2212                                  |
|   \\  /    A nd           | Website:  www.openfoam.com                      |
|    \\/     M anipulation  |                                                 |
\*---------------------------------------------------------------------------*/
FoamFile
{
    version     2.0;
    format      ascii;
    arch        "LSB;label=32;scalar=64";
    class       volScalarField;
    location    "12.5";
    object      T;
}
// * * * * * * * * * * * * * * * * * * * * * * * * * * * * * * * * * * * * * //

dimensions      [0 0 0 1 0 0 0];

internalField   nonuniform List<scalar> 
400
(
0.936452
0.937841
0.940668
0.944846
0.949708
0.954127
0.957276
0.959092
0.960063
0.960719
0.961314
0.961928
0.962582
0.963256
0.963843
0.964172
0.96396
0.962905
0.961172
0.959751
0.938238
0.939942
0.943356
0.948236
0.953386
0.957164
0.959002
0.959644
0.959868
0.960037
0.960372
0.961004
0.961976
0.963234
0.964522
0.965448
0.965413
0.963965
0.961699
0.960065
0.941031
0.943315
0.947552
0.952647
0.956648
0.958346
0.958308
0.957543
0.956581
0.955853
0.955733
0.956483
0.958114
0.960573
0.963416
0.965986
0.967188
0.965927
0.962668
0.960645
0.943766
0.946649
0.951263
0.955397
0.957177
0.956458
0.954326
0.951605
0.948912
0.946922
0.946144
0.947012
0.949417
0.953411
0.958449
0.963741
0.967833
0.9688
0.965179
0.962012
0.945872
0.9491
0.953363
0.955697
0.954888
0.951594
0.94698
0.941892
0.937239
0.933845
0.932312
0.933142
0.936202
0.941603
0.948857
0.957184
0.965116
0.970382
0.969705
0.964558
0.947264
0.950482
0.953805
0.953961
0.950494
0.944553
0.937353
0.929955
0.923506
0.918878
0.91668
0.917314
0.920766
0.927102
0.936004
0.946808
0.958237
0.968169
0.973086
0.968288
0.948045
0.950932
0.952983
0.950944
0.945011
0.936626
0.927123
0.917839
0.910053
0.90461
0.902016
0.902474
0.906051
0.912771
0.92252
0.934894
0.948864
0.962482
0.972614
0.973636
0.948388
0.950787
0.951565
0.947609
0.939562
0.929095
0.91775
0.907107
0.898484
0.892633
0.889887
0.890276
0.893812
0.900492
0.910348
0.923348
0.938941
0.95538
0.969429
0.976501
0.948431
0.950304
0.949966
0.944488
0.934808
0.922788
0.910158
0.898645
0.889547
0.883506
0.880699
0.88106
0.88452
0.891002
0.900529
0.913342
0.929601
0.948161
0.965339
0.975227
0.948285
0.949721
0.948623
0.942198
0.931467
0.91842
0.904951
0.892878
0.883469
0.877266
0.874349
0.874628
0.878003
0.884318
0.893448
0.90563
0.921654
0.941486
0.961644
0.974264
0.948015
0.949142
0.947622
0.94075
0.929519
0.916004
0.902184
0.889875
0.880282
0.873891
0.870762
0.870838
0.874038
0.880172
0.888952
0.90038
0.915538
0.935706
0.958208
0.973649
0.947655
0.948634
0.947096
0.9404
0.929316
0.9159
0.902151
0.889837
0.880123
0.873504
0.870082
0.869833
0.872703
0.878507
0.886865
0.897486
0.911386
0.931139
0.955457
0.973313
0.947202
0.948165
0.94688
0.940803
0.930407
0.91763
0.904426
0.892473
0.882885
0.876179
0.872502
0.871862
0.874238
0.879463
0.887151
0.896842
0.909209
0.927795
0.953287
0.973277
0.946624
0.947707
0.946951
0.941985
0.9329
0.921368
0.909219
0.898007
0.888793
0.882127
0.878227
0.877098
0.878788
0.883132
0.889794
0.898255
0.908898
0.925852
0.951885
0.973483
0.945865
0.947141
0.946905
0.943149
0.935696
0.925885
0.915332
0.905407
0.897059
0.890813
0.886927
0.885398
0.886302
0.889513
0.894769
0.901713
0.910517
0.925288
0.951155
0.973938
0.944963
0.946488
0.946927
0.944577
0.939106
0.931468
0.922971
0.914757
0.907639
0.902086
0.898351
0.896474
0.896477
0.898328
0.901871
0.906937
0.913748
0.925887
0.951132
0.974655
0.944068
0.945566
0.946212
0.944872
0.941225
0.935888
0.929776
0.923727
0.918333
0.913962
0.910775
0.908867
0.908175
0.908772
0.910649
0.913782
0.918802
0.928634
0.952606
0.975875
0.943435
0.945225
0.946382
0.945892
0.943865
0.940667
0.936831
0.93287
0.929157
0.925972
0.923416
0.921609
0.920536
0.920268
0.920975
0.922587
0.926283
0.933847
0.955367
0.977412
0.934974
0.943393
0.943424
0.943185
0.942099
0.940629
0.938939
0.937362
0.935912
0.934842
0.93406
0.933708
0.933734
0.934111
0.935123
0.936416
0.939726
0.945488
0.961821
0.980047
0.954318
0.959849
0.962817
0.964604
0.965568
0.966176
0.966502
0.966831
0.967065
0.967424
0.967741
0.968215
0.968654
0.969249
0.969822
0.970615
0.971624
0.973749
0.977979
0.985439
)
;

boundaryField
{
    movingWall
    {
        type            fixedValue;
        value           uniform 1;
    }
    fixedWalls
    {
        type            zeroGradient;
    }
    frontAndBack
    {
        type            empty;
    }
}


// ************************************************************************* //
