/*--------------------------------*- C++ -*----------------------------------*\
| =========                 |                                                 |
| \\      /  F ield         | OpenFOAM: The Open Source CFD Toolbox           |
|  \\    /   O peration     | Version:  2212                                  |
|   \\  /    A nd           | Website:  www.openfoam.com                      |
|    \\/     M anipulation  |                                                 |
\*---------------------------------------------------------------------------*/
FoamFile
{
    version     2.0;
    format      ascii;
    arch        "LSB;label=32;scalar=64";
    class       surfaceScalarField;
    location    "0.9";
    object      phi;
}
// * * * * * * * * * * * * * * * * * * * * * * * * * * * * * * * * * * * * * //

dimensions      [0 3 -1 0 0 0 0];

oriented        oriented;

internalField   nonuniform List<scalar> 
760
(
-3.38549e-08
3.38549e-08
-1.35003e-07
1.01148e-07
-2.64477e-07
1.29473e-07
-4.07035e-07
1.42558e-07
-5.64594e-07
1.57559e-07
-7.43814e-07
1.7922e-07
-9.49439e-07
2.05626e-07
-1.17877e-06
2.29328e-07
-1.41473e-06
2.35958e-07
-1.61993e-06
2.05201e-07
-1.73873e-06
1.18802e-07
-1.71061e-06
-2.81182e-08
-1.48465e-06
-2.2596e-07
-1.08112e-06
-4.03527e-07
-5.77544e-07
-5.03579e-07
-1.06004e-07
-4.71541e-07
2.01401e-07
-3.07404e-07
2.64328e-07
-6.2928e-08
1.40085e-07
1.24243e-07
1.40085e-07
-1.36549e-07
1.70404e-07
-4.01309e-07
3.65908e-07
-7.21295e-07
4.49459e-07
-1.07315e-06
4.94418e-07
-1.45577e-06
5.40169e-07
-1.87179e-06
5.95246e-07
-2.3162e-06
6.50031e-07
-2.7676e-06
6.80729e-07
-3.18178e-06
6.50138e-07
-3.49143e-06
5.14848e-07
-3.61927e-06
2.46642e-07
-3.49783e-06
-1.49558e-07
-3.08074e-06
-6.43053e-07
-2.3873e-06
-1.09696e-06
-1.51848e-06
-1.3724e-06
-6.49927e-07
-1.34009e-06
-6.71565e-09
-9.50615e-07
2.69013e-07
-3.38656e-07
1.84296e-07
2.0896e-07
3.24382e-07
-2.15452e-07
3.85856e-07
-5.98962e-07
7.49418e-07
-1.051e-06
9.01501e-07
-1.54305e-06
9.86467e-07
-2.07092e-06
1.06803e-06
-2.63187e-06
1.15619e-06
-3.21317e-06
1.23133e-06
-3.78677e-06
1.25434e-06
-4.30796e-06
1.17133e-06
-4.71593e-06
9.22814e-07
-4.93937e-06
4.70086e-07
-4.9085e-06
-1.8043e-07
-4.53532e-06
-1.01624e-06
-3.79836e-06
-1.83391e-06
-2.75281e-06
-2.41795e-06
-1.55597e-06
-2.53694e-06
-4.84744e-07
-2.02184e-06
1.26683e-07
-9.50083e-07
1.8387e-07
1.51772e-07
5.08251e-07
-2.63769e-07
6.49626e-07
-7.22216e-07
1.20786e-06
-1.25677e-06
1.43606e-06
-1.83527e-06
1.56496e-06
-2.45304e-06
1.68581e-06
-3.10812e-06
1.81128e-06
-3.79266e-06
1.91587e-06
-4.49275e-06
1.95442e-06
-5.18931e-06
1.86789e-06
-5.84538e-06
1.57889e-06
-6.37375e-06
9.98451e-07
-6.66592e-06
1.11736e-07
-6.53109e-06
-1.15107e-06
-5.90028e-06
-2.46472e-06
-4.76827e-06
-3.54995e-06
-3.2276e-06
-4.07761e-06
-1.55797e-06
-3.69146e-06
-2.72832e-07
-2.23523e-06
1.54231e-07
-2.7529e-07
6.62482e-07
-2.84719e-07
9.34345e-07
-7.79251e-07
1.7024e-06
-1.35615e-06
2.01296e-06
-1.98219e-06
2.191e-06
-2.65631e-06
2.35993e-06
-3.38616e-06
2.54113e-06
-4.18343e-06
2.71314e-06
-5.06592e-06
2.83691e-06
-6.04812e-06
2.85009e-06
-7.0969e-06
2.62767e-06
-8.06944e-06
1.97099e-06
-8.69066e-06
7.3296e-07
-8.83526e-06
-1.00647e-06
-8.40153e-06
-2.89845e-06
-7.34264e-06
-4.60884e-06
-5.63495e-06
-5.7853e-06
-3.40842e-06
-5.918e-06
-1.16672e-06
-4.47692e-06
4.90749e-08
-1.49109e-06
7.11557e-07
-2.8152e-07
1.21587e-06
-7.78673e-07
2.19955e-06
-1.36463e-06
2.59892e-06
-2.00745e-06
2.83382e-06
-2.71294e-06
3.06542e-06
-3.50444e-06
3.33263e-06
-4.41964e-06
3.62834e-06
-5.50456e-06
3.92183e-06
-6.77702e-06
4.12254e-06
-8.14996e-06
4.00062e-06
-9.39213e-06
3.21315e-06
-1.02203e-05
1.56114e-06
-1.04988e-05
-7.28033e-07
-1.03061e-05
-3.09112e-06
-9.55142e-06
-5.36351e-06
-8.08317e-06
-7.25355e-06
-5.75516e-06
-8.246e-06
-2.75843e-06
-7.47366e-06
-3.1655e-07
-3.93297e-06
3.95007e-07
-2.57077e-07
1.47294e-06
-7.27121e-07
2.66959e-06
-1.29159e-06
3.16339e-06
-1.92028e-06
3.4625e-06
-2.6252e-06
3.77034e-06
-3.44322e-06
4.15064e-06
-4.42837e-06
4.61349e-06
-5.62702e-06
5.12049e-06
-7.01306e-06
5.50858e-06
-8.41966e-06
5.40722e-06
-9.59119e-06
4.38468e-06
-1.03656e-05
2.33554e-06
-1.06714e-05
-4.22261e-07
-1.06967e-05
-3.06573e-06
-1.03636e-05
-5.69661e-06
-9.49196e-06
-8.12524e-06
-7.74105e-06
-9.99691e-06
-4.79357e-06
-1.04211e-05
-1.20722e-06
-7.51931e-06
-8.12217e-07
-2.14454e-07
1.6874e-06
-6.30394e-07
3.08553e-06
-1.14291e-06
3.67591e-06
-1.72115e-06
4.04074e-06
-2.37679e-06
4.42597e-06
-3.14729e-06
4.92114e-06
-4.07946e-06
5.54566e-06
-5.19027e-06
6.2313e-06
-6.40553e-06
6.72384e-06
-7.54325e-06
6.54495e-06
-8.4189e-06
5.26033e-06
-8.98161e-06
2.89825e-06
-9.2966e-06
-1.07278e-07
-9.42345e-06
-2.93887e-06
-9.4198e-06
-5.70026e-06
-9.20835e-06
-8.33669e-06
-8.39165e-06
-1.08136e-05
-6.28581e-06
-1.2527e-05
-2.49674e-06
-1.13084e-05
-3.30895e-06
-1.57878e-07
1.84527e-06
-4.96458e-07
3.42411e-06
-9.27676e-07
4.10713e-06
-1.416e-06
4.52906e-06
-1.96347e-06
4.97345e-06
-2.59375e-06
5.55142e-06
-3.33136e-06
6.28327e-06
-4.1669e-06
7.06684e-06
-5.02306e-06
7.58e-06
-5.77254e-06
7.29443e-06
-6.33015e-06
5.81794e-06
-6.69705e-06
3.26515e-06
-6.99738e-06
1.9305e-07
-7.14991e-06
-2.78634e-06
-7.30168e-06
-5.54849e-06
-7.50437e-06
-8.13401e-06
-7.48118e-06
-1.08368e-05
-6.44532e-06
-1.35628e-05
-3.58615e-06
-1.41676e-05
-6.8951e-06
-9.37779e-08
1.93905e-06
-3.38587e-07
3.66892e-06
-6.64876e-07
4.43342e-06
-1.02966e-06
4.89385e-06
-1.41893e-06
5.36272e-06
-1.8356e-06
5.96809e-06
-2.28256e-06
6.73023e-06
-2.74282e-06
7.52709e-06
-3.18134e-06
8.01852e-06
-3.56294e-06
7.67603e-06
-3.89107e-06
6.14607e-06
-4.18969e-06
3.56377e-06
-4.48216e-06
4.85519e-07
-4.72143e-06
-2.54707e-06
-4.9773e-06
-5.29262e-06
-5.36714e-06
-7.74417e-06
-5.81529e-06
-1.03886e-05
-5.62681e-06
-1.37513e-05
-3.72538e-06
-1.6069e-05
-1.06205e-05
-3.07896e-08
1.96984e-06
-1.75729e-07
3.81386e-06
-3.84749e-07
4.64244e-06
-6.07542e-07
5.11664e-06
-8.12811e-07
5.56799e-06
-9.8269e-07
6.13797e-06
-1.10601e-06
6.85355e-06
-1.16729e-06
7.58837e-06
-1.19562e-06
8.04685e-06
-1.25205e-06
7.73247e-06
-1.38602e-06
6.28004e-06
-1.62384e-06
3.8016e-06
-1.96245e-06
8.24124e-07
-2.33989e-06
-2.16963e-06
-2.73431e-06
-4.8982e-06
-3.27753e-06
-7.20095e-06
-4.04191e-06
-9.62427e-06
-4.4513e-06
-1.33419e-05
-3.22869e-06
-1.72916e-05
-1.38492e-05
2.19607e-08
1.94788e-06
-2.97305e-08
3.86555e-06
-1.2355e-07
4.73626e-06
-2.02977e-07
5.19607e-06
-2.24196e-07
5.5892e-06
-1.53026e-07
6.0668e-06
3.98328e-08
6.66069e-06
3.27599e-07
7.30061e-06
6.73363e-07
7.70108e-06
9.5848e-07
7.44735e-06
1.06189e-06
6.17663e-06
9.23668e-07
3.93982e-06
5.62631e-07
1.18516e-06
8.64169e-08
-1.69342e-06
-5.34152e-07
-4.27763e-06
-1.31266e-06
-6.42244e-06
-2.35435e-06
-8.58257e-06
-3.24783e-06
-1.24484e-05
-2.65383e-06
-1.78856e-05
-1.6503e-05
5.33405e-08
1.89454e-06
7.28735e-08
3.84602e-06
7.99801e-08
4.72915e-06
1.276e-07
5.14845e-06
2.61075e-07
5.45573e-06
5.17888e-07
5.80999e-06
9.28001e-07
6.25057e-06
1.50921e-06
6.71939e-06
2.1936e-06
7.01669e-06
2.82152e-06
6.81943e-06
3.19369e-06
5.80446e-06
3.19859e-06
3.93492e-06
2.84581e-06
1.53794e-06
2.19002e-06
-1.03763e-06
1.37707e-06
-3.46468e-06
3.64273e-07
-5.40965e-06
-9.15645e-07
-7.30265e-06
-2.15055e-06
-1.12135e-05
-2.08712e-06
-1.7949e-05
-1.85901e-05
5.47121e-08
1.83983e-06
1.11016e-07
3.78972e-06
1.92055e-07
4.64811e-06
3.42659e-07
4.99784e-06
6.00791e-07
5.1976e-06
1.00057e-06
5.41021e-06
1.57141e-06
5.67974e-06
2.32358e-06
5.96723e-06
3.20084e-06
6.13943e-06
4.05037e-06
5.9699e-06
4.65071e-06
5.20412e-06
4.84004e-06
3.74559e-06
4.59161e-06
1.78637e-06
3.90095e-06
-3.46966e-07
2.91217e-06
-2.4759e-06
1.69572e-06
-4.1932e-06
2.23107e-07
-5.83004e-06
-1.25334e-06
-9.73709e-06
-1.59928e-06
-1.76031e-05
-2.01894e-05
1.46159e-08
1.82521e-06
6.39966e-08
3.74034e-06
1.85056e-07
4.52706e-06
4.19114e-07
4.76379e-06
7.78996e-07
4.83772e-06
1.28107e-06
4.90813e-06
1.9425e-06
5.01831e-06
2.76786e-06
5.14187e-06
3.71455e-06
5.19275e-06
4.6596e-06
5.02485e-06
5.40097e-06
4.46275e-06
5.74569e-06
3.40087e-06
5.60885e-06
1.92321e-06
5.01265e-06
2.49233e-07
3.96687e-06
-1.43011e-06
2.64139e-06
-2.86773e-06
1.07929e-06
-4.26793e-06
-5.05459e-07
-8.15234e-06
-1.15865e-06
-1.69499e-05
-2.1348e-05
-7.40763e-08
1.89929e-06
-7.71328e-08
3.74339e-06
7.04685e-08
4.37945e-06
3.65272e-07
4.46898e-06
8.02326e-07
4.40066e-06
1.37417e-06
4.33628e-06
2.08193e-06
4.31055e-06
2.92108e-06
4.30272e-06
3.85715e-06
4.25667e-06
4.79909e-06
4.0829e-06
5.58633e-06
3.67551e-06
6.03535e-06
2.95185e-06
6.02028e-06
1.93828e-06
5.5152e-06
7.54319e-07
4.53293e-06
-4.47839e-07
3.22564e-06
-1.56044e-06
1.72299e-06
-2.76528e-06
1.06773e-07
-6.53613e-06
-6.24276e-07
-1.62189e-05
-2.19723e-05
-2.9661e-07
2.1959e-06
-4.97028e-07
3.94381e-06
-3.17997e-07
4.20042e-06
1.10604e-07
4.04038e-06
6.70561e-07
3.84071e-06
1.32826e-06
3.67859e-06
2.07865e-06
3.56016e-06
2.91688e-06
3.46449e-06
3.81359e-06
3.35997e-06
4.70502e-06
3.19147e-06
5.46909e-06
2.91144e-06
5.96142e-06
2.45952e-06
6.0427e-06
1.85699e-06
5.6572e-06
1.13982e-06
4.80695e-06
4.02412e-07
3.65469e-06
-4.08182e-07
2.42285e-06
-1.53344e-06
1.23638e-06
-5.34966e-06
1.9761e-07
-1.51801e-05
-2.17747e-05
-3.64227e-07
2.56013e-06
-6.44364e-07
4.22395e-06
-5.48297e-07
4.10436e-06
-1.68632e-07
3.66072e-06
3.9573e-07
3.27634e-06
1.072e-06
3.00232e-06
1.83433e-06
2.79783e-06
2.67273e-06
2.62609e-06
3.54821e-06
2.48448e-06
4.41712e-06
2.32256e-06
5.18259e-06
2.14598e-06
5.75284e-06
1.88927e-06
6.0105e-06
1.59934e-06
5.91286e-06
1.23746e-06
5.44029e-06
8.74979e-07
4.75565e-06
2.76464e-07
4.09399e-06
-8.71777e-07
3.21644e-06
-4.47211e-06
1.54172e-06
-1.35054e-05
-2.0233e-05
-3.92356e-06
6.48368e-06
-3.65458e-06
3.95497e-06
-2.27618e-06
2.72596e-06
-8.80824e-07
2.26536e-06
4.19905e-07
1.97561e-06
1.68352e-06
1.7387e-06
2.92414e-06
1.55721e-06
4.15157e-06
1.39866e-06
5.34579e-06
1.29026e-06
6.49594e-06
1.17241e-06
7.55187e-06
1.09005e-06
8.47303e-06
9.68108e-07
9.18482e-06
8.87554e-07
9.67247e-06
7.49807e-07
9.93051e-06
6.16935e-07
9.93754e-06
2.69441e-07
9.74589e-06
-6.80129e-07
9.00034e-06
-3.72656e-06
5.19246e-06
-9.69748e-06
-1.50405e-05
6.48368e-06
1.04387e-05
1.31646e-05
1.543e-05
1.74056e-05
1.91443e-05
2.07015e-05
2.21002e-05
2.33904e-05
2.45628e-05
2.56529e-05
2.6621e-05
2.75085e-05
2.82583e-05
2.88753e-05
2.91447e-05
2.84646e-05
2.4738e-05
1.50405e-05
)
;

boundaryField
{
    movingWall
    {
        type            calculated;
        value           uniform 0;
    }
    fixedWalls
    {
        type            calculated;
        value           uniform 0;
    }
    frontAndBack
    {
        type            empty;
        value           nonuniform List<scalar> 0();
    }
}


// ************************************************************************* //
