/*--------------------------------*- C++ -*----------------------------------*\
| =========                 |                                                 |
| \\      /  F ield         | OpenFOAM: The Open Source CFD Toolbox           |
|  \\    /   O peration     | Version:  2212                                  |
|   \\  /    A nd           | Website:  www.openfoam.com                      |
|    \\/     M anipulation  |                                                 |
\*---------------------------------------------------------------------------*/
FoamFile
{
    version     2.0;
    format      ascii;
    arch        "LSB;label=32;scalar=64";
    class       volScalarField;
    location    "0.9";
    object      T;
}
// * * * * * * * * * * * * * * * * * * * * * * * * * * * * * * * * * * * * * //

dimensions      [0 0 0 1 0 0 0];

internalField   nonuniform List<scalar> 
400
(
2.16979e-08
8.51138e-08
4.91537e-07
2.70127e-06
1.30311e-05
5.46876e-05
0.000200091
0.000639895
0.00178943
0.00436284
0.00921272
0.0167009
0.0257891
0.033571
0.0369806
0.0342467
0.0260473
0.0157838
0.00780108
0.00401341
5.51416e-08
3.243e-07
2.14612e-06
1.23957e-05
6.09137e-05
0.000255295
0.000918383
0.0028509
0.00765697
0.0177675
0.0354036
0.0601017
0.0866271
0.105932
0.111579
0.100858
0.0756295
0.0445717
0.0207823
0.0101467
1.76511e-07
1.22953e-06
8.56706e-06
5.03481e-05
0.000247333
0.00102242
0.00358635
0.0107415
0.027534
0.060212
0.111407
0.173223
0.228061
0.259735
0.264882
0.241896
0.190402
0.118734
0.0561595
0.0271278
5.15504e-07
3.81745e-06
2.71347e-05
0.000159945
0.000778744
0.00315752
0.0107493
0.0308608
0.0746058
0.150623
0.250967
0.344456
0.402448
0.425163
0.426392
0.403481
0.347458
0.246138
0.127609
0.0633667
1.28864e-06
9.74757e-06
6.96924e-05
0.000409181
0.00196672
0.00779498
0.0256135
0.0697211
0.155829
0.281484
0.405381
0.47305
0.487683
0.494581
0.501972
0.502665
0.482079
0.402012
0.247874
0.128603
2.74954e-06
2.08342e-05
0.000148519
0.000864274
0.004085
0.015742
0.0494494
0.125529
0.253026
0.39649
0.480332
0.477752
0.459314
0.468546
0.482303
0.512959
0.543408
0.532251
0.417993
0.231638
5.01352e-06
3.75174e-05
0.000264413
0.00151616
0.00701087
0.0261125
0.0778064
0.182518
0.329335
0.447899
0.464637
0.413646
0.391508
0.396974
0.405083
0.448153
0.512725
0.579087
0.575449
0.384367
7.8137e-06
5.70231e-05
0.000393918
0.00221338
0.00998347
0.0359285
0.10191
0.223165
0.367968
0.449091
0.417568
0.350417
0.333477
0.333826
0.331424
0.35816
0.423584
0.530717
0.629831
0.585182
1.04014e-05
7.32341e-05
0.000492424
0.00270358
0.0119188
0.0417837
0.114673
0.240748
0.37688
0.433685
0.382894
0.318373
0.312472
0.31948
0.310247
0.306809
0.343754
0.447141
0.589544
0.68834
1.193e-05
8.03138e-05
0.000522264
0.0027967
0.0121035
0.0418488
0.113636
0.236452
0.367173
0.420132
0.372413
0.315289
0.316394
0.334065
0.326291
0.299069
0.300176
0.384873
0.534299
0.653413
1.19523e-05
7.63296e-05
0.000478342
0.00249364
0.0106175
0.036556
0.100149
0.212939
0.341666
0.408189
0.381005
0.332973
0.330805
0.350133
0.345538
0.304801
0.27282
0.336095
0.502701
0.646916
1.10689e-05
6.67467e-05
0.000392411
0.00196154
0.00817265
0.0280332
0.0781047
0.173078
0.296473
0.385467
0.394363
0.364275
0.355767
0.366376
0.359952
0.313434
0.25661
0.292653
0.464697
0.639957
7.77694e-06
4.39763e-05
0.000278474
0.00138986
0.00565025
0.0191823
0.054175
0.125212
0.230954
0.33279
0.381646
0.382641
0.376737
0.375524
0.35943
0.309316
0.242307
0.262528
0.441922
0.637238
1.42107e-05
7.45368e-05
0.000251019
0.00095023
0.0035992
0.0119133
0.0336356
0.0799961
0.157153
0.24946
0.320402
0.352349
0.360162
0.356209
0.333788
0.284481
0.217996
0.230365
0.419199
0.638931
-3.18941e-05
-0.000140423
-2.83178e-05
0.000538507
0.00220226
0.00697124
0.0191648
0.0457721
0.0934826
0.159847
0.226318
0.272299
0.294063
0.296673
0.278934
0.240793
0.188416
0.204482
0.404649
0.641289
0.000198797
0.000799263
0.000690156
0.000563686
0.00122891
0.00365887
0.00990883
0.023575
0.0490544
0.088082
0.134537
0.175611
0.202322
0.21285
0.206671
0.185732
0.153882
0.179433
0.393711
0.648378
-0.00184232
-0.00341696
-0.00186459
-0.000240649
0.00100657
0.00265544
0.00582099
0.0122224
0.0241247
0.0432984
0.0689352
0.0958607
0.118087
0.131959
0.136473
0.133093
0.124389
0.160763
0.390826
0.657055
0.0187081
0.0125669
0.00649687
0.00189146
-0.000528908
-0.00149194
-0.000966484
0.00140242
0.00641728
0.0149356
0.0273173
0.042609
0.0586013
0.0738072
0.0870631
0.100597
0.11699
0.171666
0.40922
0.674606
-0.156032
-0.0327189
-0.0209163
-0.00742905
0.00444761
0.0168524
0.0286282
0.0408486
0.0516805
0.0642959
0.0760083
0.0911751
0.105714
0.123664
0.141626
0.16404
0.19748
0.264294
0.465633
0.701068
0.184764
0.266664
0.320153
0.359462
0.389229
0.414916
0.435752
0.455783
0.47172
0.488431
0.501173
0.516144
0.527083
0.541549
0.551533
0.567208
0.579475
0.609541
0.664148
0.77236
)
;

boundaryField
{
    movingWall
    {
        type            fixedValue;
        value           uniform 1;
    }
    fixedWalls
    {
        type            zeroGradient;
    }
    frontAndBack
    {
        type            empty;
    }
}


// ************************************************************************* //
