/*--------------------------------*- C++ -*----------------------------------*\
| =========                 |                                                 |
| \\      /  F ield         | OpenFOAM: The Open Source CFD Toolbox           |
|  \\    /   O peration     | Version:  2212                                  |
|   \\  /    A nd           | Website:  www.openfoam.com                      |
|    \\/     M anipulation  |                                                 |
\*---------------------------------------------------------------------------*/
FoamFile
{
    version     2.0;
    format      ascii;
    arch        "LSB;label=32;scalar=64";
    class       volScalarField;
    location    "14.2";
    object      p;
}
// * * * * * * * * * * * * * * * * * * * * * * * * * * * * * * * * * * * * * //

dimensions      [0 2 -2 0 0 0 0];

internalField   nonuniform List<scalar> 
400
(
1.87999e-07
-0.000150835
-0.000534919
-0.00107212
-0.00173285
-0.00249434
-0.00318547
-0.00359805
-0.00356583
-0.00293455
-0.00154899
0.000618972
0.00324919
0.00551371
0.00653337
0.00592247
0.00400164
0.0021492
0.00111019
0.00104114
0.00011605
-5.83678e-05
-0.000377314
-0.00076449
-0.00124441
-0.00188854
-0.00270667
-0.00354401
-0.00408051
-0.00393893
-0.00284692
-0.000825317
0.00168895
0.00396052
0.0051243
0.00474267
0.00310255
0.0013743
0.000592704
0.00068375
0.000536166
0.000264696
-7.7597e-05
-0.000559957
-0.00134767
-0.00258108
-0.00421966
-0.00598436
-0.00740318
-0.0079445
-0.0072648
-0.00546257
-0.00289219
-0.00019516
0.00179125
0.00242725
0.0017083
0.000501596
-0.000396597
-0.000393304
0.00115168
0.000740994
0.000191602
-0.000775141
-0.00245155
-0.00493837
-0.00799578
-0.0111212
-0.0137041
-0.0151777
-0.0152076
-0.0138406
-0.0112943
-0.00802974
-0.0047529
-0.0022104
-0.000871081
-0.000706923
-0.00128954
-0.00191886
0.00158308
0.000973476
-2.31574e-05
-0.00192447
-0.00500717
-0.00918072
-0.0139145
-0.0184806
-0.022217
-0.0246537
-0.0255294
-0.0247236
-0.0223642
-0.0187442
-0.0143053
-0.00965641
-0.00559282
-0.00294961
-0.00219397
-0.00401869
0.00129314
0.000444788
-0.00119765
-0.00430482
-0.00900561
-0.0148813
-0.0210736
-0.0267162
-0.0311922
-0.0341795
-0.0355463
-0.0351903
-0.0331977
-0.0297194
-0.0249001
-0.0189617
-0.012506
-0.00694906
-0.0044016
-0.00652491
-4.85347e-05
-0.00114781
-0.0034998
-0.00779733
-0.0139332
-0.0211152
-0.0282371
-0.0344087
-0.0391297
-0.0422331
-0.0437208
-0.0436114
-0.0419736
-0.0388796
-0.0343116
-0.0281578
-0.0205397
-0.0127035
-0.00785548
-0.00774866
-0.00245073
-0.00374246
-0.00669897
-0.0119139
-0.0190406
-0.0269827
-0.0345051
-0.0407803
-0.045452
-0.0484782
-0.0499409
-0.0499322
-0.0485314
-0.0457893
-0.0416632
-0.0359274
-0.0283263
-0.0193717
-0.0118229
-0.00798118
-0.00553792
-0.00691553
-0.0102641
-0.0160225
-0.0236589
-0.0318905
-0.0394524
-0.0456141
-0.0501387
-0.0530589
-0.0544881
-0.0545282
-0.0532539
-0.0507269
-0.0469631
-0.0418129
-0.0348686
-0.0259484
-0.0167098
-0.00999515
-0.00873406
-0.0100862
-0.0135981
-0.0195428
-0.0272872
-0.0354881
-0.0429132
-0.048911
-0.0533109
-0.0561689
-0.0575929
-0.0576641
-0.0564456
-0.0540124
-0.0504522
-0.0457614
-0.0396349
-0.0315247
-0.0223219
-0.0143405
-0.0115044
-0.0127583
-0.0162197
-0.0220549
-0.0296078
-0.0375895
-0.0448275
-0.0507005
-0.0550441
-0.0578956
-0.059338
-0.0594295
-0.0582202
-0.0557901
-0.0522879
-0.0478533
-0.0424319
-0.0353833
-0.0271986
-0.01918
-0.0135496
-0.014619
-0.0178563
-0.023316
-0.0304316
-0.0380636
-0.0451187
-0.0509508
-0.0553302
-0.0582417
-0.0597294
-0.0598318
-0.0585897
-0.0560842
-0.0525166
-0.0481389
-0.0432076
-0.037057
-0.0300325
-0.0224178
-0.0148377
-0.0155682
-0.0183522
-0.0232107
-0.0296939
-0.0368795
-0.0437654
-0.0496411
-0.0541559
-0.0572021
-0.0587712
-0.0588783
-0.0575589
-0.0549169
-0.051178
-0.0466566
-0.0419661
-0.0363006
-0.0302266
-0.0228964
-0.015468
-0.0157223
-0.0177775
-0.0217466
-0.0273901
-0.0340321
-0.0407511
-0.0467413
-0.0514937
-0.0547691
-0.0564831
-0.0566241
-0.0552024
-0.0523537
-0.0483468
-0.0435823
-0.0387311
-0.0331418
-0.0281
-0.0202796
-0.0155746
-0.0152984
-0.0163382
-0.019088
-0.0236534
-0.0296345
-0.036172
-0.0423364
-0.0474283
-0.0510402
-0.0529809
-0.0531842
-0.0516917
-0.048592
-0.0442272
-0.0390542
-0.0337821
-0.0280718
-0.0242318
-0.0143852
-0.015277
-0.0145503
-0.0142609
-0.0154261
-0.018685
-0.0238949
-0.0302317
-0.0366152
-0.0421383
-0.0462018
-0.04849
-0.048867
-0.0473537
-0.0440214
-0.0392493
-0.0335192
-0.0276414
-0.0216294
-0.0180536
-0.00383301
-0.0146622
-0.0136183
-0.011707
-0.0110812
-0.0129538
-0.0173805
-0.0235343
-0.0301708
-0.0361937
-0.040812
-0.0435792
-0.0442622
-0.0428511
-0.0393768
-0.0341855
-0.0276899
-0.0206823
-0.0132762
-0.00678577
0.0160529
-0.0145834
-0.0126573
-0.00864859
-0.00623472
-0.00691019
-0.010746
-0.0168181
-0.0237402
-0.030299
-0.0355397
-0.0389041
-0.0400355
-0.038878
-0.0354483
-0.0298961
-0.022276
-0.0128726
-0.000688116
0.0166951
0.0570639
-0.0117947
-0.0118308
-0.00572621
-0.00177511
-0.00176509
-0.00540485
-0.0115754
-0.0188151
-0.0258758
-0.0316878
-0.0356627
-0.0373622
-0.0366856
-0.0333556
-0.0272244
-0.0175416
-0.00314824
0.0204904
0.0607044
0.129821
-0.029517
-0.0106298
-0.000608963
0.00308074
0.00244816
-0.00155711
-0.0079996
-0.0155536
-0.0229764
-0.0291741
-0.0335322
-0.0355883
-0.0352015
-0.031956
-0.0252278
-0.0128601
0.00942261
0.0511716
0.122878
0.226076
)
;

boundaryField
{
    movingWall
    {
        type            zeroGradient;
    }
    fixedWalls
    {
        type            zeroGradient;
    }
    frontAndBack
    {
        type            empty;
    }
}


// ************************************************************************* //
