/*--------------------------------*- C++ -*----------------------------------*\
| =========                 |                                                 |
| \\      /  F ield         | OpenFOAM: The Open Source CFD Toolbox           |
|  \\    /   O peration     | Version:  2212                                  |
|   \\  /    A nd           | Website:  www.openfoam.com                      |
|    \\/     M anipulation  |                                                 |
\*---------------------------------------------------------------------------*/
FoamFile
{
    version     2.0;
    format      ascii;
    arch        "LSB;label=32;scalar=64";
    class       volScalarField;
    location    "14.2";
    object      T;
}
// * * * * * * * * * * * * * * * * * * * * * * * * * * * * * * * * * * * * * //

dimensions      [0 0 0 1 0 0 0];

internalField   nonuniform List<scalar> 
400
(
0.954783
0.955746
0.957703
0.960599
0.963978
0.96706
0.96927
0.970556
0.971251
0.971723
0.972152
0.972596
0.973071
0.973561
0.973991
0.974238
0.974099
0.973361
0.972141
0.971142
0.956016
0.957197
0.959565
0.962955
0.966543
0.969188
0.970485
0.970939
0.971095
0.971213
0.971452
0.971908
0.972612
0.973525
0.974463
0.975145
0.975139
0.974121
0.97252
0.971366
0.957942
0.95953
0.962476
0.966024
0.968816
0.970002
0.969961
0.969399
0.968697
0.968165
0.968075
0.968616
0.969796
0.971577
0.973639
0.975509
0.9764
0.975525
0.973215
0.971783
0.959829
0.961837
0.965049
0.967926
0.969154
0.968616
0.967064
0.965087
0.963135
0.961691
0.961127
0.961753
0.963493
0.966383
0.970029
0.973862
0.976835
0.977566
0.975007
0.972759
0.961281
0.963529
0.966491
0.968095
0.967478
0.965085
0.961739
0.958053
0.954683
0.952225
0.951114
0.951715
0.95393
0.957839
0.963087
0.96911
0.974848
0.97867
0.978227
0.974572
0.962236
0.964472
0.966763
0.966814
0.964289
0.959984
0.954767
0.94941
0.944739
0.941386
0.939794
0.940253
0.942755
0.947344
0.953789
0.961607
0.969871
0.977051
0.980622
0.977224
0.962765
0.964761
0.96614
0.96462
0.960317
0.954243
0.947359
0.940633
0.93499
0.931045
0.929163
0.929496
0.932089
0.936961
0.944025
0.952986
0.963095
0.97294
0.98026
0.981028
0.962988
0.964633
0.965099
0.962201
0.956371
0.948788
0.940568
0.932855
0.926601
0.922357
0.920363
0.920646
0.923212
0.928057
0.935204
0.944625
0.955916
0.967807
0.977957
0.983063
0.963002
0.964271
0.963935
0.959939
0.952927
0.944219
0.935066
0.926718
0.920116
0.915732
0.913693
0.913954
0.916466
0.921171
0.928084
0.937375
0.949155
0.962586
0.975004
0.982143
0.962885
0.963844
0.962962
0.958281
0.950507
0.941054
0.93129
0.922534
0.915704
0.9112
0.90908
0.909282
0.911733
0.916318
0.922946
0.931784
0.9434
0.957758
0.972332
0.981447
0.962683
0.963425
0.96224
0.957234
0.949096
0.939302
0.929283
0.920354
0.91339
0.908748
0.906474
0.906528
0.908852
0.913307
0.919681
0.927976
0.938969
0.953576
0.96985
0.981003
0.96242
0.963062
0.961867
0.956984
0.94895
0.939227
0.929259
0.920326
0.913274
0.908466
0.905979
0.905798
0.907881
0.912097
0.918165
0.925876
0.93596
0.950271
0.967861
0.98076
0.962092
0.962731
0.961721
0.95728
0.949741
0.940481
0.930908
0.922238
0.915279
0.910408
0.907737
0.907271
0.908996
0.91279
0.918372
0.925408
0.934382
0.947853
0.966293
0.980733
0.961677
0.962411
0.961788
0.958146
0.95155
0.943191
0.934383
0.926252
0.919566
0.914727
0.911894
0.911073
0.9123
0.915453
0.92029
0.926432
0.934157
0.946448
0.96528
0.980881
0.961133
0.962013
0.961772
0.959001
0.953581
0.946466
0.938815
0.931619
0.925563
0.921031
0.91821
0.917099
0.917755
0.920086
0.9239
0.928941
0.935332
0.946042
0.964754
0.98121
0.960489
0.961555
0.961809
0.960054
0.956063
0.950517
0.944355
0.938399
0.933237
0.929209
0.926499
0.925137
0.925139
0.926483
0.929054
0.932731
0.937676
0.946478
0.964738
0.981727
0.959848
0.960896
0.961308
0.960287
0.957613
0.953729
0.949292
0.944904
0.940993
0.937823
0.935512
0.934127
0.933626
0.93406
0.935423
0.937698
0.941342
0.94847
0.965805
0.982608
0.959395
0.960661
0.961451
0.96105
0.959549
0.957211
0.954419
0.951542
0.948847
0.946537
0.944683
0.943373
0.942596
0.942402
0.942915
0.944086
0.946765
0.952245
0.967801
0.983718
0.953288
0.959312
0.959306
0.959104
0.958296
0.957216
0.955979
0.954829
0.953771
0.952991
0.95242
0.952161
0.952176
0.952445
0.953175
0.954108
0.9565
0.960666
0.972465
0.98562
0.967189
0.971157
0.973282
0.974558
0.975241
0.97567
0.975896
0.976126
0.976288
0.97654
0.976764
0.977101
0.977415
0.97784
0.978251
0.97882
0.979546
0.981078
0.984132
0.989511
)
;

boundaryField
{
    movingWall
    {
        type            fixedValue;
        value           uniform 1;
    }
    fixedWalls
    {
        type            zeroGradient;
    }
    frontAndBack
    {
        type            empty;
    }
}


// ************************************************************************* //
