/*--------------------------------*- C++ -*----------------------------------*\
| =========                 |                                                 |
| \\      /  F ield         | OpenFOAM: The Open Source CFD Toolbox           |
|  \\    /   O peration     | Version:  2212                                  |
|   \\  /    A nd           | Website:  www.openfoam.com                      |
|    \\/     M anipulation  |                                                 |
\*---------------------------------------------------------------------------*/
FoamFile
{
    version     2.0;
    format      ascii;
    arch        "LSB;label=32;scalar=64";
    class       surfaceScalarField;
    location    "2.8";
    object      phi;
}
// * * * * * * * * * * * * * * * * * * * * * * * * * * * * * * * * * * * * * //

dimensions      [0 3 -1 0 0 0 0];

oriented        oriented;

internalField   nonuniform List<scalar> 
760
(
1.40765e-07
-1.40767e-07
2.61394e-07
-1.20629e-07
2.70828e-07
-9.43383e-09
1.46809e-07
1.24019e-07
-1.45178e-07
2.91987e-07
-6.63728e-07
5.1855e-07
-1.43916e-06
7.75433e-07
-2.39497e-06
9.55805e-07
-3.3453e-06
9.50332e-07
-4.06837e-06
7.23073e-07
-4.39764e-06
3.29267e-07
-4.23735e-06
-1.60282e-07
-3.524e-06
-7.13354e-07
-2.36421e-06
-1.15979e-06
-9.78129e-07
-1.38608e-06
2.7243e-07
-1.25056e-06
1.01078e-06
-7.38348e-07
9.80849e-07
2.99287e-08
4.4164e-07
5.3921e-07
4.4164e-07
1.00822e-07
-2.41589e-07
3.31852e-08
-5.29912e-08
-3.28925e-07
3.52677e-07
-1.07289e-06
8.67986e-07
-2.24423e-06
1.46332e-06
-3.77481e-06
2.04914e-06
-5.43786e-06
2.43848e-06
-6.9375e-06
2.45545e-06
-8.04982e-06
2.06265e-06
-8.6595e-06
1.33275e-06
-8.7164e-06
3.86171e-07
-8.19348e-06
-6.83205e-07
-7.1211e-06
-1.78573e-06
-5.52924e-06
-2.75165e-06
-3.55634e-06
-3.35898e-06
-1.49754e-06
-3.30936e-06
1.30519e-07
-2.36641e-06
8.11386e-07
-6.50937e-07
5.04661e-07
8.45935e-07
9.46301e-07
-1.41262e-07
-1.00327e-07
-6.37177e-07
4.42924e-07
-1.58231e-06
1.29781e-06
-3.01971e-06
2.30539e-06
-4.84384e-06
3.28745e-06
-6.78269e-06
3.98799e-06
-8.53437e-06
4.19016e-06
-9.91455e-06
3.83563e-06
-1.08634e-05
3.01152e-06
-1.13696e-05
1.83889e-06
-1.13872e-05
4.03834e-07
-1.09553e-05
-1.11516e-06
-1.00604e-05
-2.68064e-06
-8.64913e-06
-4.16289e-06
-6.7006e-06
-5.30751e-06
-4.30292e-06
-5.70704e-06
-1.84439e-06
-4.82495e-06
-9.59635e-08
-2.39936e-06
2.87245e-07
4.62726e-07
1.23355e-06
-4.84089e-07
3.83762e-07
-1.49793e-06
1.45677e-06
-2.97928e-06
2.77916e-06
-4.84919e-06
4.1753e-06
-6.87324e-06
5.3115e-06
-8.75947e-06
5.87421e-06
-1.03039e-05
5.73456e-06
-1.14527e-05
4.9845e-06
-1.22286e-05
3.78734e-06
-1.2664e-05
2.27433e-06
-1.27473e-05
4.87164e-07
-1.25275e-05
-1.33503e-06
-1.19723e-05
-3.23577e-06
-1.09808e-05
-5.15439e-06
-9.42336e-06
-6.86497e-06
-7.17775e-06
-7.95265e-06
-4.28599e-06
-7.71671e-06
-1.34876e-06
-5.33659e-06
1.1565e-07
-1.00169e-06
1.3492e-06
-8.17364e-07
1.20113e-06
-2.24131e-06
2.88071e-06
-4.02312e-06
4.56097e-06
-5.98962e-06
6.1418e-06
-7.87756e-06
7.19944e-06
-9.46551e-06
7.46216e-06
-1.06667e-05
6.93575e-06
-1.1499e-05
5.8168e-06
-1.20205e-05
4.30887e-06
-1.23024e-05
2.55621e-06
-1.24302e-05
6.1496e-07
-1.24006e-05
-1.36467e-06
-1.2201e-05
-3.43529e-06
-1.17511e-05
-5.6043e-06
-1.08656e-05
-7.75047e-06
-9.26065e-06
-9.55763e-06
-6.64847e-06
-1.03289e-05
-3.13725e-06
-8.8478e-06
-2.58598e-07
-3.88034e-06
1.0906e-06
-1.02249e-06
2.22362e-06
-2.63408e-06
4.4923e-06
-4.44564e-06
6.37253e-06
-6.24281e-06
7.93897e-06
-7.8078e-06
8.76443e-06
-9.00315e-06
8.65751e-06
-9.81328e-06
7.74588e-06
-1.02964e-05
6.29997e-06
-1.05401e-05
4.55253e-06
-1.06441e-05
2.6602e-06
-1.07281e-05
6.9894e-07
-1.07923e-05
-1.30041e-06
-1.08459e-05
-3.38174e-06
-1.0858e-05
-5.59216e-06
-1.06723e-05
-7.93619e-06
-9.96057e-06
-1.02694e-05
-8.23666e-06
-1.20528e-05
-5.10409e-06
-1.19804e-05
-1.12726e-06
-7.85717e-06
-3.66637e-08
-1.04162e-06
3.26523e-06
-2.60848e-06
6.05916e-06
-4.24016e-06
8.00421e-06
-5.7322e-06
9.43101e-06
-6.92564e-06
9.95788e-06
-7.74868e-06
9.48054e-06
-8.22823e-06
8.22544e-06
-8.44573e-06
6.51747e-06
-8.50356e-06
4.61036e-06
-8.50167e-06
2.6583e-06
-8.52737e-06
7.24646e-07
-8.60662e-06
-1.22116e-06
-8.75792e-06
-3.23045e-06
-8.99176e-06
-5.35831e-06
-9.24603e-06
-7.68193e-06
-9.28129e-06
-1.02341e-05
-8.57585e-06
-1.27582e-05
-6.38954e-06
-1.41667e-05
-2.35431e-06
-1.18924e-05
-2.39097e-06
-8.76668e-07
4.1419e-06
-2.22132e-06
7.40381e-06
-3.55872e-06
9.34161e-06
-4.70738e-06
1.05797e-05
-5.5634e-06
1.08139e-05
-6.10105e-06
1.00182e-05
-6.36897e-06
8.49336e-06
-6.45442e-06
6.60292e-06
-6.45476e-06
4.6107e-06
-6.44752e-06
2.65106e-06
-6.47393e-06
7.51058e-07
-6.55364e-06
-1.14145e-06
-6.71012e-06
-3.07397e-06
-6.97591e-06
-5.09252e-06
-7.3661e-06
-7.29174e-06
-7.78028e-06
-9.81991e-06
-7.79586e-06
-1.27427e-05
-6.596e-06
-1.53665e-05
-3.48957e-06
-1.49988e-05
-5.88054e-06
-5.84707e-07
4.72661e-06
-1.59832e-06
8.41742e-06
-2.59661e-06
1.03399e-05
-3.41438e-06
1.13974e-05
-3.99238e-06
1.13919e-05
-4.33413e-06
1.03599e-05
-4.49306e-06
8.65229e-06
-4.54605e-06
6.6559e-06
-4.56754e-06
4.63219e-06
-4.60494e-06
2.68846e-06
-4.67035e-06
8.16469e-07
-4.77032e-06
-1.04149e-06
-4.91734e-06
-2.92695e-06
-5.14414e-06
-4.86572e-06
-5.5102e-06
-6.92568e-06
-6.02542e-06
-9.30469e-06
-6.45371e-06
-1.23144e-05
-6.04114e-06
-1.57791e-05
-3.855e-06
-1.7185e-05
-9.73554e-06
-2.17083e-07
4.94369e-06
-8.4775e-07
9.04809e-06
-1.49776e-06
1.09899e-05
-2.0137e-06
1.19134e-05
-2.36457e-06
1.17428e-05
-2.57092e-06
1.05663e-05
-2.67885e-06
8.76023e-06
-2.74164e-06
6.71869e-06
-2.80555e-06
4.6961e-06
-2.894e-06
2.77691e-06
-3.00893e-06
9.31402e-07
-3.14849e-06
-9.01929e-07
-3.314e-06
-2.76144e-06
-3.52209e-06
-4.65763e-06
-3.83287e-06
-6.61491e-06
-4.33273e-06
-8.80483e-06
-4.95514e-06
-1.1692e-05
-5.07538e-06
-1.56589e-05
-3.52261e-06
-1.87377e-05
-1.32582e-05
1.53088e-07
4.7906e-06
-6.90844e-08
9.27026e-06
-3.91425e-07
1.13123e-05
-6.36027e-07
1.2158e-05
-7.8607e-07
1.18928e-05
-8.71052e-07
1.06513e-05
-9.30566e-07
8.81974e-06
-9.97458e-07
6.78558e-06
-1.08863e-06
4.78728e-06
-1.21086e-06
2.89914e-06
-1.36426e-06
1.0848e-06
-1.54916e-06
-7.17027e-07
-1.764e-06
-2.5466e-06
-2.01055e-06
-4.41109e-06
-2.324e-06
-6.30146e-06
-2.80928e-06
-8.31954e-06
-3.52433e-06
-1.09769e-05
-4.00719e-06
-1.5176e-05
-3.01188e-06
-1.9733e-05
-1.627e-05
4.65982e-07
4.32462e-06
6.51921e-07
9.08432e-06
6.91314e-07
1.12729e-05
7.26233e-07
1.21231e-05
7.73335e-07
1.18457e-05
8.05292e-07
1.06193e-05
7.99801e-07
8.82524e-06
7.47771e-07
6.83761e-06
6.51618e-07
4.88343e-06
5.15773e-07
3.03498e-06
3.37987e-07
1.26259e-06
1.13321e-07
-4.92361e-07
-1.61677e-07
-2.2716e-06
-4.92268e-07
-4.08049e-06
-8.89359e-07
-5.90437e-06
-1.41011e-06
-7.7988e-06
-2.20572e-06
-1.01813e-05
-2.96673e-06
-1.4415e-05
-2.46812e-06
-2.02316e-05
-1.87382e-05
6.99669e-07
3.62495e-06
1.26401e-06
8.51998e-06
1.63967e-06
1.08972e-05
1.96104e-06
1.18017e-05
2.23341e-06
1.15733e-05
2.42134e-06
1.04314e-05
2.51215e-06
8.73443e-06
2.51582e-06
6.83394e-06
2.44876e-06
4.95049e-06
2.3216e-06
3.16215e-06
2.13037e-06
1.45381e-06
1.86096e-06
-2.22952e-07
1.5123e-06
-1.92294e-06
1.07898e-06
-3.64718e-06
5.54932e-07
-5.38032e-06
-1.19942e-07
-7.12392e-06
-9.97304e-07
-9.30395e-06
-1.96352e-06
-1.34488e-05
-1.94658e-06
-2.02486e-05
-2.06847e-05
8.01731e-07
2.82322e-06
1.68585e-06
7.63587e-06
2.3944e-06
1.01886e-05
3.01697e-06
1.11791e-05
3.55664e-06
1.10337e-05
3.96493e-06
1.00231e-05
4.22075e-06
8.47862e-06
4.33647e-06
6.71822e-06
4.33709e-06
4.94987e-06
4.24052e-06
3.25871e-06
4.04617e-06
1.64817e-06
3.73354e-06
8.96751e-08
3.30337e-06
-1.49277e-06
2.74116e-06
-3.08497e-06
2.04537e-06
-4.68453e-06
1.22882e-06
-6.30737e-06
1.92284e-07
-8.26741e-06
-1.02478e-06
-1.22317e-05
-1.4592e-06
-1.98142e-05
-2.21439e-05
7.38744e-07
2.08448e-06
1.81095e-06
6.56367e-06
2.80319e-06
9.1964e-06
3.74502e-06
1.02373e-05
4.60371e-06
1.0175e-05
5.30883e-06
9.31796e-06
5.8161e-06
7.97135e-06
6.12576e-06
6.40856e-06
6.25976e-06
4.81587e-06
6.23901e-06
3.27946e-06
6.06549e-06
1.82169e-06
5.72851e-06
4.26653e-07
5.2078e-06
-9.72055e-07
4.50289e-06
-2.38006e-06
3.60751e-06
-3.78914e-06
2.55154e-06
-5.2514e-06
1.28447e-06
-7.00035e-06
-2.15848e-07
-1.07314e-05
-9.58951e-07
-1.90711e-05
-2.31029e-05
5.25375e-07
1.5591e-06
1.61997e-06
5.46907e-06
2.88776e-06
7.92861e-06
4.18453e-06
8.94054e-06
5.4141e-06
8.94541e-06
6.47487e-06
8.25718e-06
7.29639e-06
7.14984e-06
7.86197e-06
5.84298e-06
8.18325e-06
4.49459e-06
8.27852e-06
3.18419e-06
8.15491e-06
1.9453e-06
7.81072e-06
7.70837e-07
7.20306e-06
-3.64392e-07
6.34863e-06
-1.52563e-06
5.23579e-06
-2.67631e-06
3.91043e-06
-3.92604e-06
2.42938e-06
-5.5193e-06
8.46076e-07
-9.1481e-06
-1.97068e-07
-1.80279e-05
-2.32999e-05
1.21539e-07
1.43756e-06
9.24612e-07
4.666e-06
2.31828e-06
6.53494e-06
3.96519e-06
7.29363e-06
5.62925e-06
7.28134e-06
7.12454e-06
6.76189e-06
8.3437e-06
5.93068e-06
9.25292e-06
4.93376e-06
9.84476e-06
3.90275e-06
1.01317e-05
2.89722e-06
1.01183e-05
1.9587e-06
9.81095e-06
1.07821e-06
9.17702e-06
2.69548e-07
8.2177e-06
-5.66308e-07
6.94104e-06
-1.39965e-06
5.39712e-06
-2.38212e-06
3.74228e-06
-3.86446e-06
2.13641e-06
-7.54222e-06
6.12129e-07
-1.65037e-05
-2.26878e-05
-4.96291e-07
1.93385e-06
1.50231e-07
4.01947e-06
1.5995e-06
5.08568e-06
3.5563e-06
5.33683e-06
5.6229e-06
5.21474e-06
7.51948e-06
4.86531e-06
9.10526e-06
4.3449e-06
1.03357e-05
3.70332e-06
1.1189e-05
3.04948e-06
1.16819e-05
2.40428e-06
1.1818e-05
1.82259e-06
1.16181e-05
1.27814e-06
1.10965e-05
7.9118e-07
1.02407e-05
2.89485e-07
9.05724e-06
-2.16214e-07
7.60791e-06
-9.32792e-07
6.08299e-06
-2.33954e-06
4.35464e-06
-5.81388e-06
2.01271e-06
-1.41617e-05
-2.06751e-05
-4.15838e-06
6.09223e-06
-3.64156e-06
3.50266e-06
-1.32218e-06
2.76629e-06
1.37985e-06
2.6348e-06
4.02696e-06
2.56762e-06
6.48373e-06
2.40854e-06
8.64274e-06
2.1859e-06
1.04437e-05
1.90234e-06
1.1867e-05
1.6262e-06
1.29363e-05
1.335e-06
1.3667e-05
1.0919e-06
1.41014e-05
8.43699e-07
1.4231e-05
6.61582e-07
1.40712e-05
4.4926e-07
1.36015e-05
2.53475e-07
1.28372e-05
-1.68442e-07
1.17836e-05
-1.28595e-06
1.00519e-05
-4.0822e-06
5.6129e-06
-9.7227e-06
-1.50622e-05
6.09223e-06
9.59489e-06
1.23612e-05
1.4996e-05
1.75636e-05
1.99721e-05
2.2158e-05
2.40604e-05
2.56866e-05
2.70216e-05
2.81135e-05
2.89572e-05
2.96188e-05
3.0068e-05
3.03215e-05
3.01531e-05
2.88671e-05
2.47849e-05
1.50622e-05
)
;

boundaryField
{
    movingWall
    {
        type            calculated;
        value           uniform 0;
    }
    fixedWalls
    {
        type            calculated;
        value           uniform 0;
    }
    frontAndBack
    {
        type            empty;
        value           nonuniform List<scalar> 0();
    }
}


// ************************************************************************* //
