/*--------------------------------*- C++ -*----------------------------------*\
| =========                 |                                                 |
| \\      /  F ield         | OpenFOAM: The Open Source CFD Toolbox           |
|  \\    /   O peration     | Version:  2212                                  |
|   \\  /    A nd           | Website:  www.openfoam.com                      |
|    \\/     M anipulation  |                                                 |
\*---------------------------------------------------------------------------*/
FoamFile
{
    version     2.0;
    format      ascii;
    arch        "LSB;label=32;scalar=64";
    class       volScalarField;
    location    "2.8";
    object      T;
}
// * * * * * * * * * * * * * * * * * * * * * * * * * * * * * * * * * * * * * //

dimensions      [0 0 0 1 0 0 0];

internalField   nonuniform List<scalar> 
400
(
0.177449
0.20371
0.256078
0.33234
0.42124
0.503337
0.562373
0.594945
0.609613
0.617199
0.622412
0.626011
0.62802
0.627713
0.623855
0.613947
0.5939
0.557114
0.504452
0.461786
0.207168
0.240412
0.305457
0.396188
0.491991
0.564405
0.602275
0.618643
0.62794
0.634957
0.640963
0.64649
0.651408
0.65455
0.653481
0.643838
0.619191
0.573139
0.512741
0.467512
0.255649
0.301695
0.384907
0.483441
0.564413
0.608156
0.62514
0.632946
0.637401
0.640638
0.644833
0.651352
0.660372
0.670959
0.679627
0.679781
0.660094
0.607168
0.528516
0.478087
0.306956
0.366876
0.46218
0.551438
0.605154
0.623729
0.626158
0.62267
0.616107
0.610879
0.610038
0.616176
0.629429
0.650014
0.674925
0.697552
0.703817
0.670317
0.577059
0.505778
0.350997
0.421556
0.51915
0.589407
0.616421
0.61482
0.601874
0.583335
0.564446
0.550637
0.54473
0.549353
0.564444
0.591352
0.629107
0.674037
0.715243
0.728367
0.668063
0.559152
0.384662
0.460913
0.553564
0.602757
0.607147
0.588415
0.560595
0.529597
0.502821
0.484485
0.476258
0.47926
0.493518
0.520617
0.561723
0.616749
0.680858
0.73822
0.747475
0.637219
0.408649
0.486065
0.570283
0.600598
0.587205
0.554912
0.516123
0.478488
0.449518
0.431301
0.423858
0.426491
0.439107
0.463178
0.501294
0.556119
0.627293
0.706665
0.769267
0.740314
0.424636
0.49993
0.575336
0.591129
0.56484
0.522882
0.477625
0.438068
0.410432
0.394714
0.389313
0.392263
0.403029
0.422856
0.455112
0.504946
0.576149
0.664675
0.752563
0.799728
0.434535
0.505788
0.573742
0.579827
0.54499
0.496958
0.448771
0.409878
0.384861
0.372137
0.368891
0.372542
0.382139
0.398333
0.423981
0.465393
0.531411
0.62437
0.725966
0.792964
0.43964
0.505876
0.568448
0.5698
0.530592
0.479386
0.430237
0.392589
0.369724
0.359081
0.357162
0.361288
0.370457
0.384892
0.406173
0.439439
0.496492
0.588893
0.704619
0.787946
0.44092
0.501885
0.561353
0.562389
0.522227
0.470005
0.420941
0.384209
0.362286
0.352291
0.350556
0.354557
0.363436
0.377271
0.396516
0.423943
0.471255
0.558365
0.683277
0.784679
0.438964
0.494696
0.552536
0.557199
0.519896
0.468917
0.420592
0.384014
0.361577
0.350782
0.348228
0.351589
0.360092
0.373793
0.392505
0.416562
0.455159
0.534999
0.667133
0.783138
0.433798
0.484977
0.542439
0.553804
0.522648
0.474965
0.428085
0.391367
0.367611
0.355129
0.351081
0.353368
0.361202
0.37452
0.392877
0.415022
0.446251
0.516693
0.653273
0.783358
0.424797
0.472359
0.529338
0.549423
0.528352
0.487372
0.443859
0.407645
0.382375
0.367588
0.361364
0.361954
0.368565
0.380847
0.398165
0.418524
0.443934
0.505012
0.64412
0.785094
0.411384
0.457799
0.514478
0.543142
0.534002
0.502533
0.464902
0.431153
0.405723
0.389328
0.381067
0.379636
0.384308
0.394465
0.40927
0.426907
0.447425
0.498548
0.638023
0.788365
0.394218
0.439802
0.495344
0.531586
0.536284
0.518207
0.490419
0.46236
0.439068
0.422359
0.412369
0.408456
0.410002
0.416386
0.426837
0.440026
0.456107
0.497331
0.636326
0.793338
0.378719
0.424358
0.477102
0.515601
0.530134
0.525195
0.509638
0.490905
0.473501
0.459625
0.449969
0.4445
0.44288
0.444693
0.449944
0.457785
0.470865
0.505485
0.64284
0.801686
0.367181
0.407742
0.458857
0.497749
0.519212
0.525659
0.522373
0.51397
0.503955
0.49434
0.486314
0.480294
0.476781
0.475426
0.477697
0.482365
0.496145
0.528185
0.658677
0.812573
0.301741
0.417189
0.444305
0.469583
0.484735
0.493644
0.498012
0.500322
0.501347
0.502893
0.504839
0.508099
0.512698
0.518234
0.526946
0.536056
0.556815
0.591718
0.698833
0.831193
0.501799
0.566598
0.605131
0.632281
0.651497
0.66659
0.678306
0.68892
0.697773
0.706756
0.714526
0.722982
0.730313
0.73864
0.745829
0.754798
0.763787
0.781356
0.811785
0.871473
)
;

boundaryField
{
    movingWall
    {
        type            fixedValue;
        value           uniform 1;
    }
    fixedWalls
    {
        type            zeroGradient;
    }
    frontAndBack
    {
        type            empty;
    }
}


// ************************************************************************* //
