/*--------------------------------*- C++ -*----------------------------------*\
| =========                 |                                                 |
| \\      /  F ield         | OpenFOAM: The Open Source CFD Toolbox           |
|  \\    /   O peration     | Version:  2212                                  |
|   \\  /    A nd           | Website:  www.openfoam.com                      |
|    \\/     M anipulation  |                                                 |
\*---------------------------------------------------------------------------*/
FoamFile
{
    version     2.0;
    format      ascii;
    arch        "LSB;label=32;scalar=64";
    class       volScalarField;
    location    "1.8";
    object      T;
}
// * * * * * * * * * * * * * * * * * * * * * * * * * * * * * * * * * * * * * //

dimensions      [0 0 0 1 0 0 0];

internalField   nonuniform List<scalar> 
400
(
0.0133014
0.022488
0.0434741
0.0803074
0.13575
0.207128
0.283485
0.348898
0.392412
0.415868
0.428307
0.435358
0.438298
0.436023
0.426949
0.407046
0.370348
0.309552
0.235005
0.182558
0.0207861
0.0358182
0.0693232
0.12523
0.202812
0.290202
0.366096
0.416207
0.444596
0.462322
0.475219
0.485058
0.492056
0.494516
0.48946
0.470512
0.42828
0.35335
0.261739
0.201083
0.0354395
0.0622315
0.11838
0.201179
0.297106
0.382338
0.438847
0.469211
0.486433
0.498093
0.507496
0.517083
0.527649
0.538257
0.545185
0.539866
0.507178
0.427137
0.30929
0.235473
0.0556749
0.0985387
0.180693
0.283431
0.379113
0.44402
0.474399
0.484151
0.485573
0.484392
0.485418
0.49194
0.50538
0.525915
0.551315
0.573818
0.576282
0.527188
0.397988
0.295432
0.0785493
0.138299
0.242028
0.350823
0.430262
0.466649
0.47012
0.45908
0.444242
0.431742
0.426129
0.42958
0.443362
0.468737
0.506659
0.55396
0.598605
0.609788
0.528138
0.384929
0.100649
0.174501
0.291437
0.394489
0.450354
0.458771
0.440008
0.413864
0.390004
0.373632
0.366361
0.36784
0.378537
0.40062
0.438069
0.493593
0.563692
0.628898
0.635288
0.496989
0.119383
0.202653
0.325036
0.41664
0.449531
0.436082
0.403282
0.371104
0.347743
0.335508
0.331952
0.333902
0.340674
0.354738
0.382091
0.430558
0.504498
0.595366
0.668507
0.626645
0.133469
0.221336
0.344063
0.42403
0.439033
0.411369
0.372392
0.341687
0.325196
0.321266
0.323686
0.327428
0.33113
0.336769
0.350586
0.384024
0.449501
0.547184
0.652258
0.705271
0.14259
0.231059
0.351629
0.423048
0.42661
0.391367
0.351512
0.325971
0.318012
0.322043
0.329309
0.334546
0.336904
0.337604
0.340366
0.356263
0.405633
0.501311
0.621503
0.704588
0.146922
0.233084
0.350516
0.417703
0.416244
0.378319
0.339895
0.319457
0.317924
0.326664
0.335806
0.341097
0.343313
0.343769
0.342602
0.34547
0.375573
0.462358
0.595703
0.698887
0.146568
0.228369
0.342501
0.409965
0.409156
0.371944
0.335217
0.317535
0.318633
0.328395
0.336842
0.340843
0.342902
0.34545
0.346419
0.344025
0.357191
0.429892
0.57078
0.696468
0.141918
0.218312
0.328582
0.399672
0.404732
0.371308
0.335926
0.318006
0.317938
0.326011
0.332745
0.335378
0.337176
0.341934
0.347513
0.346224
0.347772
0.40556
0.551226
0.695063
0.132832
0.203651
0.309405
0.386174
0.401498
0.375192
0.341486
0.321111
0.31692
0.321426
0.32627
0.328392
0.330449
0.336724
0.346182
0.348612
0.343417
0.386353
0.534763
0.69619
0.119379
0.18485
0.284705
0.367059
0.396167
0.381528
0.352174
0.329409
0.319553
0.318876
0.321192
0.323304
0.326435
0.333882
0.345239
0.35085
0.342594
0.372905
0.522995
0.69875
0.102956
0.163332
0.256305
0.341978
0.385321
0.386103
0.365658
0.343822
0.329741
0.323822
0.322925
0.324527
0.328523
0.336302
0.34696
0.352962
0.343371
0.363397
0.514846
0.703402
0.0864707
0.14084
0.224911
0.309465
0.364765
0.383453
0.377685
0.363063
0.349582
0.340887
0.336953
0.336708
0.339454
0.345045
0.351845
0.354946
0.345247
0.358047
0.511402
0.709828
0.073996
0.122252
0.196288
0.273411
0.33223
0.36443
0.374797
0.372989
0.366882
0.360915
0.356796
0.354754
0.35448
0.355383
0.356458
0.355246
0.348296
0.359805
0.51665
0.720423
0.0709394
0.110185
0.174348
0.240051
0.294302
0.331268
0.352413
0.361848
0.36452
0.363617
0.36149
0.359011
0.357118
0.355413
0.355087
0.354464
0.357987
0.378649
0.534915
0.734881
-0.0493217
0.109646
0.152884
0.198146
0.234361
0.263425
0.28532
0.302056
0.314538
0.325352
0.334593
0.343929
0.353402
0.362776
0.374922
0.38559
0.408653
0.447824
0.582767
0.758841
0.252394
0.342696
0.399396
0.441301
0.473139
0.499633
0.521317
0.54106
0.557757
0.574109
0.588161
0.602768
0.615265
0.628846
0.640325
0.653924
0.666289
0.690391
0.730414
0.813503
)
;

boundaryField
{
    movingWall
    {
        type            fixedValue;
        value           uniform 1;
    }
    fixedWalls
    {
        type            zeroGradient;
    }
    frontAndBack
    {
        type            empty;
    }
}


// ************************************************************************* //
