/*--------------------------------*- C++ -*----------------------------------*\
| =========                 |                                                 |
| \\      /  F ield         | OpenFOAM: The Open Source CFD Toolbox           |
|  \\    /   O peration     | Version:  2212                                  |
|   \\  /    A nd           | Website:  www.openfoam.com                      |
|    \\/     M anipulation  |                                                 |
\*---------------------------------------------------------------------------*/
FoamFile
{
    version     2.0;
    format      ascii;
    arch        "LSB;label=32;scalar=64";
    class       surfaceScalarField;
    location    "1.2";
    object      phi;
}
// * * * * * * * * * * * * * * * * * * * * * * * * * * * * * * * * * * * * * //

dimensions      [0 3 -1 0 0 0 0];

oriented        oriented;

internalField   nonuniform List<scalar> 
760
(
5.66829e-09
-5.66808e-09
-4.57097e-08
5.13779e-08
-1.33435e-07
8.77251e-08
-2.52563e-07
1.19128e-07
-4.19531e-07
1.66968e-07
-6.5636e-07
2.36829e-07
-9.77545e-07
3.21185e-07
-1.37538e-06
3.97836e-07
-1.80475e-06
4.29372e-07
-2.18e-06
3.75249e-07
-2.39641e-06
2.16407e-07
-2.37289e-06
-2.35151e-08
-2.03126e-06
-3.41629e-07
-1.42312e-06
-6.08146e-07
-6.80084e-07
-7.43034e-07
-2.89984e-09
-6.77185e-07
4.2367e-07
-4.2657e-07
4.572e-07
-3.35302e-08
2.18605e-07
2.38595e-07
2.18605e-07
-1.01206e-07
9.55379e-08
-3.39171e-07
2.89343e-07
-6.57384e-07
4.05937e-07
-1.05362e-06
5.15368e-07
-1.55324e-06
6.66585e-07
-2.17707e-06
8.60658e-07
-2.91524e-06
1.05936e-06
-3.70825e-06
1.19085e-06
-4.44506e-06
1.16618e-06
-4.98667e-06
9.16863e-07
-5.21326e-06
4.43e-07
-5.04662e-06
-1.90155e-07
-4.45171e-06
-9.36543e-07
-3.46733e-06
-1.59253e-06
-2.21915e-06
-1.99121e-06
-9.35972e-07
-1.96036e-06
3.6093e-08
-1.39864e-06
4.48129e-07
-4.45566e-07
2.88085e-07
3.98639e-07
5.0669e-07
-2.3033e-07
3.25868e-07
-6.64758e-07
7.23771e-07
-1.20631e-06
9.47493e-07
-1.85165e-06
1.16071e-06
-2.62523e-06
1.44016e-06
-3.53712e-06
1.77255e-06
-4.55797e-06
2.08021e-06
-5.6062e-06
2.23908e-06
-6.5531e-06
2.11307e-06
-7.25134e-06
1.61511e-06
-7.57908e-06
7.70745e-07
-7.46864e-06
-3.00603e-07
-6.90053e-06
-1.50464e-06
-5.8693e-06
-2.62377e-06
-4.41907e-06
-3.44144e-06
-2.6977e-06
-3.68173e-06
-1.04082e-06
-3.05551e-06
2.78387e-08
-1.51423e-06
2.26173e-07
2.00305e-07
7.32863e-07
-3.44379e-07
6.70247e-07
-9.47125e-07
1.32652e-06
-1.67284e-06
1.6732e-06
-2.51705e-06
2.00492e-06
-3.5077e-06
2.43081e-06
-4.65646e-06
2.92131e-06
-5.92925e-06
3.353e-06
-7.22466e-06
3.5345e-06
-8.38482e-06
3.27323e-06
-9.25413e-06
2.48442e-06
-9.7268e-06
1.24341e-06
-9.73836e-06
-2.89045e-07
-9.3259e-06
-1.91711e-06
-8.44055e-06
-3.50912e-06
-7.0255e-06
-4.85648e-06
-5.07797e-06
-5.62927e-06
-2.78699e-06
-5.34649e-06
-7.40067e-07
-3.56115e-06
1.43407e-07
-6.83169e-07
8.76269e-07
-4.25644e-07
1.09589e-06
-1.14901e-06
2.04988e-06
-2.00805e-06
2.53224e-06
-3.00026e-06
2.99713e-06
-4.16079e-06
3.59134e-06
-5.50092e-06
4.26144e-06
-6.96293e-06
4.81501e-06
-8.39747e-06
4.96904e-06
-9.61444e-06
4.4902e-06
-1.04883e-05
3.35825e-06
-1.09885e-05
1.74365e-06
-1.10572e-05
-2.20342e-07
-1.08371e-05
-2.13717e-06
-1.02501e-05
-4.0962e-06
-9.17582e-06
-5.93072e-06
-7.45328e-06
-7.3518e-06
-4.97029e-06
-7.82948e-06
-2.06442e-06
-6.46702e-06
-9.19673e-08
-2.65562e-06
7.84302e-07
-4.6235e-07
1.55824e-06
-1.24776e-06
2.83529e-06
-2.18051e-06
3.46499e-06
-3.25613e-06
4.07275e-06
-4.50463e-06
4.83984e-06
-5.91237e-06
5.66918e-06
-7.37397e-06
6.27662e-06
-8.70459e-06
6.29966e-06
-9.73666e-06
5.52227e-06
-1.04135e-05
4.0351e-06
-1.07821e-05
2.11223e-06
-1.08909e-05
-1.11579e-07
-1.08231e-05
-2.20493e-06
-1.05663e-05
-4.35298e-06
-1.00154e-05
-6.48167e-06
-8.91596e-06
-8.45122e-06
-6.9178e-06
-9.82765e-06
-3.86715e-06
-9.51767e-06
-7.04721e-07
-5.81805e-06
7.95818e-08
-4.46693e-07
2.00493e-06
-1.22589e-06
3.61449e-06
-2.15694e-06
4.39604e-06
-3.21972e-06
5.13554e-06
-4.42075e-06
6.04087e-06
-5.71194e-06
6.96036e-06
-6.96103e-06
7.52571e-06
-8.00156e-06
7.34018e-06
-8.72945e-06
6.25016e-06
-9.14813e-06
4.45378e-06
-9.32953e-06
2.29363e-06
-9.42463e-06
-1.6479e-08
-9.40493e-06
-2.22462e-06
-9.3641e-06
-4.39381e-06
-9.28663e-06
-6.55913e-06
-8.94707e-06
-8.79078e-06
-7.8681e-06
-1.09066e-05
-5.47048e-06
-1.19153e-05
-1.7477e-06
-9.54082e-06
-1.66812e-06
-3.77126e-07
2.38206e-06
-1.07731e-06
4.31467e-06
-1.92265e-06
5.24138e-06
-2.86594e-06
6.07882e-06
-3.88606e-06
7.06099e-06
-4.92059e-06
7.99489e-06
-5.85483e-06
8.45995e-06
-6.57845e-06
8.06381e-06
-7.04792e-06
6.71963e-06
-7.29336e-06
4.69922e-06
-7.38163e-06
2.38189e-06
-7.41416e-06
1.6054e-08
-7.39402e-06
-2.24477e-06
-7.41494e-06
-4.37289e-06
-7.55672e-06
-6.41735e-06
-7.74376e-06
-8.60374e-06
-7.52905e-06
-1.11213e-05
-6.10554e-06
-1.33388e-05
-2.86994e-06
-1.27764e-05
-4.53806e-06
-2.6237e-07
2.64443e-06
-8.17559e-07
4.86986e-06
-1.50322e-06
5.92704e-06
-2.24275e-06
6.81836e-06
-2.99455e-06
7.8128e-06
-3.70792e-06
8.70827e-06
-4.31713e-06
9.06915e-06
-4.77775e-06
8.52443e-06
-5.09087e-06
7.03275e-06
-5.28576e-06
4.8941e-06
-5.39647e-06
2.49261e-06
-5.44456e-06
6.41435e-08
-5.45095e-06
-2.23838e-06
-5.47304e-06
-4.3508e-06
-5.63424e-06
-6.25616e-06
-6.01441e-06
-8.22357e-06
-6.34048e-06
-1.07953e-05
-5.79031e-06
-1.3889e-05
-3.51741e-06
-1.50493e-05
-8.05547e-06
-1.21693e-07
2.76612e-06
-4.834e-07
5.23156e-06
-9.59392e-07
6.40303e-06
-1.44629e-06
7.30525e-06
-1.88924e-06
8.25574e-06
-2.26457e-06
9.0836e-06
-2.56613e-06
9.37071e-06
-2.80759e-06
8.76589e-06
-3.01417e-06
7.23932e-06
-3.20073e-06
5.08066e-06
-3.36513e-06
2.65702e-06
-3.49471e-06
1.93719e-07
-3.57583e-06
-2.15725e-06
-3.64288e-06
-4.28376e-06
-3.80765e-06
-6.09139e-06
-4.24215e-06
-7.78907e-06
-4.8751e-06
-1.01623e-05
-4.96542e-06
-1.37986e-05
-3.38436e-06
-1.66304e-05
-1.14398e-05
2.76674e-08
2.73846e-06
-1.2359e-07
5.38282e-06
-3.68781e-07
6.64822e-06
-5.8776e-07
7.52423e-06
-7.17413e-07
8.3854e-06
-7.61008e-07
9.1272e-06
-7.70698e-07
9.3804e-06
-7.99212e-07
8.79441e-06
-8.76858e-07
7.31697e-06
-1.016e-06
5.2198e-06
-1.20144e-06
2.84245e-06
-1.41147e-06
4.03751e-07
-1.6123e-06
-1.95643e-06
-1.81727e-06
-4.07878e-06
-2.07959e-06
-5.82906e-06
-2.57603e-06
-7.29263e-06
-3.39737e-06
-9.34097e-06
-3.94802e-06
-1.3248e-05
-2.94649e-06
-1.76319e-05
-1.43863e-05
1.4446e-07
2.594e-06
1.96175e-07
5.33111e-06
1.824e-07
6.662e-06
2.21068e-07
7.48557e-06
3.82113e-07
8.22435e-06
6.58759e-07
8.85055e-06
9.69945e-07
9.06922e-06
1.20919e-06
8.55517e-06
1.30498e-06
7.22117e-06
1.24947e-06
5.27531e-06
1.07472e-06
3.0172e-06
8.02094e-07
6.76381e-07
4.73656e-07
-1.62799e-06
9.20154e-08
-3.69714e-06
-4.06616e-07
-5.33043e-06
-1.07684e-06
-6.62241e-06
-2.06506e-06
-8.35275e-06
-2.95375e-06
-1.23593e-05
-2.46934e-06
-1.81163e-05
-1.68557e-05
2.18835e-07
2.37516e-06
4.33183e-07
5.11676e-06
6.13502e-07
6.48168e-06
8.66769e-07
7.2323e-06
1.27836e-06
7.81277e-06
1.84378e-06
8.28513e-06
2.46477e-06
8.44822e-06
2.99148e-06
8.02846e-06
3.31265e-06
6.9e-06
3.39943e-06
5.18853e-06
3.27551e-06
3.14112e-06
2.96407e-06
9.87822e-07
2.48301e-06
-1.14693e-06
1.86605e-06
-3.08017e-06
1.14011e-06
-4.60449e-06
2.44833e-07
-5.72714e-06
-9.01361e-07
-7.20655e-06
-2.05792e-06
-1.12028e-05
-2.0046e-06
-1.81696e-05
-1.88603e-05
2.36065e-07
2.1391e-06
5.53561e-07
4.79926e-06
8.89375e-07
6.14586e-06
1.31881e-06
6.80286e-06
1.91778e-06
7.2138e-06
2.69144e-06
7.51147e-06
3.54995e-06
7.58971e-06
4.33357e-06
7.24484e-06
4.89567e-06
6.3379e-06
5.16617e-06
4.91803e-06
5.14288e-06
3.16441e-06
4.84648e-06
1.28422e-06
4.2667e-06
-5.67152e-07
3.47014e-06
-2.28361e-06
2.50561e-06
-3.63997e-06
1.41656e-06
-4.63809e-06
9.13446e-08
-5.88134e-06
-1.26581e-06
-9.8456e-06
-1.57815e-06
-1.78573e-05
-2.04384e-05
1.85086e-07
1.95401e-06
5.18548e-07
4.4658e-06
9.47969e-07
5.71644e-06
1.5107e-06
6.24013e-06
2.24709e-06
6.4774e-06
3.15771e-06
6.60085e-06
4.17007e-06
6.57735e-06
5.14012e-06
6.27479e-06
5.9067e-06
5.57133e-06
6.36104e-06
4.46369e-06
6.46218e-06
3.06328e-06
6.21806e-06
1.52834e-06
5.61622e-06
3.46792e-08
4.71581e-06
-1.3832e-06
3.58835e-06
-2.51251e-06
2.33043e-06
-3.38016e-06
9.14974e-07
-4.46589e-06
-5.37872e-07
-8.39275e-06
-1.16173e-06
-1.72334e-05
-2.16002e-05
7.15243e-08
1.88249e-06
3.47459e-07
4.18987e-06
8.26474e-07
5.23743e-06
1.48378e-06
5.58283e-06
2.31165e-06
5.64953e-06
3.2968e-06
5.6157e-06
4.37972e-06
5.49443e-06
5.44444e-06
5.21007e-06
6.34107e-06
4.6747e-06
6.94278e-06
3.86198e-06
7.1715e-06
2.83456e-06
7.00343e-06
1.6964e-06
6.46559e-06
5.72524e-07
5.5461e-06
-4.63708e-07
4.35538e-06
-1.3218e-06
3.02778e-06
-2.05255e-06
1.62782e-06
-3.06593e-06
1.05055e-07
-6.86999e-06
-6.12701e-07
-1.65157e-05
-2.22129e-05
-1.93496e-07
2.07598e-06
-1.46644e-07
4.14301e-06
3.46857e-07
4.74393e-06
1.13497e-06
4.79471e-06
2.09687e-06
4.68763e-06
3.17229e-06
4.54028e-06
4.30612e-06
4.36059e-06
5.41518e-06
4.10102e-06
6.37654e-06
3.71334e-06
7.07388e-06
3.16464e-06
7.41248e-06
2.49596e-06
7.35527e-06
1.75361e-06
6.89091e-06
1.03689e-06
6.05566e-06
3.71545e-07
4.92908e-06
-1.95222e-07
3.68312e-06
-8.06592e-07
2.47652e-06
-1.85933e-06
1.30958e-06
-5.70305e-06
2.40764e-07
-1.54469e-05
-2.19721e-05
-3.67841e-07
2.44382e-06
-4.36369e-07
4.21154e-06
-6.66272e-09
4.31422e-06
7.75702e-07
4.01235e-06
1.76723e-06
3.6961e-06
2.86357e-06
3.44395e-06
3.99607e-06
3.22809e-06
5.1032e-06
2.99388e-06
6.08337e-06
2.73317e-06
6.84928e-06
2.39874e-06
7.31188e-06
2.03336e-06
7.44189e-06
1.6236e-06
7.22481e-06
1.25397e-06
6.70093e-06
8.95431e-07
5.92448e-06
5.81222e-07
5.11579e-06
2.10164e-09
4.35542e-06
-1.09896e-06
3.38406e-06
-4.73169e-06
1.61507e-06
-1.36779e-05
-2.0357e-05
-3.95954e-06
6.40336e-06
-3.62085e-06
3.87285e-06
-2.03926e-06
2.73263e-06
-3.54427e-07
2.32752e-06
1.26229e-06
2.07938e-06
2.83606e-06
1.87019e-06
4.36127e-06
1.70288e-06
5.81649e-06
1.53865e-06
7.14721e-06
1.40244e-06
8.31023e-06
1.23572e-06
9.24962e-06
1.09397e-06
9.95202e-06
9.212e-07
1.03964e-05
8.09624e-07
1.06289e-05
6.62908e-07
1.06749e-05
5.35167e-07
1.04716e-05
2.05401e-07
1.01559e-05
-7.83177e-07
9.23398e-06
-3.80981e-06
5.28401e-06
-9.7279e-06
-1.5073e-05
6.40336e-06
1.02762e-05
1.30088e-05
1.53364e-05
1.74157e-05
1.92859e-05
2.09888e-05
2.25275e-05
2.39299e-05
2.51656e-05
2.62596e-05
2.71808e-05
2.79904e-05
2.86533e-05
2.91885e-05
2.93939e-05
2.86107e-05
2.48009e-05
1.5073e-05
)
;

boundaryField
{
    movingWall
    {
        type            calculated;
        value           uniform 0;
    }
    fixedWalls
    {
        type            calculated;
        value           uniform 0;
    }
    frontAndBack
    {
        type            empty;
        value           nonuniform List<scalar> 0();
    }
}


// ************************************************************************* //
