/*--------------------------------*- C++ -*----------------------------------*\
| =========                 |                                                 |
| \\      /  F ield         | OpenFOAM: The Open Source CFD Toolbox           |
|  \\    /   O peration     | Version:  2212                                  |
|   \\  /    A nd           | Website:  www.openfoam.com                      |
|    \\/     M anipulation  |                                                 |
\*---------------------------------------------------------------------------*/
FoamFile
{
    version     2.0;
    format      ascii;
    arch        "LSB;label=32;scalar=64";
    class       volScalarField;
    location    "8.4";
    object      p;
}
// * * * * * * * * * * * * * * * * * * * * * * * * * * * * * * * * * * * * * //

dimensions      [0 2 -2 0 0 0 0];

internalField   nonuniform List<scalar> 
400
(
8.46775e-08
-0.00015089
-0.000534904
-0.00107204
-0.00173268
-0.00249405
-0.0031851
-0.00359762
-0.00356538
-0.00293415
-0.0015487
0.00061909
0.0032492
0.00551382
0.00653388
0.00592359
0.00400328
0.0021511
0.00111212
0.00104302
0.00011599
-5.83979e-05
-0.000377287
-0.000764416
-0.00124429
-0.00188833
-0.00270633
-0.00354351
-0.0040799
-0.00393831
-0.00284641
-0.000824991
0.00168916
0.00396082
0.00512497
0.00474391
0.00310435
0.00137627
0.000594689
0.00068564
0.000536054
0.000264638
-7.75965e-05
-0.000559894
-0.00134749
-0.00258068
-0.00421895
-0.00598328
-0.0074018
-0.00794301
-0.00726342
-0.00546139
-0.00289121
-0.000194246
0.00179234
0.00242872
0.00171019
0.00050367
-0.000394505
-0.000391327
0.00115143
0.000740804
0.000191523
-0.000775042
-0.00245112
-0.00493741
-0.00799415
-0.0111189
-0.0137012
-0.0151745
-0.0152043
-0.0138376
-0.0112917
-0.00802746
-0.00475084
-0.0022084
-0.000869038
-0.000704842
-0.00128741
-0.0019168
0.00158258
0.000973098
-2.33002e-05
-0.00192417
-0.00500615
-0.00917871
-0.0139113
-0.0184763
-0.0222117
-0.0246479
-0.0255234
-0.0247179
-0.022359
-0.0187397
-0.0143016
-0.00965334
-0.00559026
-0.00294742
-0.00219195
-0.00401649
0.00129247
0.000444309
-0.0011977
-0.00430405
-0.00900363
-0.0148778
-0.0210684
-0.0267094
-0.0311841
-0.0341705
-0.035537
-0.0351812
-0.0331894
-0.0297122
-0.0248941
-0.0189569
-0.0125024
-0.0069464
-0.00439941
-0.00652245
-4.91747e-05
-0.00114817
-0.00349949
-0.00779579
-0.0139299
-0.0211098
-0.0282296
-0.0343992
-0.0391185
-0.0422206
-0.0437079
-0.0435987
-0.0419618
-0.0388692
-0.034303
-0.028151
-0.0205346
-0.0126999
-0.00785289
-0.00774643
-0.00245105
-0.00374244
-0.00669805
-0.0119114
-0.0190358
-0.0269755
-0.0344953
-0.040768
-0.0454375
-0.0484622
-0.0499242
-0.0499157
-0.0485159
-0.0457756
-0.0416517
-0.0359182
-0.0283193
-0.0193668
-0.0118197
-0.00797906
-0.0055377
-0.00691491
-0.0102624
-0.0160189
-0.0236528
-0.0318814
-0.0394404
-0.0455992
-0.0501213
-0.0530396
-0.0544678
-0.054508
-0.0532349
-0.0507099
-0.0469488
-0.0418014
-0.0348597
-0.0259419
-0.0167055
-0.0099924
-0.00873322
-0.0100849
-0.0135956
-0.0195382
-0.0272797
-0.0354775
-0.0428994
-0.048894
-0.053291
-0.0561469
-0.0575697
-0.057641
-0.0564238
-0.0539928
-0.0504356
-0.0457479
-0.0396244
-0.0315169
-0.0223163
-0.0143365
-0.011503
-0.0127564
-0.0162166
-0.0220496
-0.0295996
-0.037578
-0.0448125
-0.0506821
-0.0550227
-0.0578719
-0.0593131
-0.0594046
-0.0581966
-0.0557689
-0.0522699
-0.0478387
-0.0424206
-0.0353747
-0.0271921
-0.0191748
-0.013548
-0.0146169
-0.0178529
-0.0233104
-0.0304231
-0.0380518
-0.0451034
-0.0509321
-0.0553085
-0.0582176
-0.0597041
-0.0598065
-0.0585657
-0.0560627
-0.0524983
-0.0481243
-0.0431963
-0.0370484
-0.0300259
-0.0224123
-0.0148359
-0.015566
-0.0183488
-0.0232053
-0.0296858
-0.0368682
-0.0437507
-0.049623
-0.0541349
-0.0571788
-0.0587466
-0.0588538
-0.0575357
-0.0548962
-0.0511607
-0.046643
-0.0419559
-0.0362932
-0.0302208
-0.0228914
-0.0154663
-0.0157204
-0.0177746
-0.021742
-0.027383
-0.0340221
-0.0407379
-0.0467249
-0.0514745
-0.0547477
-0.0564605
-0.0566016
-0.0551813
-0.0523351
-0.0483316
-0.0435708
-0.0387231
-0.0331364
-0.0280957
-0.0202762
-0.015573
-0.0152967
-0.016336
-0.0190845
-0.0236479
-0.0296264
-0.0361611
-0.0423225
-0.0474116
-0.0510215
-0.0529611
-0.0531645
-0.0516733
-0.0485762
-0.0442149
-0.0390456
-0.033777
-0.0280692
-0.0242298
-0.0143842
-0.0152756
-0.014549
-0.0142595
-0.015424
-0.0186815
-0.0238893
-0.0302235
-0.0366042
-0.0421248
-0.0461862
-0.0484734
-0.0488505
-0.0473386
-0.0440089
-0.0392402
-0.0335139
-0.0276396
-0.02163
-0.0180553
-0.00383502
-0.0146611
-0.0136175
-0.0117064
-0.0110805
-0.0129523
-0.0173774
-0.0235289
-0.0301628
-0.0361833
-0.0407996
-0.0435657
-0.0442488
-0.042839
-0.0393673
-0.0341796
-0.0276878
-0.0206838
-0.0132803
-0.00679128
0.0160481
-0.0145828
-0.0126569
-0.00864882
-0.0062355
-0.00691068
-0.0107452
-0.0168153
-0.0237351
-0.0302914
-0.0355301
-0.0388934
-0.0400249
-0.0388686
-0.0354413
-0.0298924
-0.0222763
-0.0128768
-0.000695275
0.0166867
0.0570569
-0.0117946
-0.011831
-0.00572734
-0.0017771
-0.00176705
-0.00540582
-0.0115745
-0.018812
-0.0258702
-0.0316802
-0.0356539
-0.0373533
-0.0366777
-0.0333499
-0.027222
-0.0175432
-0.00315387
0.0204817
0.0606949
0.129814
-0.0295166
-0.0106303
-0.000610612
0.0030782
0.00244558
-0.00155878
-0.0079995
-0.0155512
-0.0229716
-0.0291673
-0.0335241
-0.03558
-0.035194
-0.0319506
-0.0252254
-0.0128614
0.00941743
0.0511636
0.12287
0.226069
)
;

boundaryField
{
    movingWall
    {
        type            zeroGradient;
    }
    fixedWalls
    {
        type            zeroGradient;
    }
    frontAndBack
    {
        type            empty;
    }
}


// ************************************************************************* //
