/*--------------------------------*- C++ -*----------------------------------*\
| =========                 |                                                 |
| \\      /  F ield         | OpenFOAM: The Open Source CFD Toolbox           |
|  \\    /   O peration     | Version:  2212                                  |
|   \\  /    A nd           | Website:  www.openfoam.com                      |
|    \\/     M anipulation  |                                                 |
\*---------------------------------------------------------------------------*/
FoamFile
{
    version     2.0;
    format      ascii;
    arch        "LSB;label=32;scalar=64";
    class       surfaceScalarField;
    location    "8.4";
    object      phi;
}
// * * * * * * * * * * * * * * * * * * * * * * * * * * * * * * * * * * * * * //

dimensions      [0 3 -1 0 0 0 0];

oriented        oriented;

internalField   nonuniform List<scalar> 
760
(
1.56069e-07
-1.56077e-07
2.93569e-07
-1.37499e-07
3.09912e-07
-1.63431e-08
1.83602e-07
1.2631e-07
-1.20367e-07
3.03969e-07
-6.65935e-07
5.45568e-07
-1.48519e-06
8.19252e-07
-2.49067e-06
1.00549e-06
-3.48008e-06
9.89404e-07
-4.22005e-06
7.39974e-07
-4.54372e-06
3.23664e-07
-4.3535e-06
-1.90218e-07
-3.59375e-06
-7.59748e-07
-2.37913e-06
-1.21462e-06
-9.4028e-07
-1.43885e-06
3.47434e-07
-1.28771e-06
1.08968e-06
-7.42243e-07
1.03294e-06
5.67407e-08
4.60948e-07
5.71988e-07
4.60948e-07
1.25003e-07
-2.81079e-07
7.45196e-08
-8.70154e-08
-2.9711e-07
3.55287e-07
-1.07893e-06
9.08129e-07
-2.31584e-06
1.54087e-06
-3.92713e-06
2.15686e-06
-5.66187e-06
2.55398e-06
-7.20647e-06
2.55009e-06
-8.33632e-06
2.11925e-06
-8.94167e-06
1.34533e-06
-8.97565e-06
3.57649e-07
-8.41576e-06
-7.50109e-07
-7.29334e-06
-1.88217e-06
-5.64192e-06
-2.86604e-06
-3.60587e-06
-3.4749e-06
-1.49041e-06
-3.40318e-06
1.7849e-07
-2.41114e-06
8.58816e-07
-6.23585e-07
5.25644e-07
9.05161e-07
9.86592e-07
-1.27638e-07
-1.53441e-07
-6.33967e-07
4.19313e-07
-1.6249e-06
1.34622e-06
-3.14129e-06
2.42452e-06
-5.05714e-06
3.45672e-06
-7.07278e-06
4.17251e-06
-8.8727e-06
4.3539e-06
-1.02768e-05
3.95422e-06
-1.12335e-05
3.07595e-06
-1.17351e-05
1.84685e-06
-1.17292e-05
3.51746e-07
-1.12703e-05
-1.20894e-06
-1.03378e-05
-2.81473e-06
-8.8773e-06
-4.32651e-06
-6.86924e-06
-5.48295e-06
-4.40309e-06
-5.86933e-06
-1.87877e-06
-4.93546e-06
-8.64891e-08
-2.41586e-06
2.94657e-07
5.24015e-07
1.28125e-06
-5.00515e-07
3.47074e-07
-1.55991e-06
1.47871e-06
-3.11928e-06
2.90558e-06
-5.08096e-06
4.38621e-06
-7.18462e-06
5.56038e-06
-9.12242e-06
6.1103e-06
-1.06921e-05
5.92359e-06
-1.18512e-05
5.1133e-06
-1.26277e-05
3.85248e-06
-1.30563e-05
2.27546e-06
-1.31214e-05
4.16828e-07
-1.2882e-05
-1.44837e-06
-1.22993e-05
-3.39742e-06
-1.12715e-05
-5.35424e-06
-9.66806e-06
-7.08644e-06
-7.36418e-06
-8.17322e-06
-4.39855e-06
-7.90109e-06
-1.37807e-06
-5.43635e-06
1.20699e-07
-9.7475e-07
1.40195e-06
-8.61879e-07
1.20895e-06
-2.36151e-06
2.97834e-06
-4.2324e-06
4.77647e-06
-6.27954e-06
6.43335e-06
-8.22174e-06
7.50258e-06
-9.8363e-06
7.72486e-06
-1.10466e-05
7.13384e-06
-1.1879e-05
5.94579e-06
-1.23955e-05
4.36899e-06
-1.26687e-05
2.54861e-06
-1.27893e-05
5.3741e-07
-1.27437e-05
-1.49394e-06
-1.25232e-05
-3.61795e-06
-1.20488e-05
-5.82865e-06
-1.11343e-05
-8.00094e-06
-9.49174e-06
-9.81574e-06
-6.82175e-06
-1.05711e-05
-3.22283e-06
-9.03527e-06
-2.61198e-07
-3.93638e-06
1.14075e-06
-1.08698e-06
2.29593e-06
-2.78434e-06
4.6757e-06
-4.67793e-06
6.67006e-06
-6.53579e-06
8.29121e-06
-8.1336e-06
9.10038e-06
-9.34034e-06
8.9316e-06
-1.0152e-05
7.94551e-06
-1.06337e-05
6.4275e-06
-1.08757e-05
4.61094e-06
-1.09776e-05
2.65049e-06
-1.10607e-05
6.20583e-07
-1.11113e-05
-1.44333e-06
-1.11456e-05
-3.58367e-06
-1.11347e-05
-5.83959e-06
-1.09252e-05
-8.21043e-06
-1.01902e-05
-1.05507e-05
-8.43535e-06
-1.23259e-05
-5.24462e-06
-1.2226e-05
-1.15861e-06
-8.02239e-06
-1.78653e-08
-1.11106e-06
3.40699e-06
-2.75897e-06
6.32361e-06
-4.45676e-06
8.36785e-06
-5.99262e-06
9.82707e-06
-7.20646e-06
1.03142e-05
-8.03595e-06
9.7611e-06
-8.51887e-06
8.42842e-06
-8.74218e-06
6.65081e-06
-8.80936e-06
4.67812e-06
-8.81713e-06
2.65826e-06
-8.84763e-06
6.51077e-07
-8.91903e-06
-1.37192e-06
-9.0513e-06
-3.4514e-06
-9.25608e-06
-5.6348e-06
-9.47735e-06
-7.98916e-06
-9.4843e-06
-1.05438e-05
-8.75822e-06
-1.3052e-05
-6.54067e-06
-1.44436e-05
-2.42474e-06
-1.21383e-05
-2.4426e-06
-9.36446e-07
4.34344e-06
-2.34859e-06
7.73576e-06
-3.73635e-06
9.75561e-06
-4.91623e-06
1.10069e-05
-5.78727e-06
1.11853e-05
-6.33267e-06
1.03065e-05
-6.60964e-06
8.70539e-06
-6.70915e-06
6.75032e-06
-6.72707e-06
4.69604e-06
-6.73611e-06
2.66731e-06
-6.77165e-06
6.86619e-07
-6.85049e-06
-1.29308e-06
-6.99356e-06
-3.30833e-06
-7.23148e-06
-5.39687e-06
-7.58185e-06
-7.63879e-06
-7.95459e-06
-1.01711e-05
-7.94062e-06
-1.3066e-05
-6.72198e-06
-1.56622e-05
-3.58947e-06
-1.52708e-05
-6.03207e-06
-6.25915e-07
4.96935e-06
-1.68942e-06
8.79926e-06
-2.7235e-06
1.07897e-05
-3.56355e-06
1.1847e-05
-4.15406e-06
1.17758e-05
-4.5052e-06
1.06577e-05
-4.67591e-06
8.87609e-06
-4.74451e-06
6.81892e-06
-4.78313e-06
4.73465e-06
-4.835e-06
2.71917e-06
-4.90994e-06
7.61566e-07
-5.01415e-06
-1.18888e-06
-5.15737e-06
-3.16511e-06
-5.36813e-06
-5.18611e-06
-5.70162e-06
-7.30531e-06
-6.17195e-06
-9.70071e-06
-6.56236e-06
-1.26756e-05
-6.13245e-06
-1.60921e-05
-3.92677e-06
-1.74765e-05
-9.95883e-06
-2.3319e-07
5.20254e-06
-8.94815e-07
9.46089e-06
-1.56725e-06
1.14621e-05
-2.09768e-06
1.23774e-05
-2.45845e-06
1.21365e-05
-2.67386e-06
1.08731e-05
-2.79209e-06
8.99433e-06
-2.86637e-06
6.8932e-06
-2.94115e-06
4.80944e-06
-3.03827e-06
2.81629e-06
-3.16042e-06
8.8372e-07
-3.3071e-06
-1.04219e-06
-3.47835e-06
-2.99387e-06
-3.68621e-06
-4.97824e-06
-3.98105e-06
-7.01047e-06
-4.4453e-06
-9.23646e-06
-5.02756e-06
-1.20933e-05
-5.12704e-06
-1.59926e-05
-3.56054e-06
-1.9043e-05
-1.35194e-05
1.63758e-07
5.03878e-06
-7.04013e-08
9.69504e-06
-4.03812e-07
1.17955e-05
-6.55285e-07
1.26289e-05
-8.10752e-07
1.2292e-05
-9.01348e-07
1.09637e-05
-9.66437e-07
9.05942e-06
-1.03787e-06
6.96464e-06
-1.1322e-06
4.90376e-06
-1.25717e-06
2.94126e-06
-1.41537e-06
1.04191e-06
-1.60891e-06
-8.4865e-07
-1.83623e-06
-2.76655e-06
-2.09495e-06
-4.71952e-06
-2.41228e-06
-6.69315e-06
-2.87961e-06
-8.76912e-06
-3.56246e-06
-1.14104e-05
-4.027e-06
-1.55281e-05
-3.02677e-06
-2.00432e-05
-1.65461e-05
5.02393e-07
4.53639e-06
7.00613e-07
9.49682e-06
7.44008e-07
1.17522e-05
7.79759e-07
1.25931e-05
8.24728e-07
1.2247e-05
8.53608e-07
1.09348e-05
8.46757e-07
9.06627e-06
7.95987e-07
7.01541e-06
7.02111e-07
4.99764e-06
5.66828e-07
3.07655e-06
3.84913e-07
1.22383e-06
1.50176e-07
-6.13913e-07
-1.38932e-07
-2.47744e-06
-4.89052e-07
-4.3694e-06
-9.03735e-07
-6.27847e-06
-1.42639e-06
-8.24647e-06
-2.20451e-06
-1.06323e-05
-2.95405e-06
-1.47786e-05
-2.46098e-06
-2.05363e-05
-1.90071e-05
7.59617e-07
3.77677e-06
1.35931e-06
8.89713e-06
1.75372e-06
1.13577e-05
2.08473e-06
1.22621e-05
2.35922e-06
1.19725e-05
2.54706e-06
1.07469e-05
2.64019e-06
8.97314e-06
2.6493e-06
7.0063e-06
2.58836e-06
5.05858e-06
2.46372e-06
3.20119e-06
2.26773e-06
1.41981e-06
1.98632e-06
-3.32501e-07
1.62015e-06
-2.11127e-06
1.16431e-06
-3.91356e-06
6.14583e-07
-5.72874e-06
-8.01605e-08
-7.55172e-06
-9.53913e-07
-9.75858e-06
-1.91705e-06
-1.38154e-05
-1.92425e-06
-2.05291e-05
-2.09314e-05
8.75326e-07
2.90145e-06
1.81864e-06
7.95382e-06
2.56356e-06
1.06128e-05
3.20752e-06
1.16182e-05
3.758e-06
1.14221e-05
4.17179e-06
1.03331e-05
4.43308e-06
8.71185e-06
4.55582e-06
6.88356e-06
4.56282e-06
5.05158e-06
4.46905e-06
3.29495e-06
4.27231e-06
1.61656e-06
3.93994e-06
-1.31193e-10
3.49272e-06
-1.66405e-06
2.90503e-06
-3.32587e-06
2.17814e-06
-5.00185e-06
1.33121e-06
-6.70479e-06
2.73902e-07
-8.70127e-06
-9.53498e-07
-1.2588e-05
-1.42505e-06
-2.00576e-05
-2.23564e-05
8.11207e-07
2.09024e-06
1.96454e-06
6.80049e-06
3.01199e-06
9.56536e-06
3.98987e-06
1.06403e-05
4.87127e-06
1.05407e-05
5.59019e-06
9.61421e-06
6.10754e-06
8.1945e-06
6.42626e-06
6.56484e-06
6.56705e-06
4.91079e-06
6.54775e-06
3.31426e-06
6.36648e-06
1.79783e-06
6.02056e-06
3.45789e-07
5.47692e-06
-1.1204e-06
4.74307e-06
-2.59202e-06
3.81119e-06
-4.06997e-06
2.71034e-06
-5.60395e-06
1.40111e-06
-7.39203e-06
-1.49238e-07
-1.10377e-05
-9.0927e-07
-1.92975e-05
-2.32657e-05
5.81282e-07
1.50896e-06
1.7698e-06
5.61197e-06
3.1147e-06
8.22046e-06
4.47214e-06
9.28286e-06
5.74462e-06
9.26819e-06
6.83355e-06
8.52529e-06
7.6735e-06
7.35455e-06
8.25178e-06
5.98657e-06
8.58064e-06
4.58193e-06
8.67666e-06
3.21824e-06
8.54646e-06
1.92802e-06
8.18715e-06
7.05107e-07
7.55458e-06
-4.87834e-07
6.66621e-06
-1.70365e-06
5.50942e-06
-2.91318e-06
4.12525e-06
-4.21978e-06
2.58771e-06
-5.85449e-06
9.68513e-07
-9.41848e-06
-1.39179e-07
-1.81898e-05
-2.34049e-05
1.54236e-07
1.35472e-06
1.04831e-06
4.71789e-06
2.53284e-06
6.73593e-06
4.26263e-06
7.55307e-06
5.99233e-06
7.53849e-06
7.53417e-06
6.98344e-06
8.78546e-06
6.10326e-06
9.71636e-06
5.05566e-06
1.03219e-05
3.97639e-06
1.06134e-05
2.92675e-06
1.05967e-05
1.94468e-06
1.02774e-05
1.02442e-06
9.60914e-06
1.80452e-07
8.61443e-06
-7.0894e-07
7.28308e-06
-1.58184e-06
5.6673e-06
-2.604e-06
3.92827e-06
-4.11546e-06
2.25022e-06
-7.74043e-06
6.56746e-07
-1.65964e-05
-2.27481e-05
-5.19072e-07
1.8738e-06
2.03605e-07
3.99521e-06
1.76745e-06
5.17209e-06
3.84066e-06
5.47986e-06
6.00601e-06
5.37313e-06
7.97651e-06
5.01295e-06
9.61551e-06
4.46426e-06
1.08814e-05
3.78975e-06
1.17567e-05
3.10113e-06
1.22574e-05
2.42604e-06
1.2387e-05
1.81511e-06
1.21651e-05
1.24626e-06
1.16161e-05
7.29502e-07
1.07101e-05
1.97027e-07
9.45196e-06
-3.23703e-07
7.91538e-06
-1.06743e-06
6.28627e-06
-2.48635e-06
4.4664e-06
-5.92057e-06
2.05959e-06
-1.41895e-05
-2.06885e-05
-4.18148e-06
6.05528e-06
-3.64408e-06
3.4578e-06
-1.24393e-06
2.77194e-06
1.56224e-06
2.67369e-06
4.31049e-06
2.62488e-06
6.85377e-06
2.46968e-06
9.07838e-06
2.23964e-06
1.09238e-05
1.94429e-06
1.23715e-05
1.65343e-06
1.34484e-05
1.34917e-06
1.41715e-05
1.09207e-06
1.45854e-05
8.32288e-07
1.46779e-05
6.37004e-07
1.44579e-05
4.17051e-07
1.39214e-05
2.12839e-07
1.30842e-05
-2.30233e-07
1.19342e-05
-1.33641e-06
1.01165e-05
-4.10287e-06
5.63952e-06
-9.71253e-06
-1.5049e-05
6.05528e-06
9.51309e-06
1.2285e-05
1.49587e-05
1.75836e-05
2.00533e-05
2.22929e-05
2.42372e-05
2.58906e-05
2.72398e-05
2.83319e-05
2.91642e-05
2.98012e-05
3.02182e-05
3.04311e-05
3.02008e-05
2.88644e-05
2.47616e-05
1.5049e-05
)
;

boundaryField
{
    movingWall
    {
        type            calculated;
        value           uniform 0;
    }
    fixedWalls
    {
        type            calculated;
        value           uniform 0;
    }
    frontAndBack
    {
        type            empty;
        value           nonuniform List<scalar> 0();
    }
}


// ************************************************************************* //
