/*--------------------------------*- C++ -*----------------------------------*\
| =========                 |                                                 |
| \\      /  F ield         | OpenFOAM: The Open Source CFD Toolbox           |
|  \\    /   O peration     | Version:  2212                                  |
|   \\  /    A nd           | Website:  www.openfoam.com                      |
|    \\/     M anipulation  |                                                 |
\*---------------------------------------------------------------------------*/
FoamFile
{
    version     2.0;
    format      ascii;
    arch        "LSB;label=32;scalar=64";
    class       volScalarField;
    location    "8.4";
    object      T;
}
// * * * * * * * * * * * * * * * * * * * * * * * * * * * * * * * * * * * * * //

dimensions      [0 0 0 1 0 0 0];

internalField   nonuniform List<scalar> 
400
(
0.842712
0.846869
0.85523
0.867478
0.881523
0.893995
0.902557
0.907214
0.909537
0.911051
0.912387
0.913719
0.915096
0.916456
0.917557
0.917991
0.917091
0.914092
0.909324
0.905407
0.848182
0.853176
0.863144
0.877271
0.891916
0.902345
0.907216
0.908909
0.909587
0.910097
0.910918
0.912329
0.914416
0.91704
0.919622
0.921267
0.920602
0.916568
0.910544
0.906139
0.856636
0.863215
0.875404
0.889952
0.901221
0.906037
0.906353
0.904986
0.903131
0.901717
0.901563
0.903234
0.906755
0.912
0.917976
0.923191
0.925141
0.921287
0.91279
0.907487
0.864872
0.873087
0.886285
0.898154
0.903586
0.90257
0.898273
0.892654
0.887
0.882813
0.881195
0.883098
0.888295
0.896909
0.907748
0.91905
0.927503
0.928623
0.918966
0.910824
0.871247
0.880463
0.892827
0.900093
0.899234
0.892432
0.882739
0.871923
0.861984
0.854733
0.851454
0.853241
0.859813
0.871441
0.887104
0.905126
0.922254
0.933267
0.93037
0.917205
0.875578
0.884902
0.895033
0.897013
0.890036
0.877456
0.862145
0.846326
0.832555
0.822683
0.817997
0.819336
0.826682
0.840206
0.859296
0.882598
0.907399
0.929003
0.939223
0.926667
0.878202
0.886838
0.893997
0.890842
0.878366
0.860514
0.840253
0.820445
0.803909
0.792379
0.786897
0.787861
0.795414
0.809645
0.830387
0.856874
0.887005
0.916632
0.938789
0.940159
0.879589
0.887115
0.891334
0.883811
0.866717
0.844417
0.820252
0.797641
0.779427
0.767112
0.761352
0.762166
0.769585
0.783637
0.804469
0.832126
0.865566
0.901139
0.931863
0.947466
0.880123
0.886405
0.888078
0.877166
0.856551
0.830954
0.804104
0.779738
0.760607
0.747959
0.742105
0.742862
0.750087
0.76365
0.783669
0.810767
0.84546
0.885463
0.922869
0.944633
0.880094
0.885281
0.885209
0.872241
0.849393
0.821632
0.793048
0.767571
0.747844
0.734901
0.728839
0.729428
0.736459
0.749635
0.768747
0.79439
0.828417
0.87101
0.914827
0.942543
0.879677
0.884021
0.88297
0.869099
0.845218
0.816473
0.787175
0.761233
0.741146
0.727829
0.721335
0.721499
0.728157
0.740941
0.759286
0.783267
0.815327
0.858493
0.907302
0.941195
0.878976
0.882797
0.881634
0.868235
0.844736
0.816214
0.787076
0.761124
0.740776
0.726978
0.719867
0.719357
0.725329
0.737427
0.754889
0.777145
0.806455
0.848623
0.901312
0.94047
0.877993
0.881575
0.880882
0.868948
0.847013
0.81986
0.79186
0.766636
0.746515
0.732505
0.724849
0.723522
0.728475
0.739377
0.755452
0.775759
0.801781
0.841364
0.89655
0.940393
0.876665
0.880294
0.880619
0.871203
0.852205
0.82774
0.801963
0.778259
0.758866
0.744893
0.73674
0.734387
0.737919
0.747003
0.760959
0.778703
0.801076
0.837125
0.893478
0.940852
0.874877
0.878758
0.880074
0.873368
0.858016
0.837284
0.814886
0.793856
0.776224
0.763075
0.754914
0.751708
0.753604
0.760338
0.77137
0.785951
0.804455
0.835819
0.891843
0.941853
0.87272
0.876984
0.879551
0.875905
0.86497
0.848998
0.831025
0.813612
0.798537
0.786798
0.778915
0.774954
0.774952
0.778838
0.786283
0.796926
0.811252
0.837012
0.891757
0.943433
0.870614
0.874773
0.877603
0.876044
0.869085
0.858137
0.84532
0.832541
0.82112
0.811861
0.805111
0.801061
0.799584
0.800819
0.804757
0.811332
0.82192
0.842819
0.894922
0.946116
0.869112
0.873717
0.877457
0.877591
0.874106
0.867813
0.85995
0.85169
0.843882
0.837153
0.831739
0.827895
0.825609
0.825014
0.826503
0.829901
0.837787
0.853984
0.900924
0.949507
0.850406
0.870389
0.871187
0.871411
0.869635
0.866898
0.863584
0.860441
0.857516
0.855374
0.853825
0.853183
0.853344
0.854244
0.856515
0.859377
0.86663
0.879213
0.915035
0.95532
0.894773
0.907639
0.914637
0.918955
0.9214
0.92302
0.923978
0.924914
0.925613
0.926566
0.927405
0.928579
0.929657
0.931075
0.932419
0.934257
0.936534
0.94129
0.950635
0.967261
)
;

boundaryField
{
    movingWall
    {
        type            fixedValue;
        value           uniform 1;
    }
    fixedWalls
    {
        type            zeroGradient;
    }
    frontAndBack
    {
        type            empty;
    }
}


// ************************************************************************* //
