/*--------------------------------*- C++ -*----------------------------------*\
| =========                 |                                                 |
| \\      /  F ield         | OpenFOAM: The Open Source CFD Toolbox           |
|  \\    /   O peration     | Version:  2212                                  |
|   \\  /    A nd           | Website:  www.openfoam.com                      |
|    \\/     M anipulation  |                                                 |
\*---------------------------------------------------------------------------*/
FoamFile
{
    version     2.0;
    format      ascii;
    arch        "LSB;label=32;scalar=64";
    class       volVectorField;
    location    "8.4";
    object      U;
}
// * * * * * * * * * * * * * * * * * * * * * * * * * * * * * * * * * * * * * //

dimensions      [0 1 -1 0 0 0 0];

internalField   nonuniform List<vector> 
400
(
(0.00168172 -0.0016832 0)
(0.00483804 -0.00189175 0)
(0.00658972 -0.00120048 0)
(0.00567316 -0.000574991 0)
(0.00157069 0.000184086 0)
(-0.00683002 0.00173935 0)
(-0.0206078 0.0047859 0)
(-0.0395389 0.00873507 0)
(-0.0608072 0.0112916 0)
(-0.0791329 0.0105119 0)
(-0.0898086 0.00677459 0)
(-0.0904605 0.00166955 0)
(-0.0802254 -0.00361556 0)
(-0.0599956 -0.00827395 0)
(-0.0335248 -0.0108464 0)
(-0.00529789 -0.00979499 0)
(0.0167185 -0.00477379 0)
(0.0244668 0.00277592 0)
(0.0161771 0.00647141 0)
(0.00431629 0.00471674 0)
(0.00172008 -0.0050637 0)
(0.00316137 -0.004031 0)
(-0.000418937 0.00058841 0)
(-0.0113313 0.0064416 0)
(-0.0314258 0.0140492 0)
(-0.061147 0.0237719 0)
(-0.0968407 0.0330587 0)
(-0.131451 0.0370897 0)
(-0.158963 0.0335155 0)
(-0.176095 0.0234009 0)
(-0.181443 0.0091103 0)
(-0.175073 -0.00698788 0)
(-0.157557 -0.0231713 0)
(-0.129649 -0.0369111 0)
(-0.0936147 -0.0445633 0)
(-0.0521968 -0.0418377 0)
(-0.0114038 -0.0263352 0)
(0.0168857 -0.00128156 0)
(0.01787 0.0162214 0)
(0.00554186 0.0148187 0)
(-0.000240059 -0.00577826 0)
(-0.00538209 0.000803735 0)
(-0.01961 0.0142996 0)
(-0.044503 0.0312343 0)
(-0.0803373 0.049442 0)
(-0.122198 0.0643158 0)
(-0.16234 0.0705416 0)
(-0.195261 0.0660247 0)
(-0.218853 0.0521887 0)
(-0.232521 0.0315336 0)
(-0.236277 0.00641829 0)
(-0.230792 -0.0211096 0)
(-0.21638 -0.0488681 0)
(-0.192537 -0.0732217 0)
(-0.159001 -0.0890223 0)
(-0.115739 -0.0892273 0)
(-0.064563 -0.0670294 0)
(-0.0138235 -0.0226682 0)
(0.00948007 0.0179146 0)
(0.00415541 0.023578 0)
(-0.00347201 0.000455746 0)
(-0.0175146 0.017242 0)
(-0.0435149 0.0414996 0)
(-0.0796789 0.068191 0)
(-0.122953 0.0911552 0)
(-0.165844 0.103842 0)
(-0.201913 0.102897 0)
(-0.229235 0.089667 0)
(-0.248073 0.0673234 0)
(-0.259027 0.0385794 0)
(-0.262935 0.00532001 0)
(-0.260603 -0.0311119 0)
(-0.251972 -0.0684481 0)
(-0.235995 -0.103736 0)
(-0.210685 -0.131484 0)
(-0.173341 -0.142886 0)
(-0.121399 -0.125763 0)
(-0.0568442 -0.0708551 0)
(-0.000988207 0.00356181 0)
(0.00474225 0.028238 0)
(-0.0066625 0.0147848 0)
(-0.0287288 0.0441115 0)
(-0.0632875 0.0770926 0)
(-0.104457 0.108916 0)
(-0.147275 0.131204 0)
(-0.184573 0.138192 0)
(-0.21291 0.129499 0)
(-0.232692 0.108743 0)
(-0.245208 0.0797949 0)
(-0.252184 0.0454472 0)
(-0.255303 0.00724332 0)
(-0.255485 -0.0339915 0)
(-0.252507 -0.0770747 0)
(-0.245828 -0.120677 0)
(-0.232634 -0.160814 0)
(-0.208314 -0.189026 0)
(-0.166815 -0.189978 0)
(-0.103447 -0.14288 0)
(-0.022183 -0.0388572 0)
(0.00738126 0.0270981 0)
(-0.00851045 0.0348745 0)
(-0.035176 0.0766391 0)
(-0.0730904 0.114952 0)
(-0.113261 0.1477 0)
(-0.150523 0.166032 0)
(-0.179385 0.165968 0)
(-0.198909 0.149759 0)
(-0.210653 0.122501 0)
(-0.216601 0.0885422 0)
(-0.219231 0.0508696 0)
(-0.220499 0.0109582 0)
(-0.2214 -0.0307506 0)
(-0.222134 -0.0747103 0)
(-0.22281 -0.121279 0)
(-0.221241 -0.169225 0)
(-0.212341 -0.213059 0)
(-0.188025 -0.238589 0)
(-0.139687 -0.218543 0)
(-0.0628484 -0.118944 0)
(0.00584786 0.014201 0)
(-0.00829254 0.057006 0)
(-0.0353411 0.110011 0)
(-0.0718356 0.150496 0)
(-0.107076 0.181186 0)
(-0.13671 0.19388 0)
(-0.157116 0.186485 0)
(-0.169025 0.163322 0)
(-0.174561 0.130539 0)
(-0.176132 0.0928964 0)
(-0.176229 0.0534075 0)
(-0.176341 0.013317 0)
(-0.177142 -0.027302 0)
(-0.179176 -0.0695641 0)
(-0.182988 -0.114713 0)
(-0.18794 -0.163846 0)
(-0.190415 -0.215816 0)
(-0.18253 -0.261671 0)
(-0.154282 -0.275191 0)
(-0.0994023 -0.205918 0)
(-0.00890826 -0.0146272 0)
(-0.00613551 0.0776015 0)
(-0.0297928 0.140563 0)
(-0.0614281 0.181232 0)
(-0.0898989 0.208347 0)
(-0.111908 0.214937 0)
(-0.125445 0.20061 0)
(-0.132133 0.171378 0)
(-0.134282 0.134217 0)
(-0.134342 0.0941047 0)
(-0.134239 0.0537458 0)
(-0.134644 0.013865 0)
(-0.135737 -0.0258794 0)
(-0.137971 -0.0664677 0)
(-0.142038 -0.10908 0)
(-0.148556 -0.155667 0)
(-0.156225 -0.208585 0)
(-0.159085 -0.265914 0)
(-0.146758 -0.308153 0)
(-0.11226 -0.277227 0)
(-0.0309664 -0.0753413 0)
(-0.00273002 0.0936207 0)
(-0.0204196 0.165655 0)
(-0.0451556 0.205625 0)
(-0.0663516 0.228616 0)
(-0.0816206 0.229578 0)
(-0.0901108 0.209591 0)
(-0.0937416 0.175839 0)
(-0.0946512 0.135803 0)
(-0.0949258 0.0944598 0)
(-0.0957189 0.0540239 0)
(-0.0970673 0.0145941 0)
(-0.0988767 -0.0245753 0)
(-0.101314 -0.0642162 0)
(-0.104883 -0.10498 0)
(-0.110733 -0.148459 0)
(-0.119599 -0.198582 0)
(-0.128357 -0.259816 0)
(-0.126532 -0.323483 0)
(-0.107486 -0.33479 0)
(-0.0373515 -0.163449 0)
(0.00121948 0.102767 0)
(-0.00894386 0.183497 0)
(-0.0256471 0.22318 0)
(-0.0396467 0.2428 0)
(-0.0491264 0.239565 0)
(-0.0539988 0.215591 0)
(-0.055967 0.178835 0)
(-0.0566778 0.137139 0)
(-0.0576365 0.0953878 0)
(-0.0593768 0.0552608 0)
(-0.0616686 0.0163086 0)
(-0.0643684 -0.0224822 0)
(-0.0674675 -0.0617196 0)
(-0.0711441 -0.101604 0)
(-0.0763306 -0.142806 0)
(-0.084597 -0.18895 0)
(-0.0960688 -0.248378 0)
(-0.100656 -0.324349 0)
(-0.0951774 -0.372256 0)
(-0.0309245 -0.2426 0)
(0.0051184 0.103933 0)
(0.00295763 0.193097 0)
(-0.00538987 0.233675 0)
(-0.0125068 0.250833 0)
(-0.0168975 0.244748 0)
(-0.018784 0.21853 0)
(-0.0194714 0.180468 0)
(-0.0199984 0.138394 0)
(-0.0212955 0.0969404 0)
(-0.0235307 0.0574094 0)
(-0.026419 0.0190789 0)
(-0.0299019 -0.0191583 0)
(-0.0339959 -0.0579585 0)
(-0.0386396 -0.0973743 0)
(-0.0443788 -0.137324 0)
(-0.052441 -0.180194 0)
(-0.0657607 -0.235674 0)
(-0.0742235 -0.318125 0)
(-0.081201 -0.39676 0)
(-0.0229427 -0.307159 0)
(0.00845724 0.0974591 0)
(0.0142206 0.19409 0)
(0.0141038 0.237198 0)
(0.0137095 0.253614 0)
(0.0143326 0.246534 0)
(0.0155298 0.219825 0)
(0.0163897 0.181776 0)
(0.0164438 0.140063 0)
(0.0153059 0.099127 0)
(0.0130286 0.0602083 0)
(0.00986071 0.0226217 0)
(0.00575293 -0.0147439 0)
(0.000562233 -0.052675 0)
(-0.00556227 -0.0912689 0)
(-0.0130289 -0.130155 0)
(-0.0219759 -0.170334 0)
(-0.0377173 -0.220717 0)
(-0.0487311 -0.304485 0)
(-0.0679051 -0.408504 0)
(-0.0144594 -0.360041 0)
(0.0103282 0.084481 0)
(0.0234178 0.186495 0)
(0.0310814 0.233322 0)
(0.0370111 0.250159 0)
(0.0426728 0.243319 0)
(0.0476274 0.217534 0)
(0.0510643 0.180771 0)
(0.0527395 0.140367 0)
(0.0526071 0.100608 0)
(0.0508769 0.0628061 0)
(0.0477665 0.0264515 0)
(0.0431589 -0.00951346 0)
(0.0368864 -0.0459815 0)
(0.0290726 -0.0831087 0)
(0.0189198 -0.120528 0)
(0.00759567 -0.158467 0)
(-0.011818 -0.204429 0)
(-0.0242417 -0.286487 0)
(-0.0558454 -0.411012 0)
(-0.00613802 -0.401889 0)
(0.00987674 0.0672318 0)
(0.029028 0.170686 0)
(0.0443537 0.222231 0)
(0.0568961 0.241326 0)
(0.0681897 0.236398 0)
(0.0778767 0.213035 0)
(0.0850976 0.178743 0)
(0.0895517 0.140403 0)
(0.0913156 0.102246 0)
(0.0906892 0.0658153 0)
(0.0880029 0.0309738 0)
(0.0829538 -0.00329639 0)
(0.0754403 -0.0375306 0)
(0.0657498 -0.0723049 0)
(0.0525006 -0.107424 0)
(0.0375695 -0.14277 0)
(0.0131296 -0.184258 0)
(7.73445e-05 -0.263249 0)
(-0.0447992 -0.406713 0)
(0.00276503 -0.436268 0)
(0.00692877 0.0493962 0)
(0.0293624 0.148965 0)
(0.0511107 0.203642 0)
(0.0699894 0.22456 0)
(0.0874657 0.221701 0)
(0.10316 0.201543 0)
(0.11583 0.170949 0)
(0.124795 0.13606 0)
(0.129965 0.100865 0)
(0.131585 0.0670406 0)
(0.12992 0.0348386 0)
(0.124996 0.00343371 0)
(0.116366 -0.0274559 0)
(0.104635 -0.0586886 0)
(0.0875433 -0.0903075 0)
(0.0683556 -0.122923 0)
(0.0382934 -0.160844 0)
(0.023857 -0.237151 0)
(-0.0344417 -0.398961 0)
(0.0134742 -0.464428 0)
(0.00238667 0.0346279 0)
(0.0236389 0.123898 0)
(0.0509559 0.179949 0)
(0.0766884 0.202947 0)
(0.101354 0.202635 0)
(0.124238 0.186234 0)
(0.143692 0.160177 0)
(0.1585 0.129747 0)
(0.168245 0.0985568 0)
(0.173135 0.0682941 0)
(0.173109 0.0395564 0)
(0.16888 0.0119377 0)
(0.159044 -0.0149049 0)
(0.145312 -0.0417054 0)
(0.12401 -0.0687445 0)
(0.100471 -0.0975442 0)
(0.064618 -0.1327 0)
(0.047004 -0.207451 0)
(-0.0227067 -0.387081 0)
(0.0285318 -0.485557 0)
(-0.00342587 0.0286166 0)
(0.0100705 0.101501 0)
(0.0371092 0.148696 0)
(0.0689747 0.16946 0)
(0.10187 0.17068 0)
(0.13359 0.158389 0)
(0.161589 0.137954 0)
(0.184135 0.113551 0)
(0.200183 0.0882649 0)
(0.210107 0.0636252 0)
(0.213031 0.0403771 0)
(0.210777 0.0184029 0)
(0.200512 -0.00267239 0)
(0.185881 -0.0233064 0)
(0.161067 -0.0439703 0)
(0.13445 -0.0677311 0)
(0.0929205 -0.101683 0)
(0.0698726 -0.180007 0)
(-0.00436962 -0.370051 0)
(0.0521602 -0.49164 0)
(-0.0140097 0.0185203 0)
(-0.00751567 0.0881768 0)
(0.0192173 0.124193 0)
(0.0564502 0.137317 0)
(0.0976042 0.136908 0)
(0.137987 0.127725 0)
(0.17424 0.113068 0)
(0.204086 0.0952898 0)
(0.225981 0.0768179 0)
(0.241074 0.05867 0)
(0.247108 0.0417991 0)
(0.248024 0.0261069 0)
(0.238685 0.0117456 0)
(0.226869 -0.00204395 0)
(0.201871 -0.0160826 0)
(0.177889 -0.0350183 0)
(0.133544 -0.0677968 0)
(0.107835 -0.145998 0)
(0.0374701 -0.326119 0)
(0.0923666 -0.455871 0)
(-0.106018 0.0824201 0)
(-0.0777585 0.0689928 0)
(-0.0485681 0.0733692 0)
(0.00377872 0.0778875 0)
(0.0572924 0.0782205 0)
(0.110023 0.0739559 0)
(0.15719 0.0666207 0)
(0.199552 0.0572164 0)
(0.231662 0.0475412 0)
(0.259814 0.0378855 0)
(0.275541 0.0292193 0)
(0.290696 0.0212342 0)
(0.291049 0.0144778 0)
(0.295161 0.00809525 0)
(0.278861 0.00112797 0)
(0.271648 -0.0100096 0)
(0.23234 -0.0355651 0)
(0.21814 -0.0954179 0)
(0.150208 -0.229723 0)
(0.170672 -0.341456 0)
(0.12997 0.103745 0)
(0.158322 0.0752295 0)
(0.212168 0.0532295 0)
(0.270676 0.0416243 0)
(0.323251 0.0359141 0)
(0.375692 0.0319492 0)
(0.420285 0.0289168 0)
(0.465602 0.0255811 0)
(0.498697 0.0229031 0)
(0.533945 0.0197108 0)
(0.553383 0.0175481 0)
(0.579193 0.0146104 0)
(0.585331 0.0131657 0)
(0.603672 0.010347 0)
(0.595094 0.00938472 0)
(0.603597 0.00500088 0)
(0.56779 9.00697e-05 0)
(0.547615 -0.0183154 0)
(0.435693 -0.0504144 0)
(0.336755 -0.101386 0)
)
;

boundaryField
{
    movingWall
    {
        type            fixedValue;
        value           uniform (1 0 0);
    }
    fixedWalls
    {
        type            noSlip;
    }
    frontAndBack
    {
        type            empty;
    }
}


// ************************************************************************* //
