/*--------------------------------*- C++ -*----------------------------------*\
| =========                 |                                                 |
| \\      /  F ield         | OpenFOAM: The Open Source CFD Toolbox           |
|  \\    /   O peration     | Version:  2212                                  |
|   \\  /    A nd           | Website:  www.openfoam.com                      |
|    \\/     M anipulation  |                                                 |
\*---------------------------------------------------------------------------*/
FoamFile
{
    version     2.0;
    format      ascii;
    arch        "LSB;label=32;scalar=64";
    class       volScalarField;
    location    "13.1";
    object      T;
}
// * * * * * * * * * * * * * * * * * * * * * * * * * * * * * * * * * * * * * //

dimensions      [0 0 0 1 0 0 0];

internalField   nonuniform List<scalar> 
400
(
0.943714
0.944931
0.947405
0.951065
0.955328
0.959208
0.96198
0.963586
0.964448
0.965033
0.965563
0.96611
0.966695
0.967298
0.967824
0.968122
0.967941
0.967013
0.965485
0.964233
0.945275
0.946768
0.949759
0.954037
0.958557
0.96188
0.963502
0.96407
0.964267
0.964416
0.964713
0.965276
0.966144
0.967268
0.968419
0.969252
0.969231
0.967956
0.965954
0.964512
0.947716
0.949719
0.953435
0.957906
0.961421
0.962913
0.962873
0.962187
0.961325
0.960673
0.960564
0.961232
0.962687
0.964882
0.96742
0.969719
0.970803
0.969697
0.966816
0.965028
0.950107
0.952637
0.956686
0.960313
0.961869
0.961219
0.959312
0.956881
0.954477
0.952699
0.952004
0.952777
0.954922
0.958485
0.96298
0.967703
0.971361
0.97224
0.969043
0.966241
0.951947
0.95478
0.958517
0.960555
0.959817
0.956874
0.952755
0.948212
0.944059
0.94103
0.939661
0.940402
0.943131
0.94795
0.954422
0.961849
0.968925
0.97363
0.973051
0.968496
0.953161
0.955982
0.958886
0.958994
0.955892
0.95059
0.944163
0.93756
0.931804
0.927672
0.92571
0.926275
0.929357
0.935011
0.942955
0.952594
0.962787
0.971646
0.97604
0.971799
0.953839
0.956365
0.958138
0.956296
0.950999
0.943515
0.935033
0.926746
0.919794
0.914934
0.912616
0.913025
0.916217
0.922217
0.930921
0.941964
0.954428
0.966574
0.975607
0.976535
0.954131
0.956223
0.956865
0.953318
0.946136
0.936793
0.926666
0.917164
0.909463
0.904236
0.901782
0.902128
0.905286
0.911251
0.920053
0.931659
0.945575
0.96024
0.972766
0.979071
0.954159
0.955785
0.955435
0.950532
0.941892
0.931163
0.919888
0.909607
0.901479
0.896082
0.893572
0.893892
0.896983
0.902773
0.911283
0.922725
0.93724
0.9538
0.96912
0.977934
0.954023
0.955261
0.954236
0.948488
0.93891
0.927264
0.915238
0.904456
0.896049
0.890505
0.887896
0.888143
0.891158
0.896799
0.904956
0.915838
0.930146
0.947845
0.965824
0.977075
0.953779
0.954745
0.953344
0.947196
0.937171
0.925106
0.912766
0.901772
0.8932
0.887487
0.884689
0.884754
0.887612
0.893093
0.900937
0.911147
0.924686
0.942688
0.96276
0.976526
0.953457
0.954294
0.952878
0.946885
0.93699
0.925013
0.912736
0.901737
0.893056
0.88714
0.884079
0.883855
0.886417
0.891603
0.899071
0.908561
0.920978
0.938612
0.960307
0.976227
0.953052
0.95388
0.952691
0.947247
0.937964
0.926557
0.914767
0.90409
0.895523
0.889529
0.886241
0.885667
0.887789
0.892457
0.899325
0.907984
0.919033
0.935629
0.958371
0.976194
0.952538
0.953478
0.952762
0.948306
0.94019
0.929893
0.919045
0.909032
0.9008
0.894843
0.891356
0.890345
0.891854
0.895734
0.901686
0.909245
0.918755
0.933896
0.957121
0.976377
0.951864
0.952979
0.95273
0.949351
0.942687
0.933927
0.924503
0.91564
0.908183
0.902602
0.899129
0.897761
0.898567
0.901435
0.90613
0.912334
0.920201
0.933393
0.956471
0.976783
0.951064
0.952404
0.952761
0.950635
0.945737
0.938912
0.931324
0.923989
0.917631
0.91267
0.909334
0.907656
0.907657
0.90931
0.912474
0.917
0.923087
0.933929
0.95645
0.977422
0.950269
0.951586
0.952132
0.950908
0.947636
0.942862
0.937401
0.931999
0.927181
0.923277
0.92043
0.918724
0.918106
0.91864
0.920316
0.923116
0.927601
0.936382
0.957766
0.978509
0.949707
0.951288
0.952294
0.951832
0.950004
0.947138
0.943707
0.940167
0.936849
0.934004
0.931721
0.930107
0.929149
0.928909
0.929541
0.930981
0.934282
0.941035
0.960229
0.97988
0.942166
0.94964
0.949653
0.949423
0.948443
0.947122
0.945606
0.944194
0.942896
0.941938
0.941237
0.94092
0.940942
0.941276
0.942177
0.943329
0.946281
0.95142
0.965984
0.982228
0.959373
0.96429
0.966926
0.968511
0.969363
0.9699
0.970185
0.970474
0.970679
0.970995
0.971275
0.971694
0.972084
0.972612
0.973121
0.973826
0.974724
0.976617
0.980387
0.987034
)
;

boundaryField
{
    movingWall
    {
        type            fixedValue;
        value           uniform 1;
    }
    fixedWalls
    {
        type            zeroGradient;
    }
    frontAndBack
    {
        type            empty;
    }
}


// ************************************************************************* //
