/*--------------------------------*- C++ -*----------------------------------*\
| =========                 |                                                 |
| \\      /  F ield         | OpenFOAM: The Open Source CFD Toolbox           |
|  \\    /   O peration     | Version:  2212                                  |
|   \\  /    A nd           | Website:  www.openfoam.com                      |
|    \\/     M anipulation  |                                                 |
\*---------------------------------------------------------------------------*/
FoamFile
{
    version     2.0;
    format      ascii;
    arch        "LSB;label=32;scalar=64";
    class       surfaceScalarField;
    location    "3.7";
    object      phi;
}
// * * * * * * * * * * * * * * * * * * * * * * * * * * * * * * * * * * * * * //

dimensions      [0 3 -1 0 0 0 0];

oriented        oriented;

internalField   nonuniform List<scalar> 
760
(
1.52045e-07
-1.52046e-07
2.85024e-07
-1.32978e-07
2.99469e-07
-1.44453e-08
1.73571e-07
1.25898e-07
-1.27449e-07
3.0102e-07
-6.65992e-07
5.38544e-07
-1.47351e-06
8.07517e-07
-2.46557e-06
9.92064e-07
-3.44467e-06
9.79093e-07
-4.18087e-06
7.36203e-07
-4.50734e-06
3.26466e-07
-4.32733e-06
-1.80008e-07
-3.58237e-06
-7.44954e-07
-2.38423e-06
-1.19814e-06
-9.59978e-07
-1.42425e-06
3.19002e-07
-1.27898e-06
1.0635e-06
-7.44498e-07
1.01712e-06
4.63838e-08
4.55364e-07
5.61752e-07
4.55364e-07
1.18345e-07
-2.70391e-07
6.28691e-08
-7.75025e-08
-3.06926e-07
3.55349e-07
-1.07931e-06
8.98286e-07
-2.299e-06
1.52071e-06
-3.88825e-06
2.12779e-06
-5.60264e-06
2.52191e-06
-7.13382e-06
2.52325e-06
-8.25798e-06
2.10325e-06
-8.86438e-06
1.3426e-06
-8.90525e-06
3.67342e-07
-8.35708e-06
-7.28185e-07
-7.25076e-06
-1.85127e-06
-5.61808e-06
-2.83082e-06
-3.60092e-06
-3.44142e-06
-1.50078e-06
-3.37912e-06
1.58428e-07
-2.4037e-06
8.4233e-07
-6.37519e-07
5.18929e-07
8.85152e-07
9.74293e-07
-1.32019e-07
-1.38372e-07
-6.36613e-07
4.27093e-07
-1.61612e-06
1.33485e-06
-3.1114e-06
2.39357e-06
-5.00128e-06
3.41059e-06
-6.99349e-06
4.11999e-06
-8.77681e-06
4.30523e-06
-1.01707e-05
3.91719e-06
-1.11222e-05
3.0547e-06
-1.16231e-05
1.84346e-06
-1.16237e-05
3.67949e-07
-1.11736e-05
-1.17823e-06
-1.02543e-05
-2.77056e-06
-8.81134e-06
-4.27382e-06
-6.82391e-06
-5.42885e-06
-4.37975e-06
-5.82328e-06
-1.87452e-06
-4.90894e-06
-9.26808e-08
-2.41936e-06
2.91719e-07
5.00752e-07
1.26601e-06
-4.97124e-07
3.58752e-07
-1.54522e-06
1.47519e-06
-3.08345e-06
2.87308e-06
-5.01843e-06
4.32855e-06
-7.09664e-06
5.4888e-06
-9.01499e-06
6.03834e-06
-1.05717e-05
5.8619e-06
-1.17221e-05
5.06763e-06
-1.24936e-05
3.82615e-06
-1.29209e-05
2.27076e-06
-1.29906e-05
4.3768e-07
-1.27582e-05
-1.41059e-06
-1.21869e-05
-3.34189e-06
-1.11746e-05
-5.28612e-06
-9.58999e-06
-7.01346e-06
-7.30855e-06
-8.10473e-06
-4.36846e-06
-7.84902e-06
-1.37327e-06
-5.41455e-06
1.18008e-07
-9.90526e-07
1.38402e-06
-8.50467e-07
1.20922e-06
-2.32946e-06
2.95419e-06
-4.17423e-06
4.71784e-06
-6.19516e-06
6.34948e-06
-8.11624e-06
7.40988e-06
-9.71602e-06
7.63812e-06
-1.09159e-05
7.06175e-06
-1.17407e-05
5.8925e-06
-1.22523e-05
4.3377e-06
-1.25237e-05
2.54216e-06
-1.2645e-05
5.59038e-07
-1.26059e-05
-1.44969e-06
-1.2396e-05
-3.5518e-06
-1.19352e-05
-5.7469e-06
-1.10367e-05
-7.91201e-06
-9.41283e-06
-9.72859e-06
-6.76691e-06
-1.04949e-05
-3.19925e-06
-8.98221e-06
-2.62316e-07
-3.92746e-06
1.1217e-06
-1.06895e-06
2.27816e-06
-2.74127e-06
4.62652e-06
-4.60869e-06
6.58526e-06
-6.44387e-06
8.18466e-06
-8.02493e-06
8.99094e-06
-9.21978e-06
8.83296e-06
-1.00218e-05
7.86379e-06
-1.04949e-05
6.36562e-06
-1.07296e-05
4.57233e-06
-1.08267e-05
2.63926e-06
-1.0908e-05
6.4038e-07
-1.09646e-05
-1.39311e-06
-1.10102e-05
-3.50622e-06
-1.10142e-05
-5.7429e-06
-1.08209e-05
-8.1053e-06
-1.01018e-05
-1.04477e-05
-8.36456e-06
-1.22322e-05
-5.19881e-06
-1.2148e-05
-1.15044e-06
-7.97582e-06
-2.87387e-08
-1.09026e-06
3.36842e-06
-2.71287e-06
6.24913e-06
-4.38753e-06
8.25992e-06
-5.90452e-06
9.70166e-06
-7.10448e-06
1.01909e-05
-7.92286e-06
9.65135e-06
-8.3948e-06
8.33572e-06
-8.60632e-06
6.57715e-06
-8.66164e-06
4.62764e-06
-8.65992e-06
2.63754e-06
-8.68646e-06
6.66917e-07
-8.76221e-06
-1.31737e-06
-8.90646e-06
-3.36197e-06
-9.12951e-06
-5.51985e-06
-9.37152e-06
-7.86329e-06
-9.39718e-06
-1.0422e-05
-8.68576e-06
-1.29436e-05
-6.48515e-06
-1.43486e-05
-2.40139e-06
-1.20596e-05
-2.43013e-06
-9.17285e-07
4.28571e-06
-2.307e-06
7.63885e-06
-3.67562e-06
9.62854e-06
-4.84011e-06
1.08662e-05
-5.69895e-06
1.10497e-05
-6.23299e-06
1.01854e-05
-6.49722e-06
8.59995e-06
-6.58212e-06
6.66205e-06
-6.5853e-06
4.63082e-06
-6.58232e-06
2.63456e-06
-6.61182e-06
6.96412e-07
-6.69223e-06
-1.23695e-06
-6.84541e-06
-3.20879e-06
-7.10185e-06
-5.26341e-06
-7.47657e-06
-7.48857e-06
-7.87355e-06
-1.0025e-05
-7.87756e-06
-1.29396e-05
-6.67132e-06
-1.55548e-05
-3.55335e-06
-1.51775e-05
-5.98348e-06
-6.11586e-07
4.89729e-06
-1.65743e-06
8.68469e-06
-2.67683e-06
1.06479e-05
-3.50479e-06
1.16941e-05
-4.08479e-06
1.16297e-05
-4.4252e-06
1.05258e-05
-4.58344e-06
8.7582e-06
-4.63805e-06
6.71667e-06
-4.66288e-06
4.65564e-06
-4.70374e-06
2.67543e-06
-4.7721e-06
7.64766e-07
-4.87526e-06
-1.13378e-06
-5.0241e-06
-3.05995e-06
-5.24835e-06
-5.03916e-06
-5.60338e-06
-7.13353e-06
-6.09967e-06
-9.52876e-06
-6.51128e-06
-1.2528e-05
-6.09274e-06
-1.59734e-05
-3.89789e-06
-1.73724e-05
-9.88137e-06
-2.2632e-07
5.12361e-06
-8.76222e-07
9.33459e-06
-1.53879e-06
1.13105e-05
-2.06086e-06
1.22162e-05
-2.41367e-06
1.19825e-05
-2.62052e-06
1.07326e-05
-2.72912e-06
8.8668e-06
-2.79304e-06
6.78059e-06
-2.85817e-06
4.72077e-06
-2.94753e-06
2.7648e-06
-3.06405e-06
8.81287e-07
-3.20768e-06
-9.90155e-07
-3.37933e-06
-2.88831e-06
-3.59269e-06
-4.8258e-06
-3.90135e-06
-6.82488e-06
-4.38717e-06
-9.04293e-06
-4.99095e-06
-1.19242e-05
-5.10222e-06
-1.58621e-05
-3.54367e-06
-1.89309e-05
-1.3425e-05
1.61759e-07
4.96185e-06
-6.71542e-08
9.5635e-06
-3.95444e-07
1.16388e-05
-6.42583e-07
1.24633e-05
-7.93697e-07
1.21337e-05
-8.79495e-07
1.08184e-05
-9.39631e-07
8.92693e-06
-1.00635e-06
6.8473e-06
-1.09661e-06
4.81103e-06
-1.21793e-06
2.88612e-06
-1.37217e-06
1.03552e-06
-1.56127e-06
-8.01053e-07
-1.78442e-06
-2.66516e-06
-2.04109e-06
-4.56913e-06
-2.36145e-06
-6.50451e-06
-2.84156e-06
-8.56283e-06
-3.54157e-06
-1.12242e-05
-4.01583e-06
-1.53878e-05
-3.01934e-06
-1.99274e-05
-1.64444e-05
4.91862e-07
4.46999e-06
6.87096e-07
9.36827e-06
7.2958e-07
1.15963e-05
7.65203e-07
1.24277e-05
8.10793e-07
1.20881e-05
8.40346e-07
1.07889e-05
8.33357e-07
8.93392e-06
7.81314e-07
6.89935e-06
6.86396e-07
4.90595e-06
5.5115e-07
3.02137e-06
3.71686e-07
1.21499e-06
1.41957e-07
-5.71325e-07
-1.40715e-07
-2.38249e-06
-4.82788e-07
-4.22706e-06
-8.9127e-07
-6.09603e-06
-1.4153e-06
-8.0388e-06
-2.20241e-06
-1.04371e-05
-2.95744e-06
-1.46328e-05
-2.46293e-06
-2.0422e-05
-1.89073e-05
7.40931e-07
3.72906e-06
1.32957e-06
8.77963e-06
1.71705e-06
1.12088e-05
2.04303e-06
1.21017e-05
2.31409e-06
1.1817e-05
2.49858e-06
1.06044e-05
2.58707e-06
8.84543e-06
2.5903e-06
6.89612e-06
2.52349e-06
4.97275e-06
2.39563e-06
3.14923e-06
2.20103e-06
1.40959e-06
1.92591e-06
-2.96202e-07
1.56884e-06
-2.02542e-06
1.12462e-06
-3.78284e-06
5.87493e-07
-5.5589e-06
-9.75144e-08
-7.35379e-06
-9.72033e-07
-9.56255e-06
-1.9356e-06
-1.36692e-05
-1.93303e-06
-2.04245e-05
-2.08403e-05
8.51737e-07
2.87732e-06
1.77572e-06
7.85565e-06
2.50726e-06
1.04773e-05
3.14094e-06
1.1468e-05
3.68316e-06
1.12748e-05
4.08931e-06
1.01983e-05
4.34217e-06
8.59257e-06
4.45569e-06
6.7826e-06
4.45426e-06
4.97418e-06
4.35476e-06
3.24873e-06
4.15633e-06
1.60802e-06
3.8334e-06
2.67328e-08
3.39565e-06
-1.58768e-06
2.82278e-06
-3.20996e-06
2.11361e-06
-4.84974e-06
1.28352e-06
-6.52369e-06
2.38457e-07
-8.51749e-06
-9.82891e-07
-1.24479e-05
-1.43896e-06
-1.99685e-05
-2.22793e-05
7.8778e-07
2.08954e-06
1.91427e-06
6.72916e-06
2.9418e-06
9.44975e-06
3.90392e-06
1.05059e-05
4.77207e-06
1.04066e-05
5.47911e-06
9.49121e-06
5.98474e-06
8.08693e-06
6.29175e-06
6.47559e-06
6.42232e-06
4.84361e-06
6.39661e-06
3.27444e-06
6.21543e-06
1.7892e-06
5.87156e-06
3.706e-07
5.34056e-06
-1.05668e-06
4.62382e-06
-2.49322e-06
3.71349e-06
-3.9394e-06
2.63749e-06
-5.44769e-06
1.35053e-06
-7.23054e-06
-1.76269e-07
-1.09211e-05
-9.29353e-07
-1.92154e-05
-2.32086e-05
5.63409e-07
1.52613e-06
1.72127e-06
5.57129e-06
3.03949e-06
8.13154e-06
4.37343e-06
9.17198e-06
5.62583e-06
9.15425e-06
6.69749e-06
8.41956e-06
7.52207e-06
7.26235e-06
8.08649e-06
5.91117e-06
8.40393e-06
4.52617e-06
8.49283e-06
3.18554e-06
8.36075e-06
1.92129e-06
8.00613e-06
7.25215e-07
7.38607e-06
-4.36612e-07
6.51653e-06
-1.62369e-06
5.38449e-06
-2.80736e-06
4.03132e-06
-4.09453e-06
2.52178e-06
-5.721e-06
9.19574e-07
-9.31887e-06
-1.61837e-07
-1.8134e-05
-2.33705e-05
1.4398e-07
1.38216e-06
1.00909e-06
4.70618e-06
2.46337e-06
6.67726e-06
4.16348e-06
7.47186e-06
5.86654e-06
7.4512e-06
7.38559e-06
6.9005e-06
8.61724e-06
6.0307e-06
9.53145e-06
4.99696e-06
1.01235e-05
3.93415e-06
1.04063e-05
2.90267e-06
1.03864e-05
1.94123e-06
1.00701e-05
1.04149e-06
9.41734e-06
2.16159e-07
8.44107e-06
-6.47423e-07
7.13766e-06
-1.50395e-06
5.55674e-06
-2.5136e-06
3.85544e-06
-4.0197e-06
2.20711e-06
-7.67054e-06
6.40143e-07
-1.6567e-05
-2.27303e-05
-5.11304e-07
1.89346e-06
1.88775e-07
4.0061e-06
1.71727e-06
5.14877e-06
3.75217e-06
5.43696e-06
5.88155e-06
5.32182e-06
7.82138e-06
4.96067e-06
9.43451e-06
4.41757e-06
1.06797e-05
3.75177e-06
1.15391e-05
3.07473e-06
1.20304e-05
2.41143e-06
1.21582e-05
1.8134e-06
1.19434e-05
1.25635e-06
1.14058e-05
7.53706e-07
1.05229e-05
2.35505e-07
9.29851e-06
-2.79566e-07
7.79969e-06
-1.01478e-06
6.21254e-06
-2.43255e-06
4.42721e-06
-5.88522e-06
2.04334e-06
-1.41831e-05
-2.0687e-05
-4.17299e-06
6.06645e-06
-3.63941e-06
3.47253e-06
-1.26281e-06
2.77216e-06
1.51087e-06
2.66328e-06
4.22512e-06
2.60757e-06
6.73642e-06
2.44937e-06
8.93379e-06
2.2202e-06
1.07578e-05
1.92773e-06
1.2191e-05
1.64158e-06
1.32603e-05
1.34215e-06
1.39829e-05
1.09079e-06
1.4403e-05
8.36236e-07
1.45099e-05
6.4677e-07
1.43152e-05
4.30258e-07
1.38066e-05
2.29019e-07
1.2999e-05
-2.0716e-07
1.18853e-05
-1.31887e-06
1.00974e-05
-4.0973e-06
5.63173e-06
-9.7175e-06
-1.50553e-05
6.06645e-06
9.53898e-06
1.23111e-05
1.49744e-05
1.7582e-05
2.00314e-05
2.22516e-05
2.41793e-05
2.58209e-05
2.7163e-05
2.82538e-05
2.909e-05
2.97368e-05
3.01671e-05
3.03961e-05
3.01889e-05
2.88701e-05
2.47728e-05
1.50553e-05
)
;

boundaryField
{
    movingWall
    {
        type            calculated;
        value           uniform 0;
    }
    fixedWalls
    {
        type            calculated;
        value           uniform 0;
    }
    frontAndBack
    {
        type            empty;
        value           nonuniform List<scalar> 0();
    }
}


// ************************************************************************* //
