/*--------------------------------*- C++ -*----------------------------------*\
| =========                 |                                                 |
| \\      /  F ield         | OpenFOAM: The Open Source CFD Toolbox           |
|  \\    /   O peration     | Version:  2212                                  |
|   \\  /    A nd           | Website:  www.openfoam.com                      |
|    \\/     M anipulation  |                                                 |
\*---------------------------------------------------------------------------*/
FoamFile
{
    version     2.0;
    format      ascii;
    arch        "LSB;label=32;scalar=64";
    class       volScalarField;
    location    "3.7";
    object      T;
}
// * * * * * * * * * * * * * * * * * * * * * * * * * * * * * * * * * * * * * //

dimensions      [0 0 0 1 0 0 0];

internalField   nonuniform List<scalar> 
400
(
0.374986
0.396722
0.440137
0.503069
0.574614
0.637638
0.680172
0.702107
0.711703
0.717001
0.720936
0.723989
0.726212
0.727148
0.725911
0.720798
0.709021
0.686301
0.65303
0.625654
0.403147
0.429374
0.481224
0.553758
0.628253
0.681099
0.706199
0.716162
0.721704
0.725905
0.729832
0.734005
0.738412
0.74228
0.74374
0.739617
0.725221
0.696283
0.657848
0.628795
0.447226
0.481844
0.545409
0.620703
0.679909
0.708567
0.717548
0.720497
0.721186
0.721626
0.723708
0.728689
0.736638
0.746927
0.756677
0.760915
0.751143
0.717912
0.666918
0.634448
0.491206
0.534728
0.604766
0.669428
0.705039
0.713583
0.710827
0.703827
0.695051
0.688416
0.686471
0.691549
0.703408
0.722324
0.745463
0.767574
0.777801
0.759167
0.697835
0.651074
0.526713
0.576678
0.645811
0.693301
0.706979
0.699323
0.683487
0.663476
0.644171
0.630119
0.62397
0.628156
0.642305
0.667453
0.702086
0.742661
0.780169
0.796299
0.758675
0.685173
0.552541
0.60534
0.668457
0.697966
0.6932
0.671233
0.642231
0.610946
0.584032
0.565224
0.556621
0.559531
0.573943
0.600863
0.640367
0.691177
0.74823
0.79859
0.811798
0.736961
0.570231
0.622618
0.677408
0.690998
0.671489
0.637586
0.598172
0.559829
0.529356
0.509172
0.500315
0.502699
0.516449
0.542396
0.581767
0.635259
0.700782
0.770285
0.824023
0.808129
0.581677
0.631461
0.678035
0.679248
0.648625
0.605588
0.559196
0.517418
0.486186
0.466624
0.458572
0.460959
0.473588
0.497127
0.533506
0.585466
0.654002
0.733627
0.808602
0.848437
0.588618
0.634641
0.674315
0.666923
0.628568
0.579353
0.529032
0.486129
0.455484
0.437219
0.430214
0.432911
0.4447
0.465804
0.497885
0.544866
0.611841
0.697883
0.786025
0.84153
0.59221
0.634084
0.668882
0.656961
0.614291
0.56146
0.509139
0.46599
0.436003
0.418632
0.412179
0.414991
0.426326
0.446036
0.474857
0.516136
0.577745
0.665861
0.767445
0.837008
0.593276
0.631096
0.663054
0.650116
0.606025
0.55179
0.49897
0.455999
0.426291
0.409038
0.402372
0.404767
0.41555
0.434422
0.461253
0.497781
0.55242
0.638232
0.749152
0.833901
0.592334
0.62638
0.657148
0.646642
0.604445
0.55108
0.498881
0.456084
0.425993
0.408021
0.400467
0.401954
0.411871
0.429905
0.455425
0.488387
0.535839
0.616906
0.735223
0.832428
0.589497
0.620327
0.651113
0.645627
0.608143
0.557735
0.507377
0.46524
0.434766
0.415835
0.407086
0.407297
0.415906
0.432555
0.45646
0.486442
0.52691
0.600612
0.723508
0.832412
0.584523
0.612776
0.643976
0.645577
0.616173
0.571701
0.525118
0.484621
0.454031
0.433961
0.423642
0.422042
0.42871
0.443147
0.464528
0.491126
0.525136
0.590682
0.715963
0.833751
0.577083
0.60415
0.635679
0.644431
0.62477
0.588662
0.548175
0.511324
0.48218
0.461969
0.45054
0.447089
0.451275
0.462515
0.479986
0.502281
0.530168
0.58617
0.711272
0.83636
0.567471
0.593829
0.625343
0.640925
0.632751
0.608045
0.57668
0.545974
0.520119
0.500878
0.488685
0.48318
0.484019
0.49078
0.502852
0.519333
0.541114
0.586764
0.710402
0.840443
0.558566
0.584539
0.614249
0.632842
0.633625
0.62049
0.600223
0.578526
0.558939
0.543284
0.53218
0.525711
0.523568
0.525621
0.531938
0.542045
0.558879
0.596634
0.716852
0.847285
0.551933
0.575967
0.605245
0.625362
0.633036
0.630262
0.621016
0.608831
0.596321
0.585085
0.57594
0.569292
0.565397
0.564159
0.566757
0.572369
0.587076
0.619047
0.730769
0.856112
0.50101
0.578091
0.592249
0.60531
0.611277
0.613136
0.612147
0.610303
0.608057
0.606846
0.606435
0.60756
0.610147
0.613918
0.620613
0.628122
0.645822
0.675817
0.76494
0.87122
0.646148
0.691391
0.717525
0.735297
0.747245
0.75633
0.763099
0.769321
0.77445
0.779914
0.784667
0.790108
0.794887
0.80052
0.805493
0.811875
0.818705
0.832274
0.856808
0.903225
)
;

boundaryField
{
    movingWall
    {
        type            fixedValue;
        value           uniform 1;
    }
    fixedWalls
    {
        type            zeroGradient;
    }
    frontAndBack
    {
        type            empty;
    }
}


// ************************************************************************* //
