/*--------------------------------*- C++ -*----------------------------------*\
| =========                 |                                                 |
| \\      /  F ield         | OpenFOAM: The Open Source CFD Toolbox           |
|  \\    /   O peration     | Version:  2212                                  |
|   \\  /    A nd           | Website:  www.openfoam.com                      |
|    \\/     M anipulation  |                                                 |
\*---------------------------------------------------------------------------*/
FoamFile
{
    version     2.0;
    format      ascii;
    arch        "LSB;label=32;scalar=64";
    class       volScalarField;
    location    "8.6";
    object      p;
}
// * * * * * * * * * * * * * * * * * * * * * * * * * * * * * * * * * * * * * //

dimensions      [0 2 -2 0 0 0 0];

internalField   nonuniform List<scalar> 
400
(
6.13726e-07
-0.000150351
-0.000534387
-0.00107154
-0.0017322
-0.0024936
-0.00318467
-0.0035972
-0.00356496
-0.00293373
-0.00154826
0.000619559
0.00324969
0.00551428
0.00653427
0.00592387
0.00400347
0.00215124
0.00111226
0.00104315
0.000116533
-5.7863e-05
-0.000376772
-0.000763915
-0.0012438
-0.00188787
-0.00270589
-0.0035431
-0.00407951
-0.00393792
-0.00284601
-0.000824558
0.00168961
0.00396125
0.00512534
0.00474418
0.00310453
0.00137642
0.000594835
0.000685793
0.000536605
0.000265178
-7.70743e-05
-0.00055939
-0.00134702
-0.00258026
-0.00421858
-0.00598297
-0.00740155
-0.00794278
-0.00726317
-0.00546111
-0.00289089
-0.000193914
0.00179265
0.00242896
0.00171036
0.000503809
-0.000394361
-0.000391165
0.00115201
0.000741372
0.000192063
-0.000774541
-0.00245068
-0.00493707
-0.00799394
-0.0111188
-0.0137012
-0.0151745
-0.0152044
-0.0138376
-0.0112916
-0.00802735
-0.0047507
-0.00220823
-0.000868878
-0.000704686
-0.00128726
-0.00191663
0.0015832
0.000973698
-2.27473e-05
-0.0019237
-0.00500582
-0.00917855
-0.0139113
-0.0184765
-0.0222122
-0.0246484
-0.0255239
-0.0247184
-0.0223594
-0.01874
-0.0143017
-0.00965335
-0.00559018
-0.00294727
-0.00219175
-0.00401633
0.00129312
0.000444924
-0.00119716
-0.00430366
-0.00900345
-0.0148779
-0.0210688
-0.02671
-0.031185
-0.0341715
-0.0355381
-0.0351823
-0.0331903
-0.0297129
-0.0248946
-0.0189572
-0.0125025
-0.00694633
-0.00439924
-0.00652233
-4.85399e-05
-0.00114758
-0.00349901
-0.00779554
-0.01393
-0.0211103
-0.0282304
-0.0344003
-0.0391199
-0.0422223
-0.0437096
-0.0436004
-0.0419633
-0.0388705
-0.0343039
-0.0281516
-0.0205349
-0.0127
-0.00785281
-0.00774629
-0.00245048
-0.00374192
-0.00669769
-0.0119113
-0.0190361
-0.0269762
-0.0344965
-0.0407696
-0.0454395
-0.0484645
-0.0499266
-0.049918
-0.0485181
-0.0457775
-0.0416531
-0.0359193
-0.02832
-0.0193671
-0.0118198
-0.00797894
-0.00553722
-0.00691451
-0.0102622
-0.016019
-0.0236533
-0.0318824
-0.0394419
-0.0456013
-0.0501238
-0.0530424
-0.0544708
-0.054511
-0.0532376
-0.0507123
-0.0469507
-0.0418028
-0.0348607
-0.0259425
-0.0167058
-0.00999242
-0.00873286
-0.0100847
-0.0135955
-0.0195385
-0.0272805
-0.0354788
-0.0429013
-0.0488964
-0.0532939
-0.0561502
-0.0575732
-0.0576444
-0.056427
-0.0539956
-0.0504379
-0.0457497
-0.0396257
-0.0315178
-0.0223168
-0.0143367
-0.0115028
-0.0127563
-0.0162166
-0.02205
-0.0296005
-0.0375795
-0.0448146
-0.0506848
-0.0550258
-0.0578755
-0.0593168
-0.0594083
-0.0582001
-0.055772
-0.0522724
-0.0478407
-0.042422
-0.0353757
-0.0271928
-0.0191752
-0.0135478
-0.0146168
-0.017853
-0.0233108
-0.030424
-0.0380533
-0.0451055
-0.0509348
-0.0553117
-0.0582212
-0.0597079
-0.0598103
-0.0585693
-0.0560658
-0.0525009
-0.0481263
-0.0431977
-0.0370494
-0.0300266
-0.0224127
-0.0148357
-0.0155659
-0.0183489
-0.0232057
-0.0296867
-0.0368696
-0.0437527
-0.0496256
-0.054138
-0.0571822
-0.0587503
-0.0588574
-0.0575392
-0.0548992
-0.0511631
-0.0466448
-0.0419571
-0.036294
-0.0302213
-0.0228918
-0.0154661
-0.0157202
-0.0177746
-0.0217423
-0.0273837
-0.0340233
-0.0407397
-0.0467272
-0.0514773
-0.0547509
-0.0564639
-0.0566049
-0.0551844
-0.0523378
-0.0483337
-0.0435723
-0.038724
-0.0331368
-0.0280959
-0.0202763
-0.0155728
-0.0152965
-0.0163359
-0.0190846
-0.0236483
-0.0296273
-0.0361625
-0.0423243
-0.047414
-0.0510242
-0.052964
-0.0531674
-0.0516759
-0.0485784
-0.0442165
-0.0390466
-0.0337774
-0.0280692
-0.0242297
-0.0143839
-0.0152753
-0.0145488
-0.0142593
-0.0154239
-0.0186816
-0.0238897
-0.0302244
-0.0366056
-0.0421266
-0.0461884
-0.0484757
-0.0488528
-0.0473407
-0.0440105
-0.0392413
-0.0335143
-0.0276394
-0.0216295
-0.0180545
-0.00383419
-0.0146608
-0.0136172
-0.011706
-0.0110802
-0.0129521
-0.0173775
-0.0235294
-0.0301637
-0.0361846
-0.0408013
-0.0435675
-0.0442506
-0.0428406
-0.0393684
-0.0341801
-0.0276877
-0.0206831
-0.0132791
-0.00678987
0.0160494
-0.0145824
-0.0126565
-0.0086483
-0.00623489
-0.00691012
-0.0107449
-0.0168153
-0.0237355
-0.0302922
-0.0355313
-0.0388947
-0.0400262
-0.0388697
-0.035442
-0.0298926
-0.0222757
-0.0128756
-0.000693545
0.0166886
0.0570586
-0.0117941
-0.0118304
-0.00572667
-0.00177628
-0.00176623
-0.00540518
-0.0115742
-0.018812
-0.0258707
-0.031681
-0.0356549
-0.0373543
-0.0366785
-0.0333504
-0.0272219
-0.0175425
-0.00315241
0.0204837
0.0606971
0.129816
-0.0295162
-0.0106297
-0.000609856
0.0030791
0.00244649
-0.00155802
-0.00799903
-0.0155511
-0.0229719
-0.0291679
-0.033525
-0.0355809
-0.0351948
-0.031951
-0.0252253
-0.0128607
0.00941882
0.0511655
0.122871
0.226071
)
;

boundaryField
{
    movingWall
    {
        type            zeroGradient;
    }
    fixedWalls
    {
        type            zeroGradient;
    }
    frontAndBack
    {
        type            empty;
    }
}


// ************************************************************************* //
