/*--------------------------------*- C++ -*----------------------------------*\
| =========                 |                                                 |
| \\      /  F ield         | OpenFOAM: The Open Source CFD Toolbox           |
|  \\    /   O peration     | Version:  2212                                  |
|   \\  /    A nd           | Website:  www.openfoam.com                      |
|    \\/     M anipulation  |                                                 |
\*---------------------------------------------------------------------------*/
FoamFile
{
    version     2.0;
    format      ascii;
    arch        "LSB;label=32;scalar=64";
    class       surfaceScalarField;
    location    "8.6";
    object      phi;
}
// * * * * * * * * * * * * * * * * * * * * * * * * * * * * * * * * * * * * * //

dimensions      [0 3 -1 0 0 0 0];

oriented        oriented;

internalField   nonuniform List<scalar> 
760
(
1.56052e-07
-1.56107e-07
2.93571e-07
-1.37519e-07
3.09922e-07
-1.63516e-08
1.83614e-07
1.26308e-07
-1.20358e-07
3.03972e-07
-6.65936e-07
5.45578e-07
-1.48521e-06
8.1927e-07
-2.49071e-06
1.00551e-06
-3.48013e-06
9.89419e-07
-4.22011e-06
7.39978e-07
-4.54377e-06
3.23657e-07
-4.35353e-06
-1.90238e-07
-3.59375e-06
-7.59775e-07
-2.3791e-06
-1.21465e-06
-9.40231e-07
-1.43887e-06
3.47494e-07
-1.28772e-06
1.08973e-06
-7.42233e-07
1.03296e-06
5.67627e-08
4.60957e-07
5.72006e-07
4.60956e-07
1.25002e-07
-2.81109e-07
7.45263e-08
-8.70432e-08
-2.97104e-07
3.55278e-07
-1.07893e-06
9.08139e-07
-2.31586e-06
1.5409e-06
-3.92719e-06
2.15691e-06
-5.66196e-06
2.55403e-06
-7.20659e-06
2.55013e-06
-8.33644e-06
2.11927e-06
-8.94179e-06
1.34533e-06
-8.97576e-06
3.5763e-07
-8.41585e-06
-7.5015e-07
-7.2934e-06
-1.88223e-06
-5.64195e-06
-2.8661e-06
-3.60586e-06
-3.47495e-06
-1.49038e-06
-3.40321e-06
1.78535e-07
-2.41114e-06
8.58848e-07
-6.23551e-07
5.25656e-07
9.05199e-07
9.86612e-07
-1.27636e-07
-1.53473e-07
-6.33968e-07
4.19289e-07
-1.62491e-06
1.34622e-06
-3.14134e-06
2.42456e-06
-5.05723e-06
3.45679e-06
-7.07291e-06
4.17259e-06
-8.87286e-06
4.35398e-06
-1.0277e-05
3.95429e-06
-1.12337e-05
3.07599e-06
-1.17353e-05
1.84686e-06
-1.17293e-05
3.51716e-07
-1.12705e-05
-1.209e-06
-1.03379e-05
-2.81482e-06
-8.87741e-06
-4.32661e-06
-6.86931e-06
-5.48305e-06
-4.40312e-06
-5.86941e-06
-1.87876e-06
-4.9355e-06
-8.64724e-08
-2.41584e-06
2.94663e-07
5.24064e-07
1.28128e-06
-5.00522e-07
3.47049e-07
-1.55994e-06
1.47871e-06
-3.11933e-06
2.90562e-06
-5.08106e-06
4.3863e-06
-7.18477e-06
5.56049e-06
-9.1226e-06
6.11043e-06
-1.06923e-05
5.9237e-06
-1.18514e-05
5.11339e-06
-1.2628e-05
3.85254e-06
-1.30566e-05
2.27547e-06
-1.31217e-05
4.16791e-07
-1.28822e-05
-1.44845e-06
-1.22995e-05
-3.39753e-06
-1.12717e-05
-5.35437e-06
-9.6682e-06
-7.08658e-06
-7.36427e-06
-8.17334e-06
-4.3986e-06
-7.90117e-06
-1.37807e-06
-5.43637e-06
1.20705e-07
-9.74709e-07
1.40198e-06
-8.61897e-07
1.20895e-06
-2.36156e-06
2.97837e-06
-4.2325e-06
4.77655e-06
-6.27968e-06
6.43348e-06
-8.22193e-06
7.50274e-06
-9.83653e-06
7.72502e-06
-1.10468e-05
7.13399e-06
-1.18793e-05
5.94591e-06
-1.23958e-05
4.36906e-06
-1.2669e-05
2.54863e-06
-1.27896e-05
5.37374e-07
-1.2744e-05
-1.49403e-06
-1.25234e-05
-3.61808e-06
-1.2049e-05
-5.82881e-06
-1.11345e-05
-8.00111e-06
-9.4919e-06
-9.81591e-06
-6.82185e-06
-1.05712e-05
-3.22287e-06
-9.03536e-06
-2.61193e-07
-3.93638e-06
1.14079e-06
-1.08701e-06
2.29595e-06
-2.78441e-06
4.67577e-06
-4.67805e-06
6.6702e-06
-6.53596e-06
8.29139e-06
-8.13381e-06
9.10059e-06
-9.34059e-06
8.9318e-06
-1.01523e-05
7.94569e-06
-1.0634e-05
6.42764e-06
-1.0876e-05
4.61105e-06
-1.09779e-05
2.65053e-06
-1.10611e-05
6.20553e-07
-1.11117e-05
-1.44343e-06
-1.11459e-05
-3.58383e-06
-1.1135e-05
-5.8398e-06
-1.09254e-05
-8.21065e-06
-1.01904e-05
-1.0551e-05
-8.4355e-06
-1.23261e-05
-5.24471e-06
-1.22261e-05
-1.15862e-06
-8.02247e-06
-1.78358e-08
-1.1111e-06
3.40705e-06
-2.75905e-06
6.32373e-06
-4.45689e-06
8.36803e-06
-5.99279e-06
9.8273e-06
-7.20667e-06
1.03145e-05
-8.0362e-06
9.76134e-06
-8.51915e-06
8.42864e-06
-8.7425e-06
6.651e-06
-8.80972e-06
4.67826e-06
-8.81752e-06
2.65834e-06
-8.84803e-06
6.51059e-07
-8.91942e-06
-1.37203e-06
-9.05166e-06
-3.4516e-06
-9.25639e-06
-5.63506e-06
-9.47761e-06
-7.98944e-06
-9.4845e-06
-1.05441e-05
-8.75838e-06
-1.30522e-05
-6.54078e-06
-1.44437e-05
-2.42478e-06
-1.21385e-05
-2.44262e-06
-9.36481e-07
4.34353e-06
-2.34867e-06
7.73592e-06
-3.73647e-06
9.75583e-06
-4.91638e-06
1.10072e-05
-5.78746e-06
1.11855e-05
-6.3329e-06
1.03068e-05
-6.60991e-06
8.70565e-06
-6.70947e-06
6.75056e-06
-6.72743e-06
4.69622e-06
-6.73651e-06
2.66741e-06
-6.77207e-06
6.86618e-07
-6.8509e-06
-1.2932e-06
-6.99393e-06
-3.30856e-06
-7.23181e-06
-5.39718e-06
-7.58211e-06
-7.63914e-06
-7.95479e-06
-1.01714e-05
-7.94077e-06
-1.30662e-05
-6.72209e-06
-1.56624e-05
-3.58954e-06
-1.5271e-05
-6.03216e-06
-6.25942e-07
4.96947e-06
-1.68948e-06
8.79945e-06
-2.7236e-06
1.07899e-05
-3.56367e-06
1.18473e-05
-4.15421e-06
1.17761e-05
-4.5054e-06
1.0658e-05
-4.67615e-06
8.87639e-06
-4.74479e-06
6.8192e-06
-4.78345e-06
4.73488e-06
-4.83535e-06
2.71931e-06
-4.91031e-06
7.61583e-07
-5.01452e-06
-1.18899e-06
-5.15772e-06
-3.16536e-06
-5.36844e-06
-5.18646e-06
-5.70186e-06
-7.30572e-06
-6.17213e-06
-9.70111e-06
-6.56249e-06
-1.26759e-05
-6.13254e-06
-1.60924e-05
-3.92683e-06
-1.74767e-05
-9.95899e-06
-2.33205e-07
5.20268e-06
-8.94854e-07
9.4611e-06
-1.56732e-06
1.14624e-05
-2.09777e-06
1.23777e-05
-2.45856e-06
1.21369e-05
-2.67399e-06
1.08734e-05
-2.79226e-06
8.99466e-06
-2.86657e-06
6.89351e-06
-2.94138e-06
4.80969e-06
-3.03852e-06
2.81645e-06
-3.16069e-06
8.83753e-07
-3.30738e-06
-1.04231e-06
-3.47862e-06
-2.99413e-06
-3.68646e-06
-4.97862e-06
-3.98125e-06
-7.01093e-06
-4.44545e-06
-9.23692e-06
-5.02765e-06
-1.20937e-05
-5.1271e-06
-1.59929e-05
-3.56058e-06
-1.90432e-05
-1.35196e-05
1.63759e-07
5.03892e-06
-7.0411e-08
9.69527e-06
-4.03833e-07
1.17958e-05
-6.55318e-07
1.26292e-05
-8.10798e-07
1.22924e-05
-9.0141e-07
1.0964e-05
-9.66515e-07
9.05977e-06
-1.03797e-06
6.96496e-06
-1.13231e-06
4.90403e-06
-1.25729e-06
2.94144e-06
-1.4155e-06
1.04196e-06
-1.60905e-06
-8.48752e-07
-1.83638e-06
-2.7668e-06
-2.0951e-06
-4.71989e-06
-2.41242e-06
-6.69361e-06
-2.87971e-06
-8.76962e-06
-3.56252e-06
-1.14109e-05
-4.02702e-06
-1.55284e-05
-3.02679e-06
-2.00435e-05
-1.65464e-05
5.02411e-07
4.53651e-06
7.00635e-07
9.49705e-06
7.44031e-07
1.17524e-05
7.79783e-07
1.25935e-05
8.24751e-07
1.22474e-05
8.53629e-07
1.09351e-05
8.46779e-07
9.06662e-06
7.96012e-07
7.01573e-06
7.02137e-07
4.99791e-06
5.66852e-07
3.07672e-06
3.8493e-07
1.22388e-06
1.50181e-07
-6.14004e-07
-1.38942e-07
-2.47768e-06
-4.89081e-07
-4.36975e-06
-9.03775e-07
-6.27892e-06
-1.42643e-06
-8.24697e-06
-2.20452e-06
-1.06328e-05
-2.95404e-06
-1.47789e-05
-2.46098e-06
-2.05365e-05
-1.90073e-05
7.5965e-07
3.77686e-06
1.35936e-06
8.89734e-06
1.75379e-06
1.1358e-05
2.08481e-06
1.22625e-05
2.35931e-06
1.19729e-05
2.54717e-06
1.07473e-05
2.64031e-06
8.97348e-06
2.64944e-06
7.0066e-06
2.58851e-06
5.05883e-06
2.46388e-06
3.20135e-06
2.2679e-06
1.41986e-06
1.98647e-06
-3.32577e-07
1.62027e-06
-2.11148e-06
1.16441e-06
-3.91389e-06
6.14645e-07
-5.72916e-06
-8.01221e-08
-7.5522e-06
-9.53874e-07
-9.75903e-06
-1.91701e-06
-1.38157e-05
-1.92423e-06
-2.05293e-05
-2.09316e-05
8.75369e-07
2.90149e-06
1.81872e-06
7.95399e-06
2.56367e-06
1.06131e-05
3.20766e-06
1.16185e-05
3.75816e-06
1.14224e-05
4.17198e-06
1.03335e-05
4.43329e-06
8.71216e-06
4.55606e-06
6.88383e-06
4.56309e-06
5.05181e-06
4.46934e-06
3.2951e-06
4.27259e-06
1.61661e-06
3.94021e-06
-1.90538e-10
3.49296e-06
-1.66423e-06
2.90523e-06
-3.32616e-06
2.1783e-06
-5.00222e-06
1.33132e-06
-6.70523e-06
2.73982e-07
-8.70169e-06
-9.53434e-07
-1.25883e-05
-1.42502e-06
-2.00577e-05
-2.23566e-05
8.1125e-07
2.09024e-06
1.96463e-06
6.80061e-06
3.01212e-06
9.56556e-06
3.99004e-06
1.06406e-05
4.87147e-06
1.05409e-05
5.59044e-06
9.61449e-06
6.10783e-06
8.19477e-06
6.42658e-06
6.56508e-06
6.56741e-06
4.91098e-06
6.54813e-06
3.31439e-06
6.36686e-06
1.79787e-06
6.02093e-06
3.45741e-07
5.47726e-06
-1.12056e-06
4.74336e-06
-2.59226e-06
3.81143e-06
-4.07029e-06
2.71052e-06
-5.60432e-06
1.40122e-06
-7.39239e-06
-1.49179e-07
-1.10379e-05
-9.09226e-07
-1.92977e-05
-2.32658e-05
5.81315e-07
1.50893e-06
1.76989e-06
5.61203e-06
3.11484e-06
8.22061e-06
4.47233e-06
9.28306e-06
5.74486e-06
9.26841e-06
6.83384e-06
8.52552e-06
7.67384e-06
7.35477e-06
8.25216e-06
5.98676e-06
8.58106e-06
4.58209e-06
8.67711e-06
3.21834e-06
8.54692e-06
1.92806e-06
8.18759e-06
7.05068e-07
7.55499e-06
-4.87953e-07
6.66657e-06
-1.70384e-06
5.50971e-06
-2.91344e-06
4.12547e-06
-4.22007e-06
2.58786e-06
-5.85479e-06
9.68619e-07
-9.41869e-06
-1.39131e-07
-1.81899e-05
-2.34049e-05
1.54254e-07
1.35467e-06
1.04839e-06
4.7179e-06
2.53297e-06
6.73603e-06
4.26282e-06
7.55321e-06
5.99258e-06
7.53866e-06
7.53447e-06
6.98362e-06
8.78582e-06
6.10342e-06
9.71677e-06
5.0558e-06
1.03224e-05
3.9765e-06
1.06139e-05
2.92682e-06
1.05972e-05
1.9447e-06
1.02779e-05
1.02438e-06
9.60959e-06
1.80371e-07
8.61483e-06
-7.09084e-07
7.28341e-06
-1.58202e-06
5.66755e-06
-2.6042e-06
3.92843e-06
-4.11567e-06
2.25031e-06
-7.74057e-06
6.5678e-07
-1.65964e-05
-2.27482e-05
-5.19088e-07
1.87376e-06
2.03629e-07
3.99519e-06
1.76754e-06
5.17212e-06
3.84081e-06
5.47994e-06
6.00624e-06
5.37323e-06
7.97681e-06
5.01306e-06
9.61587e-06
4.46436e-06
1.08818e-05
3.78984e-06
1.17571e-05
3.1012e-06
1.22579e-05
2.42608e-06
1.23875e-05
1.81512e-06
1.21656e-05
1.24624e-06
1.16165e-05
7.29449e-07
1.07105e-05
1.96939e-07
9.45229e-06
-3.23802e-07
7.91563e-06
-1.06754e-06
6.28642e-06
-2.48646e-06
4.46648e-06
-5.92064e-06
2.05962e-06
-1.41896e-05
-2.06885e-05
-4.1815e-06
6.05526e-06
-3.64409e-06
3.45778e-06
-1.24391e-06
2.77193e-06
1.56232e-06
2.67371e-06
4.31064e-06
2.62491e-06
6.85398e-06
2.46972e-06
9.07865e-06
2.23968e-06
1.09242e-05
1.94433e-06
1.23719e-05
1.65345e-06
1.34488e-05
1.34919e-06
1.41718e-05
1.09207e-06
1.45858e-05
8.3228e-07
1.46783e-05
6.36983e-07
1.44582e-05
4.17021e-07
1.39216e-05
2.12804e-07
1.30843e-05
-2.30283e-07
1.19343e-05
-1.33645e-06
1.01166e-05
-4.10288e-06
5.63953e-06
-9.71252e-06
-1.5049e-05
6.05526e-06
9.51304e-06
1.2285e-05
1.49587e-05
1.75836e-05
2.00533e-05
2.2293e-05
2.42373e-05
2.58908e-05
2.724e-05
2.8332e-05
2.91643e-05
2.98013e-05
3.02183e-05
3.04311e-05
3.02009e-05
2.88644e-05
2.47615e-05
1.5049e-05
)
;

boundaryField
{
    movingWall
    {
        type            calculated;
        value           uniform 0;
    }
    fixedWalls
    {
        type            calculated;
        value           uniform 0;
    }
    frontAndBack
    {
        type            empty;
        value           nonuniform List<scalar> 0();
    }
}


// ************************************************************************* //
