/*--------------------------------*- C++ -*----------------------------------*\
| =========                 |                                                 |
| \\      /  F ield         | OpenFOAM: The Open Source CFD Toolbox           |
|  \\    /   O peration     | Version:  2212                                  |
|   \\  /    A nd           | Website:  www.openfoam.com                      |
|    \\/     M anipulation  |                                                 |
\*---------------------------------------------------------------------------*/
FoamFile
{
    version     2.0;
    format      ascii;
    arch        "LSB;label=32;scalar=64";
    class       volScalarField;
    location    "8.6";
    object      T;
}
// * * * * * * * * * * * * * * * * * * * * * * * * * * * * * * * * * * * * * //

dimensions      [0 0 0 1 0 0 0];

internalField   nonuniform List<scalar> 
400
(
0.850261
0.854152
0.862006
0.873519
0.886735
0.898491
0.906589
0.91102
0.913247
0.914698
0.915978
0.917257
0.918585
0.919903
0.920979
0.921424
0.920599
0.917777
0.91328
0.909588
0.855377
0.86007
0.869443
0.882735
0.896534
0.906386
0.91101
0.912618
0.913252
0.913722
0.914497
0.915846
0.917854
0.92039
0.922899
0.924522
0.923943
0.920145
0.914449
0.91029
0.863305
0.869497
0.880971
0.894676
0.905308
0.909856
0.910127
0.908777
0.906955
0.905565
0.905394
0.906991
0.910379
0.91544
0.921219
0.926285
0.928238
0.924642
0.916599
0.911581
0.871032
0.878771
0.891203
0.902387
0.907489
0.906465
0.902286
0.89683
0.891348
0.887285
0.885706
0.887526
0.892529
0.900832
0.911288
0.922203
0.930402
0.931592
0.922477
0.914759
0.877012
0.885694
0.897334
0.904149
0.903248
0.896658
0.887274
0.876814
0.867206
0.860189
0.857009
0.858718
0.865047
0.876256
0.891359
0.908736
0.925262
0.935932
0.933301
0.920822
0.881067
0.889845
0.899355
0.901129
0.894361
0.882202
0.867404
0.852123
0.838814
0.829265
0.82472
0.825994
0.833072
0.846118
0.864537
0.887012
0.910923
0.931752
0.941665
0.929801
0.883513
0.891628
0.898298
0.895158
0.883104
0.865862
0.846291
0.827159
0.811171
0.800008
0.794683
0.795588
0.802865
0.816601
0.836628
0.862195
0.891263
0.919821
0.941173
0.942604
0.884792
0.891845
0.895702
0.888374
0.871874
0.850342
0.827006
0.80516
0.78754
0.775605
0.77
0.770753
0.777898
0.791464
0.811588
0.8383
0.87058
0.90489
0.93449
0.949516
0.885267
0.891134
0.892552
0.88197
0.862078
0.837367
0.811438
0.787891
0.769374
0.757108
0.751402
0.752092
0.759048
0.772141
0.791485
0.81767
0.851175
0.889775
0.925831
0.946785
0.885213
0.890039
0.889788
0.87723
0.855187
0.828391
0.800788
0.776162
0.757065
0.744507
0.738595
0.739118
0.745881
0.758598
0.777064
0.801847
0.834721
0.875835
0.918079
0.944771
0.884795
0.888826
0.887639
0.874209
0.851172
0.823431
0.795141
0.770066
0.750621
0.737701
0.73137
0.731481
0.737881
0.750213
0.767932
0.791106
0.822085
0.863764
0.910831
0.943473
0.88411
0.887654
0.886368
0.873389
0.85072
0.8232
0.795068
0.769988
0.750296
0.736916
0.729992
0.729452
0.735185
0.74685
0.763706
0.785204
0.813524
0.854245
0.905059
0.942775
0.883159
0.886491
0.885664
0.874088
0.852927
0.826732
0.799705
0.775337
0.755874
0.742298
0.734854
0.733526
0.738273
0.748777
0.764285
0.783888
0.809023
0.84725
0.900475
0.942701
0.881881
0.885276
0.88544
0.876281
0.857945
0.834347
0.809473
0.786582
0.767835
0.754306
0.74639
0.744075
0.747449
0.756192
0.769645
0.786761
0.808359
0.843171
0.897519
0.943144
0.880168
0.883817
0.884944
0.878387
0.863556
0.843558
0.821951
0.801652
0.784617
0.771897
0.763985
0.760854
0.76265
0.76912
0.779741
0.793793
0.811644
0.841926
0.895951
0.944109
0.878109
0.882135
0.88448
0.880865
0.870277
0.854863
0.837525
0.820723
0.806166
0.794819
0.787187
0.783335
0.783302
0.787022
0.794177
0.804422
0.818229
0.843094
0.895875
0.945631
0.876099
0.880019
0.882627
0.881025
0.874261
0.86368
0.85131
0.838979
0.827954
0.819009
0.812479
0.80855
0.807101
0.808266
0.812038
0.818356
0.828551
0.848716
0.898934
0.948216
0.874666
0.879032
0.882527
0.88256
0.879136
0.873031
0.865428
0.857448
0.849907
0.843405
0.83817
0.834446
0.832223
0.831631
0.833045
0.836302
0.843888
0.859503
0.904724
0.951481
0.856668
0.875758
0.876462
0.876615
0.874859
0.872188
0.868969
0.865919
0.863082
0.861
0.85949
0.858855
0.858992
0.859842
0.862012
0.864753
0.871724
0.883833
0.91832
0.957076
0.89919
0.911504
0.918194
0.922314
0.924637
0.926171
0.927072
0.927954
0.92861
0.929512
0.930307
0.931423
0.932449
0.933802
0.935086
0.936843
0.939028
0.943594
0.952584
0.968563
)
;

boundaryField
{
    movingWall
    {
        type            fixedValue;
        value           uniform 1;
    }
    fixedWalls
    {
        type            zeroGradient;
    }
    frontAndBack
    {
        type            empty;
    }
}


// ************************************************************************* //
