/*--------------------------------*- C++ -*----------------------------------*\
| =========                 |                                                 |
| \\      /  F ield         | OpenFOAM: The Open Source CFD Toolbox           |
|  \\    /   O peration     | Version:  2212                                  |
|   \\  /    A nd           | Website:  www.openfoam.com                      |
|    \\/     M anipulation  |                                                 |
\*---------------------------------------------------------------------------*/
FoamFile
{
    version     2.0;
    format      ascii;
    arch        "LSB;label=32;scalar=64";
    class       surfaceScalarField;
    location    "6.7";
    object      phi;
}
// * * * * * * * * * * * * * * * * * * * * * * * * * * * * * * * * * * * * * //

dimensions      [0 3 -1 0 0 0 0];

oriented        oriented;

internalField   nonuniform List<scalar> 
760
(
1.55962e-07
-1.55931e-07
2.93306e-07
-1.37344e-07
3.09577e-07
-1.6271e-08
1.83268e-07
1.26309e-07
-1.20619e-07
3.03886e-07
-6.65969e-07
5.45349e-07
-1.48484e-06
8.18869e-07
-2.48988e-06
1.00504e-06
-3.47895e-06
9.8907e-07
-4.21883e-06
7.39883e-07
-4.54264e-06
3.23816e-07
-4.35287e-06
-1.89778e-07
-3.59372e-06
-7.59147e-07
-2.37973e-06
-1.21399e-06
-9.41384e-07
-1.43835e-06
3.46099e-07
-1.28748e-06
1.08857e-06
-7.42474e-07
1.03233e-06
5.6248e-08
4.60744e-07
5.71583e-07
4.60745e-07
1.24786e-07
-2.80717e-07
7.41174e-08
-8.66751e-08
-2.97489e-07
3.55335e-07
-1.07904e-06
9.07859e-07
-2.3154e-06
1.54024e-06
-3.92595e-06
2.1559e-06
-5.65995e-06
2.55287e-06
-7.20403e-06
2.54913e-06
-8.33364e-06
2.11867e-06
-8.93902e-06
1.34526e-06
-8.97327e-06
3.58064e-07
-8.41385e-06
-7.49194e-07
-7.29209e-06
-1.8809e-06
-5.64143e-06
-2.86466e-06
-3.6061e-06
-3.47367e-06
-1.49115e-06
-3.40243e-06
1.77484e-07
-2.41111e-06
8.58088e-07
-6.24358e-07
5.25367e-07
9.04301e-07
9.86112e-07
-1.27814e-07
-1.52903e-07
-6.34137e-07
4.19647e-07
-1.62474e-06
1.34594e-06
-3.14044e-06
2.42356e-06
-5.05536e-06
3.45516e-06
-7.07007e-06
4.17061e-06
-8.86925e-06
4.35204e-06
-1.02729e-05
3.95273e-06
-1.12292e-05
3.07505e-06
-1.17307e-05
1.84668e-06
-1.1725e-05
3.52388e-07
-1.12665e-05
-1.20765e-06
-1.03345e-05
-2.81288e-06
-8.87487e-06
-4.32434e-06
-6.86772e-06
-5.48082e-06
-4.40247e-06
-5.86768e-06
-1.87886e-06
-4.93472e-06
-8.6868e-08
-2.41635e-06
2.94511e-07
5.22921e-07
1.28062e-06
-5.00453e-07
3.4755e-07
-1.55953e-06
1.47872e-06
-3.11818e-06
2.90459e-06
-5.07888e-06
4.38426e-06
-7.18148e-06
5.55776e-06
-9.11834e-06
6.10747e-06
-1.06873e-05
5.92099e-06
-1.18458e-05
5.11124e-06
-1.26219e-05
3.85119e-06
-1.30503e-05
2.2751e-06
-1.31156e-05
4.17622e-07
-1.28765e-05
-1.44676e-06
-1.22944e-05
-3.39499e-06
-1.12674e-05
-5.35129e-06
-9.66486e-06
-7.08337e-06
-7.36205e-06
-8.1705e-06
-4.39755e-06
-7.89922e-06
-1.37805e-06
-5.43585e-06
1.20543e-07
-9.75673e-07
1.40117e-06
-8.61532e-07
1.20908e-06
-2.36047e-06
2.97766e-06
-4.23038e-06
4.7745e-06
-6.27641e-06
6.43029e-06
-8.21757e-06
7.49892e-06
-9.83126e-06
7.72116e-06
-1.10408e-05
7.13052e-06
-1.18727e-05
5.94312e-06
-1.23887e-05
4.36723e-06
-1.26616e-05
2.54801e-06
-1.27822e-05
5.38186e-07
-1.27369e-05
-1.492e-06
-1.2517e-05
-3.61493e-06
-1.20434e-05
-5.8249e-06
-1.11298e-05
-7.99695e-06
-9.48831e-06
-9.81199e-06
-6.81952e-06
-1.0568e-05
-3.22201e-06
-9.03336e-06
-2.61322e-07
-3.93636e-06
1.13984e-06
-1.08635e-06
2.29543e-06
-2.78278e-06
4.67409e-06
-4.6753e-06
6.66702e-06
-6.53208e-06
8.28707e-06
-8.12893e-06
9.09578e-06
-9.33485e-06
8.92708e-06
-1.01458e-05
7.94143e-06
-1.06268e-05
6.42413e-06
-1.08681e-05
4.60859e-06
-1.09696e-05
2.64949e-06
-1.10526e-05
6.21213e-07
-1.11036e-05
-1.44107e-06
-1.11385e-05
-3.57998e-06
-1.11285e-05
-5.83493e-06
-1.092e-05
-8.20544e-06
-1.0186e-05
-1.0546e-05
-8.43217e-06
-1.23218e-05
-5.24271e-06
-1.22228e-05
-1.15835e-06
-8.02072e-06
-1.85081e-08
-1.11027e-06
3.4057e-06
-2.75717e-06
6.32099e-06
-4.45391e-06
8.36376e-06
-5.98879e-06
9.82195e-06
-7.20175e-06
1.03087e-05
-8.03043e-06
9.75576e-06
-8.5125e-06
8.42351e-06
-8.73494e-06
6.64657e-06
-8.80129e-06
4.67494e-06
-8.80843e-06
2.65663e-06
-8.83868e-06
6.51458e-07
-8.91034e-06
-1.3694e-06
-9.04335e-06
-3.44697e-06
-9.24924e-06
-5.62904e-06
-9.47177e-06
-7.98292e-06
-9.47987e-06
-1.05379e-05
-8.7547e-06
-1.3047e-05
-6.53811e-06
-1.44394e-05
-2.42374e-06
-1.21351e-05
-2.44225e-06
-9.3566e-07
4.34136e-06
-2.34685e-06
7.73217e-06
-3.73369e-06
9.7506e-06
-4.9127e-06
1.1001e-05
-5.78293e-06
1.1179e-05
-6.32752e-06
1.03003e-05
-6.60356e-06
8.69955e-06
-6.70207e-06
6.74508e-06
-6.71902e-06
4.69188e-06
-6.7273e-06
2.66491e-06
-6.76248e-06
6.86637e-07
-6.84145e-06
-1.29043e-06
-6.98517e-06
-3.30324e-06
-7.22426e-06
-5.38995e-06
-7.5761e-06
-7.63108e-06
-7.95028e-06
-1.01637e-05
-7.93738e-06
-1.30599e-05
-6.7195e-06
-1.56573e-05
-3.58782e-06
-1.52668e-05
-6.03007e-06
-6.2528e-07
4.96664e-06
-1.68798e-06
8.79488e-06
-2.72133e-06
1.07839e-05
-3.56066e-06
1.18403e-05
-4.15047e-06
1.17688e-05
-4.50086e-06
1.06507e-05
-4.67069e-06
8.86939e-06
-4.73835e-06
6.81273e-06
-4.77606e-06
4.72959e-06
-4.82721e-06
2.71606e-06
-4.90175e-06
7.61178e-07
-5.00594e-06
-1.18624e-06
-5.14959e-06
-3.15959e-06
-5.36127e-06
-5.17827e-06
-5.6961e-06
-7.29625e-06
-6.16798e-06
-9.69187e-06
-6.55962e-06
-1.26682e-05
-6.1304e-06
-1.60865e-05
-3.92535e-06
-1.74718e-05
-9.95542e-06
-2.32837e-07
5.19948e-06
-8.93901e-07
9.45594e-06
-1.56582e-06
1.14559e-05
-2.09575e-06
1.23702e-05
-2.45598e-06
1.2129e-05
-2.67079e-06
1.08655e-05
-2.78836e-06
8.98696e-06
-2.86192e-06
6.88629e-06
-2.93604e-06
4.80371e-06
-3.03263e-06
2.81265e-06
-3.15442e-06
8.82971e-07
-3.30097e-06
-1.03969e-06
-3.47234e-06
-2.98822e-06
-3.68068e-06
-4.96994e-06
-3.97646e-06
-7.00047e-06
-4.44202e-06
-9.2263e-06
-5.02552e-06
-1.20847e-05
-5.12569e-06
-1.59863e-05
-3.55966e-06
-1.90378e-05
-1.35151e-05
1.63735e-07
5.03575e-06
-7.01509e-08
9.68983e-06
-4.03281e-07
1.1789e-05
-6.54482e-07
1.26214e-05
-8.09651e-07
1.22842e-05
-8.9991e-07
1.09558e-05
-9.64643e-07
9.05169e-06
-1.03573e-06
6.95738e-06
-1.12974e-06
4.89772e-06
-1.25444e-06
2.93735e-06
-1.41238e-06
1.04091e-06
-1.60569e-06
-8.46384e-07
-1.83285e-06
-2.76105e-06
-2.0916e-06
-4.7112e-06
-2.40925e-06
-6.68282e-06
-2.87741e-06
-8.75814e-06
-3.56125e-06
-1.14009e-05
-4.02634e-06
-1.55212e-05
-3.02636e-06
-2.00378e-05
-1.65414e-05
5.02009e-07
4.53374e-06
7.00146e-07
9.49169e-06
7.43517e-07
1.17456e-05
7.79272e-07
1.25857e-05
8.24273e-07
1.22392e-05
8.53185e-07
1.09269e-05
8.4633e-07
9.05854e-06
7.95499e-07
7.00821e-06
7.01586e-07
4.99163e-06
5.66324e-07
3.07261e-06
3.84552e-07
1.22268e-06
1.50077e-07
-6.11909e-07
-1.38703e-07
-2.47227e-06
-4.88439e-07
-4.36146e-06
-9.0287e-07
-6.26839e-06
-1.42568e-06
-8.23532e-06
-2.20432e-06
-1.06223e-05
-2.95416e-06
-1.47714e-05
-2.46105e-06
-2.05309e-05
-1.90025e-05
7.58874e-07
3.77486e-06
1.35812e-06
8.89244e-06
1.75221e-06
1.13515e-05
2.08292e-06
1.2255e-05
2.35716e-06
1.19649e-05
2.54474e-06
1.07393e-05
2.63754e-06
8.96575e-06
2.64626e-06
6.99949e-06
2.58494e-06
5.05295e-06
2.46009e-06
3.19747e-06
2.26415e-06
1.41861e-06
1.98308e-06
-3.30831e-07
1.61742e-06
-2.10662e-06
1.16223e-06
-3.90627e-06
6.1318e-07
-5.71934e-06
-8.10416e-08
-7.5411e-06
-9.54818e-07
-9.74849e-06
-1.91795e-06
-1.38083e-05
-1.92467e-06
-2.05242e-05
-2.09272e-05
8.74362e-07
2.9005e-06
1.81686e-06
7.94995e-06
2.56115e-06
1.06072e-05
3.20454e-06
1.16116e-05
3.75447e-06
1.1415e-05
4.16771e-06
1.03261e-05
4.42839e-06
8.70507e-06
4.55048e-06
6.8774e-06
4.55688e-06
5.04655e-06
4.46272e-06
3.29163e-06
4.2659e-06
1.61544e-06
3.93389e-06
1.17584e-09
3.48728e-06
-1.66001e-06
2.90047e-06
-3.31946e-06
2.17462e-06
-4.99349e-06
1.32866e-06
-6.69515e-06
2.72075e-07
-8.6919e-06
-9.54968e-07
-1.25812e-05
-1.42574e-06
-2.00535e-05
-2.23529e-05
8.10242e-07
2.09026e-06
1.96243e-06
6.79776e-06
3.00896e-06
9.56071e-06
3.986e-06
1.06345e-05
4.86659e-06
1.05344e-05
5.58472e-06
9.60794e-06
6.10124e-06
8.18855e-06
6.41912e-06
6.55953e-06
6.55917e-06
4.9065e-06
6.53935e-06
3.31145e-06
6.35792e-06
1.79686e-06
6.01226e-06
3.46841e-07
5.46929e-06
-1.11704e-06
4.73646e-06
-2.58663e-06
3.80587e-06
-4.0629e-06
2.70647e-06
-5.59574e-06
1.3985e-06
-7.38394e-06
-1.50574e-07
-1.10322e-05
-9.10261e-07
-1.92938e-05
-2.32632e-05
5.80554e-07
1.5097e-06
1.76779e-06
5.61052e-06
3.1115e-06
8.217e-06
4.46778e-06
9.27824e-06
5.73916e-06
9.26303e-06
6.82703e-06
8.52008e-06
7.66595e-06
7.34962e-06
8.24325e-06
5.98223e-06
8.57127e-06
4.57848e-06
8.66672e-06
3.21601e-06
8.5363e-06
1.92727e-06
8.1772e-06
7.05946e-07
7.54534e-06
-4.85182e-07
6.65808e-06
-1.69937e-06
5.50275e-06
-2.90757e-06
4.12037e-06
-4.21335e-06
2.58439e-06
-5.84796e-06
9.66112e-07
-9.41388e-06
-1.40273e-07
-1.81874e-05
-2.34034e-05
1.53826e-07
1.35588e-06
1.04673e-06
4.71762e-06
2.52996e-06
6.73377e-06
4.25839e-06
7.54981e-06
5.98674e-06
7.53468e-06
7.5273e-06
6.97952e-06
8.77738e-06
6.09954e-06
9.70719e-06
5.05242e-06
1.03118e-05
3.97388e-06
1.06026e-05
2.92516e-06
1.05857e-05
1.94423e-06
1.02665e-05
1.02515e-06
9.59905e-06
1.82248e-07
8.6054e-06
-7.05727e-07
7.27565e-06
-1.57782e-06
5.6618e-06
-2.5995e-06
3.92475e-06
-4.11092e-06
2.24819e-06
-7.73731e-06
6.55974e-07
-1.65952e-05
-2.27475e-05
-5.18738e-07
1.87462e-06
2.03097e-07
3.99579e-06
1.76555e-06
5.17132e-06
3.83713e-06
5.47823e-06
6.00082e-06
5.37099e-06
7.96974e-06
5.01059e-06
9.60731e-06
4.46198e-06
1.0872e-05
3.78776e-06
1.17462e-05
3.09963e-06
1.22462e-05
2.42513e-06
1.23756e-05
1.81488e-06
1.21541e-05
1.24668e-06
1.16056e-05
7.30697e-07
1.07009e-05
1.98992e-07
9.44456e-06
-3.21491e-07
7.90994e-06
-1.06488e-06
6.2829e-06
-2.48387e-06
4.46466e-06
-5.91908e-06
2.05887e-06
-1.41894e-05
-2.06886e-05
-4.18109e-06
6.05571e-06
-3.64373e-06
3.45842e-06
-1.24444e-06
2.77204e-06
1.56043e-06
2.67336e-06
4.30721e-06
2.62422e-06
6.84898e-06
2.46881e-06
9.07221e-06
2.23875e-06
1.09165e-05
1.94348e-06
1.23633e-05
1.65281e-06
1.34397e-05
1.34878e-06
1.41626e-05
1.09197e-06
1.45768e-05
8.32466e-07
1.467e-05
6.37488e-07
1.44513e-05
4.17714e-07
1.39161e-05
2.13632e-07
1.30804e-05
-2.29153e-07
1.19322e-05
-1.33564e-06
1.01158e-05
-4.10269e-06
5.63923e-06
-9.71281e-06
-1.50494e-05
6.05571e-06
9.51413e-06
1.22862e-05
1.49595e-05
1.75837e-05
2.00526e-05
2.22913e-05
2.42348e-05
2.58876e-05
2.72364e-05
2.83283e-05
2.91608e-05
2.97983e-05
3.0216e-05
3.04296e-05
3.02005e-05
2.88648e-05
2.47622e-05
1.50494e-05
)
;

boundaryField
{
    movingWall
    {
        type            calculated;
        value           uniform 0;
    }
    fixedWalls
    {
        type            calculated;
        value           uniform 0;
    }
    frontAndBack
    {
        type            empty;
        value           nonuniform List<scalar> 0();
    }
}


// ************************************************************************* //
