/*--------------------------------*- C++ -*----------------------------------*\
| =========                 |                                                 |
| \\      /  F ield         | OpenFOAM: The Open Source CFD Toolbox           |
|  \\    /   O peration     | Version:  2212                                  |
|   \\  /    A nd           | Website:  www.openfoam.com                      |
|    \\/     M anipulation  |                                                 |
\*---------------------------------------------------------------------------*/
FoamFile
{
    version     2.0;
    format      ascii;
    arch        "LSB;label=32;scalar=64";
    class       volScalarField;
    location    "6.7";
    object      T;
}
// * * * * * * * * * * * * * * * * * * * * * * * * * * * * * * * * * * * * * //

dimensions      [0 0 0 1 0 0 0];

internalField   nonuniform List<scalar> 
400
(
0.753598
0.76097
0.775778
0.797384
0.821977
0.843545
0.858041
0.865637
0.869237
0.871494
0.873407
0.875226
0.877019
0.878674
0.879834
0.879877
0.87778
0.872277
0.863778
0.856783
0.763443
0.772246
0.789797
0.814565
0.840009
0.857851
0.866037
0.868942
0.870253
0.871226
0.872523
0.874518
0.877316
0.880691
0.883806
0.885336
0.883273
0.87601
0.865599
0.857891
0.778633
0.790137
0.811453
0.836812
0.856375
0.864913
0.866135
0.864842
0.862747
0.861123
0.861098
0.863449
0.868215
0.875202
0.882996
0.889422
0.890808
0.883361
0.868954
0.859909
0.793425
0.807731
0.830789
0.851667
0.861749
0.861417
0.856203
0.849055
0.841669
0.83617
0.834064
0.83668
0.843732
0.855401
0.870045
0.88515
0.89589
0.895528
0.878821
0.8652
0.804948
0.821055
0.842942
0.856517
0.856978
0.848399
0.835746
0.821365
0.808047
0.798307
0.793878
0.796261
0.8051
0.820818
0.842095
0.866667
0.889946
0.904215
0.897492
0.875603
0.812926
0.829428
0.848027
0.853545
0.845089
0.82852
0.808155
0.786939
0.768486
0.75526
0.748954
0.750674
0.760413
0.778477
0.804166
0.835789
0.869739
0.899401
0.912524
0.891213
0.817985
0.833629
0.847886
0.845823
0.829605
0.805861
0.778806
0.752325
0.730331
0.715026
0.707737
0.708936
0.71883
0.737619
0.765222
0.800797
0.841702
0.8824
0.91305
0.913317
0.820906
0.83498
0.844974
0.836625
0.81404
0.784324
0.752103
0.722052
0.698015
0.68181
0.674218
0.675195
0.684802
0.703162
0.730623
0.767459
0.812511
0.861034
0.903532
0.925379
0.822341
0.834568
0.840905
0.827803
0.800441
0.766349
0.730647
0.698442
0.673354
0.65683
0.649169
0.650057
0.659331
0.676894
0.703045
0.738834
0.785259
0.839543
0.890991
0.921351
0.822756
0.833264
0.837077
0.82117
0.790841
0.75391
0.716005
0.682464
0.656707
0.639879
0.631982
0.632649
0.641626
0.658597
0.68341
0.717036
0.762268
0.819799
0.879938
0.918488
0.822449
0.831531
0.833908
0.816875
0.785229
0.747023
0.708232
0.674145
0.647967
0.63069
0.62225
0.622366
0.630837
0.647256
0.670988
0.702277
0.744651
0.802693
0.869503
0.916612
0.821602
0.829645
0.831744
0.815505
0.784486
0.746611
0.708052
0.673955
0.647424
0.629518
0.620278
0.619525
0.627114
0.642644
0.665211
0.694167
0.732731
0.789236
0.861258
0.915623
0.820238
0.827616
0.830221
0.816169
0.787409
0.751381
0.714303
0.681106
0.654803
0.636572
0.626605
0.624801
0.631094
0.645103
0.66589
0.692288
0.726405
0.779274
0.854639
0.915519
0.818279
0.82537
0.829134
0.818676
0.79408
0.76171
0.727555
0.696278
0.670825
0.652556
0.641896
0.63876
0.643243
0.654941
0.673021
0.6961
0.725375
0.773415
0.850374
0.916168
0.815582
0.822741
0.827609
0.820964
0.801509
0.77423
0.744555
0.716726
0.693473
0.676183
0.665452
0.661192
0.663576
0.672263
0.68658
0.705561
0.729749
0.771472
0.848037
0.917564
0.812282
0.819707
0.825917
0.823432
0.810171
0.789466
0.765766
0.742715
0.722762
0.707239
0.696808
0.69153
0.691437
0.696426
0.706086
0.719935
0.73867
0.772909
0.847856
0.919769
0.809119
0.816315
0.822557
0.822721
0.814887
0.801069
0.784371
0.767537
0.752428
0.740153
0.731185
0.725765
0.723729
0.725241
0.730314
0.738843
0.752742
0.780582
0.852131
0.92351
0.806839
0.814343
0.821498
0.823691
0.820493
0.813022
0.803091
0.79239
0.782154
0.773262
0.766071
0.760923
0.757833
0.756958
0.75887
0.7633
0.773828
0.795623
0.860375
0.928253
0.780551
0.810812
0.81311
0.814662
0.813217
0.810255
0.80634
0.802526
0.798915
0.796296
0.794431
0.793757
0.794148
0.795511
0.798736
0.802736
0.812779
0.830147
0.8799
0.936385
0.845426
0.864514
0.875044
0.881699
0.885647
0.888371
0.890112
0.891774
0.893058
0.894666
0.896073
0.897932
0.899617
0.901777
0.903789
0.906506
0.909776
0.916537
0.929631
0.953169
)
;

boundaryField
{
    movingWall
    {
        type            fixedValue;
        value           uniform 1;
    }
    fixedWalls
    {
        type            zeroGradient;
    }
    frontAndBack
    {
        type            empty;
    }
}


// ************************************************************************* //
