/*--------------------------------*- C++ -*----------------------------------*\
| =========                 |                                                 |
| \\      /  F ield         | OpenFOAM: The Open Source CFD Toolbox           |
|  \\    /   O peration     | Version:  2212                                  |
|   \\  /    A nd           | Website:  www.openfoam.com                      |
|    \\/     M anipulation  |                                                 |
\*---------------------------------------------------------------------------*/
FoamFile
{
    version     2.0;
    format      ascii;
    arch        "LSB;label=32;scalar=64";
    class       surfaceScalarField;
    location    "6.9";
    object      phi;
}
// * * * * * * * * * * * * * * * * * * * * * * * * * * * * * * * * * * * * * //

dimensions      [0 3 -1 0 0 0 0];

oriented        oriented;

internalField   nonuniform List<scalar> 
760
(
1.55985e-07
-1.55962e-07
2.93364e-07
-1.37378e-07
3.09652e-07
-1.62862e-08
1.83343e-07
1.2631e-07
-1.20563e-07
3.03904e-07
-6.6596e-07
5.45397e-07
-1.48491e-06
8.18952e-07
-2.49005e-06
1.00514e-06
-3.47919e-06
9.89142e-07
-4.21909e-06
7.39902e-07
-4.54288e-06
3.23784e-07
-4.353e-06
-1.89872e-07
-3.59373e-06
-7.59275e-07
-2.3796e-06
-1.21413e-06
-9.41149e-07
-1.43845e-06
3.46383e-07
-1.28753e-06
1.08881e-06
-7.42426e-07
1.03246e-06
5.63523e-08
4.60787e-07
5.71668e-07
4.60788e-07
1.24833e-07
-2.80794e-07
7.42037e-08
-8.67477e-08
-2.97409e-07
3.55326e-07
-1.07902e-06
9.07919e-07
-2.31549e-06
1.54038e-06
-3.92621e-06
2.15611e-06
-5.66036e-06
2.55311e-06
-7.20456e-06
2.54933e-06
-8.33422e-06
2.1188e-06
-8.93959e-06
1.34528e-06
-8.97378e-06
3.57975e-07
-8.41426e-06
-7.49389e-07
-7.29236e-06
-1.88117e-06
-5.64154e-06
-2.86495e-06
-3.60605e-06
-3.47393e-06
-1.491e-06
-3.40259e-06
1.77696e-07
-2.41112e-06
8.58242e-07
-6.24195e-07
5.25426e-07
9.04483e-07
9.86214e-07
-1.27776e-07
-1.53016e-07
-6.34101e-07
4.19577e-07
-1.62477e-06
1.346e-06
-3.14063e-06
2.42377e-06
-5.05574e-06
3.4555e-06
-7.07066e-06
4.17102e-06
-8.86999e-06
4.35244e-06
-1.02737e-05
3.95305e-06
-1.12302e-05
3.07524e-06
-1.17316e-05
1.84672e-06
-1.17259e-05
3.5225e-07
-1.12673e-05
-1.20793e-06
-1.03352e-05
-2.81327e-06
-8.87539e-06
-4.3248e-06
-6.86805e-06
-5.48127e-06
-4.40261e-06
-5.86803e-06
-1.87884e-06
-4.93488e-06
-8.67891e-08
-2.41625e-06
2.94542e-07
5.23152e-07
1.28076e-06
-5.00467e-07
3.47452e-07
-1.55961e-06
1.47872e-06
-3.11842e-06
2.90481e-06
-5.07933e-06
4.38468e-06
-7.18216e-06
5.55832e-06
-9.11922e-06
6.10808e-06
-1.06883e-05
5.92155e-06
-1.18469e-05
5.11168e-06
-1.26232e-05
3.85146e-06
-1.30516e-05
2.27517e-06
-1.31168e-05
4.17449e-07
-1.28776e-05
-1.4471e-06
-1.22954e-05
-3.39551e-06
-1.12683e-05
-5.35191e-06
-9.66555e-06
-7.08402e-06
-7.3625e-06
-8.17108e-06
-4.39777e-06
-7.89962e-06
-1.37806e-06
-5.43596e-06
1.20576e-07
-9.75479e-07
1.40133e-06
-8.61607e-07
1.20906e-06
-2.36069e-06
2.97781e-06
-4.23082e-06
4.77493e-06
-6.27708e-06
6.43095e-06
-8.21847e-06
7.49971e-06
-9.83234e-06
7.72196e-06
-1.1042e-05
7.13122e-06
-1.1874e-05
5.94369e-06
-1.23902e-05
4.3676e-06
-1.26631e-05
2.54813e-06
-1.27837e-05
5.38015e-07
-1.27384e-05
-1.49242e-06
-1.25183e-05
-3.61557e-06
-1.20445e-05
-5.8257e-06
-1.11308e-05
-7.9978e-06
-9.48904e-06
-9.81279e-06
-6.82e-06
-1.05687e-05
-3.22219e-06
-9.03377e-06
-2.61296e-07
-3.93637e-06
1.14004e-06
-1.08649e-06
2.29554e-06
-2.78312e-06
4.67444e-06
-4.67586e-06
6.66767e-06
-6.53287e-06
8.28796e-06
-8.12993e-06
9.09676e-06
-9.33602e-06
8.92805e-06
-1.01471e-05
7.9423e-06
-1.06282e-05
6.42484e-06
-1.08697e-05
4.60908e-06
-1.09713e-05
2.64969e-06
-1.10543e-05
6.2107e-07
-1.11052e-05
-1.44156e-06
-1.114e-05
-3.58076e-06
-1.11298e-05
-5.83592e-06
-1.09211e-05
-8.2065e-06
-1.01869e-05
-1.0547e-05
-8.43284e-06
-1.23227e-05
-5.24312e-06
-1.22235e-05
-1.15841e-06
-8.02108e-06
-1.83735e-08
-1.11044e-06
3.40598e-06
-2.75755e-06
6.32155e-06
-4.45452e-06
8.36464e-06
-5.9896e-06
9.82304e-06
-7.20275e-06
1.03099e-05
-8.0316e-06
9.7569e-06
-8.51386e-06
8.42455e-06
-8.73648e-06
6.64746e-06
-8.803e-06
4.6756e-06
-8.81027e-06
2.65696e-06
-8.84056e-06
6.51366e-07
-8.91217e-06
-1.36994e-06
-9.04502e-06
-3.44792e-06
-9.25068e-06
-5.63026e-06
-9.47294e-06
-7.98424e-06
-9.4808e-06
-1.05392e-05
-8.75544e-06
-1.3048e-05
-6.53865e-06
-1.44403e-05
-2.42395e-06
-1.21358e-05
-2.44233e-06
-9.35828e-07
4.34181e-06
-2.34722e-06
7.73294e-06
-3.73426e-06
9.75167e-06
-4.91345e-06
1.10022e-05
-5.78385e-06
1.11803e-05
-6.32861e-06
1.03017e-05
-6.60485e-06
8.70079e-06
-6.70357e-06
6.74618e-06
-6.72072e-06
4.69275e-06
-6.72916e-06
2.6654e-06
-6.76441e-06
6.86618e-07
-6.84335e-06
-1.291e-06
-6.98694e-06
-3.30433e-06
-7.22578e-06
-5.39142e-06
-7.5773e-06
-7.63271e-06
-7.95118e-06
-1.01653e-05
-7.93806e-06
-1.30612e-05
-6.72002e-06
-1.56583e-05
-3.58817e-06
-1.52676e-05
-6.0305e-06
-6.25414e-07
4.96722e-06
-1.68829e-06
8.79582e-06
-2.72179e-06
1.07852e-05
-3.56128e-06
1.18417e-05
-4.15123e-06
1.17703e-05
-4.50178e-06
1.06522e-05
-4.6718e-06
8.87081e-06
-4.73965e-06
6.81404e-06
-4.77755e-06
4.73065e-06
-4.82885e-06
2.7167e-06
-4.90348e-06
7.61242e-07
-5.00767e-06
-1.18681e-06
-5.15123e-06
-3.16077e-06
-5.36271e-06
-5.17993e-06
-5.69726e-06
-7.29817e-06
-6.16881e-06
-9.69373e-06
-6.56019e-06
-1.26698e-05
-6.13083e-06
-1.60877e-05
-3.92564e-06
-1.74728e-05
-9.95614e-06
-2.32911e-07
5.20014e-06
-8.94094e-07
9.457e-06
-1.56612e-06
1.14572e-05
-2.09615e-06
1.23718e-05
-2.4565e-06
1.21306e-05
-2.67144e-06
1.08671e-05
-2.78915e-06
8.98852e-06
-2.86286e-06
6.88775e-06
-2.93712e-06
4.80491e-06
-3.03382e-06
2.8134e-06
-3.15568e-06
8.83109e-07
-3.30226e-06
-1.04024e-06
-3.4736e-06
-2.98943e-06
-3.68184e-06
-4.9717e-06
-3.97742e-06
-7.00258e-06
-4.44271e-06
-9.22844e-06
-5.02594e-06
-1.20865e-05
-5.12597e-06
-1.59877e-05
-3.55985e-06
-1.90389e-05
-1.3516e-05
1.63741e-07
5.03639e-06
-7.02018e-08
9.69094e-06
-4.03391e-07
1.17904e-05
-6.54648e-07
1.2623e-05
-8.09879e-07
1.22859e-05
-9.0021e-07
1.09575e-05
-9.65019e-07
9.05333e-06
-1.03618e-06
6.95891e-06
-1.13026e-06
4.89899e-06
-1.25502e-06
2.93816e-06
-1.413e-06
1.0411e-06
-1.60636e-06
-8.46882e-07
-1.83356e-06
-2.76223e-06
-2.0923e-06
-4.71296e-06
-2.40988e-06
-6.685e-06
-2.87787e-06
-8.76045e-06
-3.5615e-06
-1.14029e-05
-4.02648e-06
-1.55227e-05
-3.02644e-06
-2.0039e-05
-1.65424e-05
5.02092e-07
4.5343e-06
7.00248e-07
9.49278e-06
7.43626e-07
1.1747e-05
7.79381e-07
1.25873e-05
8.24377e-07
1.22409e-05
8.53282e-07
1.09286e-05
8.46427e-07
9.06018e-06
7.95609e-07
7.00973e-06
7.01702e-07
4.99289e-06
5.66435e-07
3.07343e-06
3.84632e-07
1.2229e-06
1.50102e-07
-6.12353e-07
-1.38747e-07
-2.47338e-06
-4.88564e-07
-4.36314e-06
-9.03048e-07
-6.27052e-06
-1.42583e-06
-8.23767e-06
-2.20436e-06
-1.06244e-05
-2.95413e-06
-1.47729e-05
-2.46103e-06
-2.05321e-05
-1.90035e-05
7.59033e-07
3.77527e-06
1.35837e-06
8.89344e-06
1.75253e-06
1.13529e-05
2.08331e-06
1.22565e-05
2.3576e-06
1.19666e-05
2.54524e-06
1.07409e-05
2.63811e-06
8.96732e-06
2.64691e-06
7.00093e-06
2.58567e-06
5.05413e-06
2.46086e-06
3.19824e-06
2.26491e-06
1.41885e-06
1.98376e-06
-3.31203e-07
1.618e-06
-2.10761e-06
1.16267e-06
-3.90782e-06
6.13477e-07
-5.72132e-06
-8.08542e-08
-7.54334e-06
-9.54626e-07
-9.75061e-06
-1.91776e-06
-1.38098e-05
-1.92458e-06
-2.05253e-05
-2.0928e-05
8.74567e-07
2.9007e-06
1.81724e-06
7.95077e-06
2.56167e-06
1.06084e-05
3.20518e-06
1.1613e-05
3.75523e-06
1.14165e-05
4.16859e-06
1.03276e-05
4.4294e-06
8.70651e-06
4.55162e-06
6.8787e-06
4.55815e-06
5.04761e-06
4.46406e-06
3.29232e-06
4.26725e-06
1.61566e-06
3.93517e-06
8.83168e-10
3.48843e-06
-1.66088e-06
2.90143e-06
-3.32082e-06
2.17536e-06
-4.99525e-06
1.3292e-06
-6.69718e-06
2.7246e-07
-8.69387e-06
-9.54658e-07
-1.25827e-05
-1.42559e-06
-2.00543e-05
-2.23536e-05
8.10447e-07
2.09026e-06
1.96288e-06
6.79834e-06
3.00961e-06
9.5617e-06
3.98683e-06
1.06358e-05
4.86759e-06
1.05357e-05
5.58589e-06
9.60927e-06
6.10259e-06
8.18981e-06
6.42064e-06
6.56065e-06
6.56084e-06
4.9074e-06
6.54113e-06
3.31204e-06
6.35973e-06
1.79705e-06
6.01401e-06
3.46606e-07
5.4709e-06
-1.11776e-06
4.73785e-06
-2.58777e-06
3.80699e-06
-4.06439e-06
2.70728e-06
-5.59747e-06
1.39905e-06
-7.38564e-06
-1.50293e-07
-1.10333e-05
-9.10052e-07
-1.92946e-05
-2.32637e-05
5.80709e-07
1.50955e-06
1.76822e-06
5.61083e-06
3.11218e-06
8.21774e-06
4.46871e-06
9.27922e-06
5.74033e-06
9.26413e-06
6.82842e-06
8.52118e-06
7.66756e-06
7.35067e-06
8.24507e-06
5.98314e-06
8.57326e-06
4.57921e-06
8.66883e-06
3.21647e-06
8.53846e-06
1.92742e-06
8.1793e-06
7.0576e-07
7.54729e-06
-4.8575e-07
6.65979e-06
-1.70028e-06
5.50416e-06
-2.90876e-06
4.12139e-06
-4.21471e-06
2.58509e-06
-5.84934e-06
9.66617e-07
-9.41485e-06
-1.40043e-07
-1.81879e-05
-2.34037e-05
1.53913e-07
1.35563e-06
1.04706e-06
4.71768e-06
2.53057e-06
6.73423e-06
4.25929e-06
7.5505e-06
5.98793e-06
7.53549e-06
7.52876e-06
6.98035e-06
8.7791e-06
6.10033e-06
9.70914e-06
5.0531e-06
1.03139e-05
3.97441e-06
1.06049e-05
2.92549e-06
1.0588e-05
1.94432e-06
1.02688e-05
1.02499e-06
9.60117e-06
1.81865e-07
8.6073e-06
-7.06408e-07
7.27722e-06
-1.57867e-06
5.66295e-06
-2.60045e-06
3.92549e-06
-4.11187e-06
2.24861e-06
-7.73797e-06
6.56136e-07
-1.65954e-05
-2.27476e-05
-5.18809e-07
1.87444e-06
2.03205e-07
3.99566e-06
1.76595e-06
5.17148e-06
3.83788e-06
5.47858e-06
6.00192e-06
5.37145e-06
7.97118e-06
5.01109e-06
9.60905e-06
4.46246e-06
1.0874e-05
3.78818e-06
1.17484e-05
3.09995e-06
1.22486e-05
2.42532e-06
1.2378e-05
1.81493e-06
1.21564e-05
1.24659e-06
1.16078e-05
7.30443e-07
1.07028e-05
1.98577e-07
9.44612e-06
-3.21957e-07
7.91109e-06
-1.06541e-06
6.28361e-06
-2.48439e-06
4.46503e-06
-5.91939e-06
2.05902e-06
-1.41894e-05
-2.06886e-05
-4.18118e-06
6.05562e-06
-3.6438e-06
3.45829e-06
-1.24433e-06
2.77202e-06
1.56082e-06
2.67343e-06
4.3079e-06
2.62436e-06
6.85e-06
2.469e-06
9.07352e-06
2.23894e-06
1.0918e-05
1.94365e-06
1.23651e-05
1.65294e-06
1.34415e-05
1.34886e-06
1.41644e-05
1.09199e-06
1.45786e-05
8.32428e-07
1.46717e-05
6.37386e-07
1.44527e-05
4.17574e-07
1.39172e-05
2.13465e-07
1.30812e-05
-2.2938e-07
1.19326e-05
-1.3358e-06
1.0116e-05
-4.10273e-06
5.63929e-06
-9.71275e-06
-1.50493e-05
6.05562e-06
9.51391e-06
1.22859e-05
1.49594e-05
1.75837e-05
2.00527e-05
2.22916e-05
2.42353e-05
2.58882e-05
2.72371e-05
2.83291e-05
2.91615e-05
2.97989e-05
3.02165e-05
3.04299e-05
3.02006e-05
2.88648e-05
2.4762e-05
1.50493e-05
)
;

boundaryField
{
    movingWall
    {
        type            calculated;
        value           uniform 0;
    }
    fixedWalls
    {
        type            calculated;
        value           uniform 0;
    }
    frontAndBack
    {
        type            empty;
        value           nonuniform List<scalar> 0();
    }
}


// ************************************************************************* //
