/*--------------------------------*- C++ -*----------------------------------*\
| =========                 |                                                 |
| \\      /  F ield         | OpenFOAM: The Open Source CFD Toolbox           |
|  \\    /   O peration     | Version:  2212                                  |
|   \\  /    A nd           | Website:  www.openfoam.com                      |
|    \\/     M anipulation  |                                                 |
\*---------------------------------------------------------------------------*/
FoamFile
{
    version     2.0;
    format      ascii;
    arch        "LSB;label=32;scalar=64";
    class       volScalarField;
    location    "6.9";
    object      T;
}
// * * * * * * * * * * * * * * * * * * * * * * * * * * * * * * * * * * * * * //

dimensions      [0 0 0 1 0 0 0];

internalField   nonuniform List<scalar> 
400
(
0.767021
0.773881
0.787673
0.807805
0.830744
0.850903
0.864507
0.871684
0.875101
0.877229
0.879037
0.880773
0.882503
0.884127
0.885301
0.885434
0.883553
0.878466
0.870573
0.864078
0.776169
0.784372
0.800731
0.823833
0.847603
0.86432
0.872014
0.874716
0.875882
0.876736
0.877925
0.879815
0.882511
0.8858
0.888882
0.890494
0.888712
0.882
0.872304
0.865131
0.790293
0.801026
0.820917
0.844602
0.862896
0.870857
0.871886
0.870487
0.868332
0.866662
0.866567
0.868801
0.873399
0.88018
0.887784
0.894134
0.89572
0.888925
0.87549
0.86705
0.804048
0.817408
0.838942
0.858432
0.86778
0.867265
0.862055
0.854989
0.847735
0.842335
0.840245
0.842745
0.849556
0.860849
0.87504
0.889718
0.900268
0.900282
0.884771
0.872038
0.814759
0.829803
0.850221
0.862806
0.862985
0.85452
0.842119
0.82809
0.815122
0.805636
0.801308
0.803593
0.812142
0.827357
0.84795
0.871726
0.894274
0.908235
0.902262
0.881802
0.822163
0.837562
0.854845
0.859761
0.851386
0.835203
0.815363
0.794742
0.776801
0.763927
0.757771
0.759413
0.768849
0.786366
0.811265
0.841881
0.874706
0.903378
0.916245
0.896421
0.826837
0.841403
0.85454
0.852209
0.836363
0.813249
0.78695
0.761225
0.739826
0.724907
0.717771
0.718895
0.728489
0.746734
0.77353
0.808028
0.847631
0.886954
0.916534
0.917118
0.829512
0.842579
0.851642
0.843286
0.821301
0.792417
0.761123
0.731922
0.708511
0.692687
0.685234
0.686134
0.695451
0.713294
0.739977
0.775733
0.8194
0.86634
0.907341
0.928364
0.8308
0.842112
0.84768
0.83476
0.80817
0.775061
0.7404
0.709094
0.684644
0.668489
0.660953
0.661761
0.670754
0.687828
0.71325
0.748009
0.793035
0.845587
0.895278
0.924503
0.831137
0.840829
0.843993
0.828381
0.798933
0.763091
0.726301
0.693699
0.668593
0.652137
0.644368
0.644955
0.653656
0.670149
0.694262
0.726919
0.770798
0.826516
0.884616
0.921756
0.830803
0.839164
0.84097
0.824277
0.793568
0.756512
0.718879
0.685761
0.66026
0.643377
0.635083
0.635133
0.643337
0.659281
0.682326
0.71269
0.753786
0.810009
0.874571
0.919957
0.829965
0.837375
0.838944
0.82302
0.79293
0.756216
0.718831
0.685729
0.659914
0.642441
0.633383
0.63259
0.639926
0.654989
0.676877
0.704944
0.742311
0.797033
0.866631
0.919014
0.82864
0.835462
0.83755
0.823733
0.795836
0.760934
0.725011
0.692817
0.667262
0.649507
0.639762
0.637951
0.644018
0.657584
0.677717
0.703264
0.736278
0.787456
0.860273
0.918922
0.826751
0.833349
0.836597
0.826247
0.802375
0.771028
0.737962
0.707663
0.682974
0.66522
0.654829
0.651735
0.656036
0.667338
0.684815
0.707108
0.735385
0.781854
0.856185
0.919556
0.824164
0.830864
0.835214
0.828541
0.809632
0.783223
0.754513
0.727583
0.705062
0.688294
0.677864
0.673693
0.675956
0.684321
0.698125
0.716416
0.739729
0.780049
0.853966
0.920908
0.821021
0.827997
0.833687
0.831034
0.818094
0.798034
0.775111
0.752822
0.733522
0.718493
0.708377
0.703235
0.703101
0.707875
0.71715
0.730455
0.748464
0.781515
0.853825
0.923039
0.81801
0.824755
0.830505
0.830428
0.822726
0.809314
0.793158
0.776884
0.762278
0.750406
0.741719
0.736452
0.734443
0.735852
0.740686
0.748842
0.762165
0.789007
0.857984
0.926645
0.81585
0.822922
0.829574
0.831471
0.828239
0.82094
0.811303
0.800944
0.791041
0.782437
0.775472
0.770473
0.767451
0.76656
0.768344
0.772548
0.782621
0.803597
0.865956
0.931213
0.790591
0.819356
0.82143
0.822787
0.821295
0.818365
0.814534
0.810809
0.807286
0.80472
0.802882
0.80219
0.802522
0.803786
0.806842
0.810641
0.820256
0.836928
0.884777
0.939037
0.85252
0.870707
0.880724
0.887038
0.890766
0.893327
0.894953
0.896508
0.897703
0.899213
0.900535
0.90229
0.903883
0.90593
0.90784
0.910423
0.913546
0.920017
0.93259
0.955161
)
;

boundaryField
{
    movingWall
    {
        type            fixedValue;
        value           uniform 1;
    }
    fixedWalls
    {
        type            zeroGradient;
    }
    frontAndBack
    {
        type            empty;
    }
}


// ************************************************************************* //
