/*--------------------------------*- C++ -*----------------------------------*\
| =========                 |                                                 |
| \\      /  F ield         | OpenFOAM: The Open Source CFD Toolbox           |
|  \\    /   O peration     | Version:  2212                                  |
|   \\  /    A nd           | Website:  www.openfoam.com                      |
|    \\/     M anipulation  |                                                 |
\*---------------------------------------------------------------------------*/
FoamFile
{
    version     2.0;
    format      ascii;
    arch        "LSB;label=32;scalar=64";
    class       volVectorField;
    location    "6.9";
    object      U;
}
// * * * * * * * * * * * * * * * * * * * * * * * * * * * * * * * * * * * * * //

dimensions      [0 1 -1 0 0 0 0];

internalField   nonuniform List<vector> 
400
(
(0.00168084 -0.0016823 0)
(0.00483503 -0.00189068 0)
(0.00658485 -0.00119985 0)
(0.00566766 -0.000574567 0)
(0.00156565 0.000184469 0)
(-0.00683281 0.0017393 0)
(-0.0206058 0.00478425 0)
(-0.0395299 0.00873137 0)
(-0.0607911 0.0112874 0)
(-0.0791132 0.0105096 0)
(-0.0897901 0.00677482 0)
(-0.0904472 0.00167175 0)
(-0.0802207 -0.00361193 0)
(-0.0600003 -0.00827 0)
(-0.0335382 -0.0108432 0)
(-0.00531677 -0.00979373 0)
(0.0166989 -0.00477644 0)
(0.024452 0.00277236 0)
(0.0161708 0.00646819 0)
(0.00431529 0.00471518 0)
(0.00171823 -0.00505978 0)
(0.00315621 -0.00402683 0)
(-0.000425845 0.000590302 0)
(-0.0113364 0.00644109 0)
(-0.0314247 0.0140455 0)
(-0.0611347 0.0237635 0)
(-0.0968154 0.0330459 0)
(-0.131416 0.0370768 0)
(-0.158922 0.0335068 0)
(-0.176052 0.0233984 0)
(-0.181403 0.00911404 0)
(-0.17504 -0.00697901 0)
(-0.157533 -0.0231586 0)
(-0.129635 -0.0368974 0)
(-0.0936117 -0.0445517 0)
(-0.0522041 -0.0418318 0)
(-0.0114176 -0.0263381 0)
(0.0168703 -0.00129112 0)
(0.0178615 0.0162117 0)
(0.0055404 0.0148133 0)
(-0.000241915 -0.00577082 0)
(-0.00538574 0.000810362 0)
(-0.0196118 0.0142994 0)
(-0.0444971 0.0312258 0)
(-0.0803176 0.0494248 0)
(-0.122162 0.0642921 0)
(-0.16229 0.0705169 0)
(-0.195201 0.0660046 0)
(-0.218786 0.0521766 0)
(-0.232452 0.0315313 0)
(-0.23621 0.00642613 0)
(-0.23073 -0.0210926 0)
(-0.216325 -0.0488442 0)
(-0.192492 -0.0731952 0)
(-0.158969 -0.0889983 0)
(-0.115721 -0.0892116 0)
(-0.0645587 -0.0670269 0)
(-0.0138314 -0.0226815 0)
(0.00947452 0.0178988 0)
(0.0041552 0.0235691 0)
(-0.00347212 0.000464657 0)
(-0.0175124 0.0172459 0)
(-0.0435055 0.0414903 0)
(-0.0796555 0.0681679 0)
(-0.122912 0.0911216 0)
(-0.165786 0.103805 0)
(-0.201841 0.102863 0)
(-0.229153 0.08964 0)
(-0.247984 0.0673073 0)
(-0.258934 0.0385764 0)
(-0.262842 0.00533108 0)
(-0.260515 -0.0310871 0)
(-0.25189 -0.0684126 0)
(-0.235924 -0.103694 0)
(-0.210627 -0.131443 0)
(-0.173298 -0.142853 0)
(-0.121374 -0.125746 0)
(-0.0568381 -0.0708591 0)
(-0.0009929 0.00354371 0)
(0.00474207 0.0282266 0)
(-0.00666063 0.0147905 0)
(-0.0287196 0.0441065 0)
(-0.0632653 0.077069 0)
(-0.104417 0.108876 0)
(-0.147216 0.131155 0)
(-0.184499 0.138141 0)
(-0.212823 0.129454 0)
(-0.232595 0.108708 0)
(-0.245103 0.0797729 0)
(-0.252073 0.0454414 0)
(-0.255191 0.00725559 0)
(-0.255376 -0.0339613 0)
(-0.252406 -0.0770298 0)
(-0.245737 -0.120623 0)
(-0.232557 -0.160757 0)
(-0.208252 -0.188974 0)
(-0.16677 -0.189939 0)
(-0.103422 -0.142863 0)
(-0.0221837 -0.0388695 0)
(0.00737812 0.0270842 0)
(-0.00850669 0.0348718 0)
(-0.0351608 0.0766209 0)
(-0.0730586 0.114912 0)
(-0.11321 0.147643 0)
(-0.150455 0.165967 0)
(-0.179303 0.165905 0)
(-0.198815 0.149702 0)
(-0.210547 0.122455 0)
(-0.216485 0.0885118 0)
(-0.219107 0.0508586 0)
(-0.220371 0.0109696 0)
(-0.221275 -0.0307168 0)
(-0.222017 -0.0746571 0)
(-0.222706 -0.121213 0)
(-0.221152 -0.169154 0)
(-0.212268 -0.21299 0)
(-0.187967 -0.238531 0)
(-0.139647 -0.218502 0)
(-0.0628311 -0.11893 0)
(0.00584211 0.0141905 0)
(-0.00828776 0.0569922 0)
(-0.0353226 0.109978 0)
(-0.0717993 0.15044 0)
(-0.107022 0.181114 0)
(-0.136641 0.193802 0)
(-0.157034 0.186409 0)
(-0.16893 0.163253 0)
(-0.174452 0.130482 0)
(-0.176009 0.0928554 0)
(-0.176094 0.0533891 0)
(-0.1762 0.0133265 0)
(-0.177002 -0.027263 0)
(-0.179045 -0.0694986 0)
(-0.182872 -0.11463 0)
(-0.187844 -0.163757 0)
(-0.190337 -0.215732 0)
(-0.182469 -0.261598 0)
(-0.154236 -0.275131 0)
(-0.0993694 -0.205879 0)
(-0.00890729 -0.0146343 0)
(-0.00613105 0.0775756 0)
(-0.0297747 0.140515 0)
(-0.0613931 0.181162 0)
(-0.0898481 0.208261 0)
(-0.111844 0.214845 0)
(-0.125369 0.200521 0)
(-0.132043 0.171296 0)
(-0.134177 0.134145 0)
(-0.13422 0.0940499 0)
(-0.134103 0.0537171 0)
(-0.1345 0.0138704 0)
(-0.135592 -0.0258357 0)
(-0.137833 -0.0663887 0)
(-0.141916 -0.108976 0)
(-0.148455 -0.155554 0)
(-0.156148 -0.208479 0)
(-0.159027 -0.265825 0)
(-0.146716 -0.308079 0)
(-0.112228 -0.277169 0)
(-0.0309543 -0.0753272 0)
(-0.00272703 0.0935836 0)
(-0.020405 0.165593 0)
(-0.0451266 0.205541 0)
(-0.0663096 0.228518 0)
(-0.0815676 0.229475 0)
(-0.0900473 0.209489 0)
(-0.093665 0.175742 0)
(-0.0945592 0.135715 0)
(-0.0948181 0.0943896 0)
(-0.0955984 0.053983 0)
(-0.0969391 0.0145934 0)
(-0.0987465 -0.0245303 0)
(-0.101188 -0.0641279 0)
(-0.104769 -0.104859 0)
(-0.110637 -0.148322 0)
(-0.119526 -0.19845 0)
(-0.128305 -0.259707 0)
(-0.126498 -0.323397 0)
(-0.10746 -0.334714 0)
(-0.0373395 -0.163399 0)
(0.00122002 0.102721 0)
(-0.00893529 0.183424 0)
(-0.025628 0.223086 0)
(-0.0396182 0.242692 0)
(-0.0490899 0.239452 0)
(-0.0539542 0.215478 0)
(-0.055912 0.178725 0)
(-0.0566107 0.137037 0)
(-0.0575577 0.0953038 0)
(-0.0592889 0.0552091 0)
(-0.061575 0.0163015 0)
(-0.0642724 -0.0224389 0)
(-0.0673727 -0.0616274 0)
(-0.0710551 -0.101472 0)
(-0.0762528 -0.14265 0)
(-0.0845366 -0.188795 0)
(-0.0960272 -0.24825 0)
(-0.100634 -0.324252 0)
(-0.0951607 -0.372174 0)
(-0.0309184 -0.242533 0)
(0.00511582 0.103884 0)
(0.00295838 0.193017 0)
(-0.00538334 0.233574 0)
(-0.0124949 0.250718 0)
(-0.016881 0.244627 0)
(-0.018763 0.21841 0)
(-0.0194444 0.180349 0)
(-0.0199648 0.138282 0)
(-0.0212561 0.0968473 0)
(-0.0234873 0.0573498 0)
(-0.0263728 0.0190653 0)
(-0.0298533 -0.0191198 0)
(-0.0339453 -0.0578687 0)
(-0.0385888 -0.0972403 0)
(-0.0443309 -0.13716 0)
(-0.0524018 -0.180023 0)
(-0.0657333 -0.235528 0)
(-0.0742134 -0.318018 0)
(-0.0811932 -0.396673 0)
(-0.02294 -0.307083 0)
(0.008451 0.0974124 0)
(0.0142125 0.194007 0)
(0.0140964 0.237094 0)
(0.013703 0.253496 0)
(0.0143264 0.246409 0)
(0.0155239 0.2197 0)
(0.0163845 0.181653 0)
(0.0164392 0.139947 0)
(0.0153011 0.0990298 0)
(0.0130225 0.0601443 0)
(0.00985437 0.0226029 0)
(0.00574861 -0.0147114 0)
(0.000562325 -0.0525915 0)
(-0.00555721 -0.0911405 0)
(-0.0130186 -0.129993 0)
(-0.0219649 -0.170157 0)
(-0.0377089 -0.22056 0)
(-0.0487352 -0.304373 0)
(-0.0679066 -0.408419 0)
(-0.0144602 -0.359964 0)
(0.0103188 0.0844432 0)
(0.0234009 0.186415 0)
(0.0310602 0.23322 0)
(0.0369862 0.250042 0)
(0.0426442 0.243196 0)
(0.0475947 0.21741 0)
(0.0510272 0.18065 0)
(0.0526975 0.140254 0)
(0.0525594 0.100514 0)
(0.0508235 0.0627428 0)
(0.04771 0.0264303 0)
(0.0431036 -0.00948644 0)
(0.0368367 -0.0459058 0)
(0.0290312 -0.0829897 0)
(0.0188904 -0.120375 0)
(0.00757565 -0.158294 0)
(-0.0118306 -0.204268 0)
(-0.0242597 -0.286373 0)
(-0.0558547 -0.41093 0)
(-0.00614101 -0.401818 0)
(0.00986654 0.0672085 0)
(0.0290043 0.170617 0)
(0.0443205 0.222136 0)
(0.0568547 0.241215 0)
(0.0681402 0.23628 0)
(0.0778189 0.212917 0)
(0.0850309 0.178628 0)
(0.0894755 0.140298 0)
(0.0912296 0.102158 0)
(0.0905945 0.0657557 0)
(0.0879025 0.0309518 0)
(0.0828538 -0.00327469 0)
(0.0753467 -0.0374648 0)
(0.0656665 -0.0721994 0)
(0.0524337 -0.107286 0)
(0.0375185 -0.142611 0)
(0.0130953 -0.184105 0)
(4.73192e-05 -0.26314 0)
(-0.0448147 -0.406639 0)
(0.0027599 -0.436208 0)
(0.00692125 0.0493896 0)
(0.0293358 0.148911 0)
(0.0510692 0.203559 0)
(0.0699355 0.224459 0)
(0.0874 0.221593 0)
(0.103083 0.201435 0)
(0.11574 0.170845 0)
(0.124692 0.135966 0)
(0.12985 0.100788 0)
(0.131459 0.0669893 0)
(0.129786 0.0348195 0)
(0.124861 0.003452 0)
(0.116237 -0.0274001 0)
(0.104517 -0.0585984 0)
(0.0874451 -0.0901887 0)
(0.0682776 -0.122784 0)
(0.0382394 -0.160707 0)
(0.0238208 -0.237053 0)
(-0.0344612 -0.398898 0)
(0.0134664 -0.464383 0)
(0.00238375 0.034635 0)
(0.0236159 0.123865 0)
(0.0509128 0.179884 0)
(0.0766281 0.202863 0)
(0.101278 0.202542 0)
(0.124146 0.18614 0)
(0.143584 0.160088 0)
(0.158377 0.129667 0)
(0.168107 0.098492 0)
(0.172984 0.0682507 0)
(0.17295 0.0395394 0)
(0.16872 0.0119509 0)
(0.158889 -0.0148615 0)
(0.145169 -0.0416331 0)
(0.123888 -0.0686483 0)
(0.100373 -0.0974321 0)
(0.0645481 -0.132587 0)
(0.0469648 -0.207374 0)
(-0.0227296 -0.387039 0)
(0.0285207 -0.485528 0)
(-0.00342406 0.0286339 0)
(0.0100544 0.101489 0)
(0.0370712 0.14865 0)
(0.0689168 0.169395 0)
(0.101793 0.170606 0)
(0.133494 0.158313 0)
(0.161474 0.137882 0)
(0.184001 0.113488 0)
(0.200034 0.0882152 0)
(0.209944 0.0635929 0)
(0.21286 0.0403661 0)
(0.210601 0.0184147 0)
(0.200343 -0.00263637 0)
(0.185724 -0.0232492 0)
(0.160932 -0.0438963 0)
(0.134341 -0.0676475 0)
(0.0928439 -0.101598 0)
(0.0698349 -0.179945 0)
(-0.00439068 -0.370025 0)
(0.0521498 -0.491627 0)
(-0.0139984 0.018537 0)
(-0.00751391 0.0881807 0)
(0.0191955 0.124172 0)
(0.0564055 0.137278 0)
(0.0975355 0.136858 0)
(0.137895 0.127672 0)
(0.174125 0.113017 0)
(0.203949 0.0952444 0)
(0.225827 0.0767822 0)
(0.240904 0.0586465 0)
(0.246932 0.041791 0)
(0.247844 0.0261143 0)
(0.238514 0.01177 0)
(0.226708 -0.00200692 0)
(0.201734 -0.0160342 0)
(0.177781 -0.0349654 0)
(0.133469 -0.0677447 0)
(0.107797 -0.145969 0)
(0.0374534 -0.326116 0)
(0.0923598 -0.45587 0)
(-0.10601 0.0824319 0)
(-0.0777509 0.0690032 0)
(-0.0485693 0.0733624 0)
(0.00376051 0.0778693 0)
(0.0572528 0.0781952 0)
(0.109961 0.0739278 0)
(0.157107 0.0665935 0)
(0.199447 0.0571925 0)
(0.231542 0.0475233 0)
(0.25968 0.0378746 0)
(0.275403 0.0292171 0)
(0.290556 0.0212399 0)
(0.290917 0.0144916 0)
(0.295041 0.00811468 0)
(0.278763 0.0011528 0)
(0.271573 -0.00998524 0)
(0.232288 -0.0355442 0)
(0.218118 -0.095409 0)
(0.150204 -0.229723 0)
(0.170671 -0.341458 0)
(0.129974 0.103748 0)
(0.158331 0.0752377 0)
(0.212183 0.0532391 0)
(0.270691 0.041632 0)
(0.32326 0.0359192 0)
(0.375689 0.0319518 0)
(0.420269 0.0289179 0)
(0.465573 0.0255816 0)
(0.498656 0.0229039 0)
(0.533895 0.0197122 0)
(0.553329 0.0175506 0)
(0.579138 0.0146139 0)
(0.58528 0.0131705 0)
(0.603629 0.0103526 0)
(0.595062 0.009391 0)
(0.603579 0.00500645 0)
(0.567785 9.44676e-05 0)
(0.547622 -0.0183129 0)
(0.435707 -0.0504146 0)
(0.336761 -0.101387 0)
)
;

boundaryField
{
    movingWall
    {
        type            fixedValue;
        value           uniform (1 0 0);
    }
    fixedWalls
    {
        type            noSlip;
    }
    frontAndBack
    {
        type            empty;
    }
}


// ************************************************************************* //
