/*--------------------------------*- C++ -*----------------------------------*\
| =========                 |                                                 |
| \\      /  F ield         | OpenFOAM: The Open Source CFD Toolbox           |
|  \\    /   O peration     | Version:  2212                                  |
|   \\  /    A nd           | Website:  www.openfoam.com                      |
|    \\/     M anipulation  |                                                 |
\*---------------------------------------------------------------------------*/
FoamFile
{
    version     2.0;
    format      ascii;
    arch        "LSB;label=32;scalar=64";
    class       volVectorField;
    location    "6.3";
    object      U;
}
// * * * * * * * * * * * * * * * * * * * * * * * * * * * * * * * * * * * * * //

dimensions      [0 1 -1 0 0 0 0];

internalField   nonuniform List<vector> 
400
(
(0.00168003 -0.00168124 0)
(0.00483204 -0.00188951 0)
(0.00657984 -0.00119922 0)
(0.00566202 -0.000574148 0)
(0.00156051 0.000184852 0)
(-0.00683562 0.00173923 0)
(-0.0206038 0.00478256 0)
(-0.0395207 0.0087276 0)
(-0.0607748 0.0112832 0)
(-0.0790932 0.0105073 0)
(-0.0897713 0.00677499 0)
(-0.0904335 0.00167389 0)
(-0.0802155 -0.00360834 0)
(-0.0600046 -0.00826605 0)
(-0.0335511 -0.01084 0)
(-0.00533536 -0.00979241 0)
(0.0166794 -0.00477901 0)
(0.0244374 0.00276882 0)
(0.0161645 0.00646494 0)
(0.0043143 0.0047136 0)
(0.00171642 -0.00505573 0)
(0.00315106 -0.00402258 0)
(-0.000432736 0.000592146 0)
(-0.0113415 0.00644049 0)
(-0.0314234 0.0140417 0)
(-0.0611221 0.023755 0)
(-0.0967897 0.0330331 0)
(-0.131379 0.0370639 0)
(-0.15888 0.033498 0)
(-0.176009 0.0233958 0)
(-0.181364 0.00911772 0)
(-0.175006 -0.00697021 0)
(-0.157508 -0.023146 0)
(-0.129621 -0.0368837 0)
(-0.0936084 -0.0445401 0)
(-0.052211 -0.0418257 0)
(-0.0114311 -0.0263407 0)
(0.016855 -0.00130053 0)
(0.0178531 0.016202 0)
(0.00553896 0.0148079 0)
(-0.00024375 -0.00576346 0)
(-0.00538931 0.000816895 0)
(-0.0196134 0.014299 0)
(-0.0444909 0.0312171 0)
(-0.0802974 0.0494073 0)
(-0.122125 0.0642684 0)
(-0.16224 0.0704924 0)
(-0.195141 0.0659846 0)
(-0.21872 0.0521645 0)
(-0.232383 0.031529 0)
(-0.236143 0.00643391 0)
(-0.230668 -0.0210757 0)
(-0.21627 -0.0488205 0)
(-0.192447 -0.0731687 0)
(-0.158936 -0.0889742 0)
(-0.115702 -0.0891957 0)
(-0.0645542 -0.0670241 0)
(-0.013839 -0.0226944 0)
(0.00946906 0.0178831 0)
(0.00415502 0.0235603 0)
(-0.00347217 0.000473365 0)
(-0.0175101 0.0172497 0)
(-0.0434957 0.0414807 0)
(-0.0796319 0.0681446 0)
(-0.12287 0.091088 0)
(-0.165727 0.103767 0)
(-0.20177 0.102828 0)
(-0.229071 0.0896132 0)
(-0.247895 0.0672914 0)
(-0.258842 0.0385734 0)
(-0.262751 0.00534205 0)
(-0.260427 -0.0310625 0)
(-0.25181 -0.0683775 0)
(-0.235853 -0.103653 0)
(-0.210569 -0.131402 0)
(-0.173255 -0.14282 0)
(-0.121348 -0.125729 0)
(-0.0568319 -0.0708627 0)
(-0.000997465 0.00352586 0)
(0.00474191 0.0282153 0)
(-0.00665871 0.0147959 0)
(-0.0287102 0.0441012 0)
(-0.0632429 0.0770452 0)
(-0.104378 0.108836 0)
(-0.147158 0.131106 0)
(-0.184425 0.138091 0)
(-0.212738 0.12941 0)
(-0.232499 0.108673 0)
(-0.244999 0.0797512 0)
(-0.251964 0.0454357 0)
(-0.25508 0.00726773 0)
(-0.255269 -0.0339315 0)
(-0.252307 -0.0769855 0)
(-0.245648 -0.120569 0)
(-0.232481 -0.1607 0)
(-0.20819 -0.188922 0)
(-0.166725 -0.189901 0)
(-0.103398 -0.142846 0)
(-0.0221842 -0.0388815 0)
(0.00737502 0.0270704 0)
(-0.00850291 0.0348688 0)
(-0.0351456 0.0766024 0)
(-0.0730269 0.114872 0)
(-0.11316 0.147587 0)
(-0.150388 0.165904 0)
(-0.179222 0.165843 0)
(-0.198722 0.149647 0)
(-0.210444 0.122411 0)
(-0.216371 0.0884821 0)
(-0.218985 0.0508478 0)
(-0.220246 0.0109808 0)
(-0.221152 -0.0306835 0)
(-0.221903 -0.0746047 0)
(-0.222604 -0.121148 0)
(-0.221065 -0.169083 0)
(-0.212196 -0.212923 0)
(-0.187911 -0.238473 0)
(-0.139607 -0.218461 0)
(-0.0628138 -0.118917 0)
(0.00583647 0.0141801 0)
(-0.00828302 0.0569781 0)
(-0.0353043 0.109945 0)
(-0.0717634 0.150384 0)
(-0.106968 0.181043 0)
(-0.136573 0.193725 0)
(-0.156953 0.186334 0)
(-0.168837 0.163186 0)
(-0.174346 0.130425 0)
(-0.175889 0.0928153 0)
(-0.175962 0.0533712 0)
(-0.176062 0.013336 0)
(-0.176865 -0.0272246 0)
(-0.178917 -0.0694342 0)
(-0.182759 -0.114548 0)
(-0.187749 -0.163669 0)
(-0.190262 -0.21565 0)
(-0.182409 -0.261525 0)
(-0.15419 -0.275072 0)
(-0.0993368 -0.20584 0)
(-0.00890628 -0.0146413 0)
(-0.00612666 0.0775495 0)
(-0.0297569 0.140467 0)
(-0.0613586 0.181091 0)
(-0.0897983 0.208176 0)
(-0.111782 0.214755 0)
(-0.125295 0.200434 0)
(-0.131956 0.171215 0)
(-0.134074 0.134074 0)
(-0.134101 0.0939964 0)
(-0.133971 0.053689 0)
(-0.13436 0.0138759 0)
(-0.135451 -0.0257929 0)
(-0.1377 -0.0663114 0)
(-0.141797 -0.108875 0)
(-0.148357 -0.155443 0)
(-0.156072 -0.208375 0)
(-0.158971 -0.265737 0)
(-0.146675 -0.308006 0)
(-0.112196 -0.277112 0)
(-0.0309425 -0.0753131 0)
(-0.00272412 0.0935464 0)
(-0.0203906 0.165532 0)
(-0.0450981 0.205458 0)
(-0.0662686 0.22842 0)
(-0.081516 0.229373 0)
(-0.0899857 0.20939 0)
(-0.0935909 0.175648 0)
(-0.0944702 0.135629 0)
(-0.094714 0.0943211 0)
(-0.0954819 0.0539432 0)
(-0.0968151 0.0145929 0)
(-0.0986205 -0.0244863 0)
(-0.101067 -0.0640416 0)
(-0.104659 -0.10474 0)
(-0.110544 -0.148187 0)
(-0.119455 -0.198321 0)
(-0.128254 -0.2596 0)
(-0.126465 -0.323311 0)
(-0.107434 -0.33464 0)
(-0.0373277 -0.163349 0)
(0.0012205 0.102676 0)
(-0.00892696 0.183351 0)
(-0.0256094 0.222993 0)
(-0.0395906 0.242585 0)
(-0.0490546 0.239341 0)
(-0.0539112 0.215368 0)
(-0.0558592 0.178618 0)
(-0.0565462 0.136937 0)
(-0.057482 0.095222 0)
(-0.0592046 0.0551589 0)
(-0.0614852 0.0162947 0)
(-0.0641801 -0.0223966 0)
(-0.0672814 -0.0615376 0)
(-0.0709692 -0.101343 0)
(-0.0761775 -0.142498 0)
(-0.0844781 -0.188644 0)
(-0.0959869 -0.248124 0)
(-0.100612 -0.324157 0)
(-0.0951444 -0.372093 0)
(-0.0309124 -0.242467 0)
(0.00511321 0.103835 0)
(0.00295901 0.192937 0)
(-0.00537712 0.233475 0)
(-0.0124835 0.250605 0)
(-0.0168654 0.244509 0)
(-0.0187431 0.218292 0)
(-0.019419 0.180234 0)
(-0.0199331 0.138173 0)
(-0.021219 0.096757 0)
(-0.0234464 0.057292 0)
(-0.0263293 0.0190522 0)
(-0.0298075 -0.0190824 0)
(-0.0338973 -0.0577814 0)
(-0.0385404 -0.09711 0)
(-0.0442849 -0.137 0)
(-0.0523641 -0.179855 0)
(-0.0657069 -0.235384 0)
(-0.0742037 -0.317912 0)
(-0.0811857 -0.396587 0)
(-0.0229375 -0.307009 0)
(0.00844479 0.0973662 0)
(0.0142045 0.193925 0)
(0.014089 0.236992 0)
(0.0136963 0.25338 0)
(0.0143199 0.246288 0)
(0.0155175 0.219579 0)
(0.0163785 0.181533 0)
(0.0164338 0.139834 0)
(0.0152952 0.0989356 0)
(0.0130153 0.0600824 0)
(0.00984682 0.0225848 0)
(0.00574305 -0.0146799 0)
(0.00056119 -0.0525105 0)
(-0.00555329 -0.091016 0)
(-0.0130092 -0.129835 0)
(-0.0219547 -0.169984 0)
(-0.037701 -0.220406 0)
(-0.0487396 -0.304264 0)
(-0.0679081 -0.408335 0)
(-0.0144609 -0.359889 0)
(0.0103095 0.0844058 0)
(0.0233842 0.186336 0)
(0.0310393 0.233119 0)
(0.0369617 0.249928 0)
(0.0426158 0.243075 0)
(0.0475623 0.217289 0)
(0.0509905 0.180533 0)
(0.0526558 0.140145 0)
(0.0525121 0.100423 0)
(0.0507706 0.0626816 0)
(0.0476539 0.02641 0)
(0.0430488 -0.00946023 0)
(0.0367875 -0.0458326 0)
(0.0289902 -0.0828744 0)
(0.0188611 -0.120226 0)
(0.00755571 -0.158126 0)
(-0.0118431 -0.204112 0)
(-0.0242775 -0.286262 0)
(-0.0558638 -0.41085 0)
(-0.00614398 -0.401748 0)
(0.00985646 0.0671854 0)
(0.0289809 0.170548 0)
(0.0442878 0.222043 0)
(0.0568141 0.241107 0)
(0.0680917 0.236165 0)
(0.0777622 0.212802 0)
(0.0849656 0.178517 0)
(0.0894008 0.140196 0)
(0.0911454 0.102073 0)
(0.0905019 0.0656983 0)
(0.0878044 0.0309307 0)
(0.0827562 -0.00325365 0)
(0.0752552 -0.0374013 0)
(0.065585 -0.0720972 0)
(0.0523682 -0.107152 0)
(0.0374686 -0.142456 0)
(0.0130616 -0.183956 0)
(1.78593e-05 -0.263033 0)
(-0.04483 -0.406567 0)
(0.00275484 -0.436148 0)
(0.0069138 0.0493831 0)
(0.0293095 0.148858 0)
(0.0510284 0.203477 0)
(0.0698826 0.224361 0)
(0.0873356 0.221488 0)
(0.103007 0.201329 0)
(0.115652 0.170745 0)
(0.124591 0.135876 0)
(0.129737 0.100714 0)
(0.131335 0.06694 0)
(0.129656 0.0348012 0)
(0.12473 0.00346976 0)
(0.116112 -0.0273463 0)
(0.104402 -0.0585111 0)
(0.0873494 -0.0900735 0)
(0.0682016 -0.122649 0)
(0.0381866 -0.160574 0)
(0.0237854 -0.236957 0)
(-0.0344803 -0.398836 0)
(0.0134587 -0.464338 0)
(0.00238085 0.0346419 0)
(0.0235931 0.123832 0)
(0.0508704 0.17982 0)
(0.076569 0.20278 0)
(0.101203 0.202451 0)
(0.124056 0.186048 0)
(0.143479 0.160001 0)
(0.158256 0.12959 0)
(0.167972 0.0984294 0)
(0.172838 0.0682089 0)
(0.172797 0.0395232 0)
(0.168564 0.0119638 0)
(0.158739 -0.0148195 0)
(0.14503 -0.0415632 0)
(0.12377 -0.068555 0)
(0.100277 -0.097323 0)
(0.0644797 -0.132477 0)
(0.0469265 -0.207298 0)
(-0.022752 -0.386997 0)
(0.0285098 -0.4855 0)
(-0.00342227 0.0286508 0)
(0.0100384 0.101477 0)
(0.0370337 0.148605 0)
(0.0688599 0.169331 0)
(0.101717 0.170533 0)
(0.1334 0.158239 0)
(0.161362 0.137812 0)
(0.183871 0.113427 0)
(0.199889 0.0881673 0)
(0.209785 0.0635619 0)
(0.212694 0.0403556 0)
(0.210431 0.0184262 0)
(0.200179 -0.00260148 0)
(0.185571 -0.0231937 0)
(0.1608 -0.0438245 0)
(0.134234 -0.0675661 0)
(0.0927688 -0.101516 0)
(0.0697978 -0.179885 0)
(-0.00441137 -0.369999 0)
(0.0521395 -0.491613 0)
(-0.0139873 0.0185534 0)
(-0.00751231 0.0881844 0)
(0.0191736 0.124151 0)
(0.0563613 0.137239 0)
(0.0974678 0.136809 0)
(0.137804 0.12762 0)
(0.174012 0.112967 0)
(0.203815 0.0952003 0)
(0.225676 0.0767476 0)
(0.240739 0.0586238 0)
(0.24676 0.0417832 0)
(0.247669 0.0261214 0)
(0.238347 0.0117936 0)
(0.226552 -0.00197097 0)
(0.2016 -0.0159872 0)
(0.177675 -0.0349138 0)
(0.133396 -0.0676937 0)
(0.10776 -0.14594 0)
(0.0374368 -0.326113 0)
(0.092353 -0.455869 0)
(-0.106002 0.0824434 0)
(-0.0777435 0.0690133 0)
(-0.0485709 0.0733553 0)
(0.00374212 0.0778511 0)
(0.0572134 0.0781702 0)
(0.109899 0.0739 0)
(0.157025 0.0665667 0)
(0.199345 0.0571692 0)
(0.231424 0.0475058 0)
(0.25955 0.037864 0)
(0.275267 0.0292149 0)
(0.29042 0.0212455 0)
(0.290788 0.0145051 0)
(0.294923 0.00813359 0)
(0.278667 0.00117704 0)
(0.2715 -0.00996139 0)
(0.232237 -0.0355236 0)
(0.218097 -0.0954003 0)
(0.150201 -0.229723 0)
(0.170671 -0.341461 0)
(0.129979 0.103751 0)
(0.15834 0.0752459 0)
(0.212198 0.0532486 0)
(0.270706 0.0416396 0)
(0.323268 0.0359241 0)
(0.375686 0.0319543 0)
(0.420254 0.0289191 0)
(0.465544 0.0255821 0)
(0.498615 0.0229046 0)
(0.533846 0.0197135 0)
(0.553275 0.017553 0)
(0.579084 0.0146172 0)
(0.58523 0.0131751 0)
(0.603586 0.010358 0)
(0.595031 0.00939715 0)
(0.603561 0.00501192 0)
(0.56778 9.88179e-05 0)
(0.54763 -0.0183104 0)
(0.43572 -0.0504147 0)
(0.336768 -0.101389 0)
)
;

boundaryField
{
    movingWall
    {
        type            fixedValue;
        value           uniform (1 0 0);
    }
    fixedWalls
    {
        type            noSlip;
    }
    frontAndBack
    {
        type            empty;
    }
}


// ************************************************************************* //
