/*--------------------------------*- C++ -*----------------------------------*\
| =========                 |                                                 |
| \\      /  F ield         | OpenFOAM: The Open Source CFD Toolbox           |
|  \\    /   O peration     | Version:  2212                                  |
|   \\  /    A nd           | Website:  www.openfoam.com                      |
|    \\/     M anipulation  |                                                 |
\*---------------------------------------------------------------------------*/
FoamFile
{
    version     2.0;
    format      ascii;
    arch        "LSB;label=32;scalar=64";
    class       surfaceScalarField;
    location    "7.4";
    object      phi;
}
// * * * * * * * * * * * * * * * * * * * * * * * * * * * * * * * * * * * * * //

dimensions      [0 3 -1 0 0 0 0];

oriented        oriented;

internalField   nonuniform List<scalar> 
760
(
1.56e-07
-1.56047e-07
2.93452e-07
-1.3745e-07
3.09772e-07
-1.63201e-08
1.83465e-07
1.26307e-07
-1.20471e-07
3.03935e-07
-6.65952e-07
5.45482e-07
-1.48505e-06
8.19101e-07
-2.49036e-06
1.00531e-06
-3.47963e-06
9.89272e-07
-4.21957e-06
7.39938e-07
-4.54329e-06
3.23725e-07
-4.35325e-06
-1.90042e-07
-3.59374e-06
-7.59508e-07
-2.37937e-06
-1.21437e-06
-9.40726e-07
-1.43865e-06
3.46898e-07
-1.28762e-06
1.08924e-06
-7.42338e-07
1.03269e-06
5.65421e-08
4.60867e-07
5.71825e-07
4.60867e-07
1.24906e-07
-2.80952e-07
7.43486e-08
-8.68933e-08
-2.97271e-07
3.55299e-07
-1.07898e-06
9.08019e-07
-2.31567e-06
1.54062e-06
-3.92667e-06
2.15648e-06
-5.66111e-06
2.55354e-06
-7.20551e-06
2.54971e-06
-8.33526e-06
2.11902e-06
-8.94062e-06
1.3453e-06
-8.97471e-06
3.57814e-07
-8.41501e-06
-7.49744e-07
-7.29285e-06
-1.88166e-06
-5.64173e-06
-2.86549e-06
-3.60597e-06
-3.47441e-06
-1.49071e-06
-3.40288e-06
1.78084e-07
-2.41113e-06
8.58524e-07
-6.23896e-07
5.25534e-07
9.04817e-07
9.864e-07
-1.27714e-07
-1.53238e-07
-6.34044e-07
4.19436e-07
-1.62485e-06
1.3461e-06
-3.14097e-06
2.42414e-06
-5.05644e-06
3.4561e-06
-7.07171e-06
4.17175e-06
-8.87133e-06
4.35316e-06
-1.02753e-05
3.95363e-06
-1.12318e-05
3.07559e-06
-1.17333e-05
1.84678e-06
-1.17275e-05
3.52e-07
-1.12688e-05
-1.20843e-06
-1.03365e-05
-2.81399e-06
-8.87633e-06
-4.32564e-06
-6.86864e-06
-5.4821e-06
-4.40285e-06
-5.86868e-06
-1.87881e-06
-4.93517e-06
-8.66427e-08
-2.41606e-06
2.94598e-07
5.23576e-07
1.281e-06
-5.00495e-07
3.47257e-07
-1.55977e-06
1.47871e-06
-3.11885e-06
2.90518e-06
-5.08014e-06
4.38543e-06
-7.18338e-06
5.55934e-06
-9.1208e-06
6.10917e-06
-1.06902e-05
5.92254e-06
-1.1849e-05
5.11247e-06
-1.26254e-05
3.85196e-06
-1.30539e-05
2.27531e-06
-1.31191e-05
4.1714e-07
-1.28798e-05
-1.44773e-06
-1.22973e-05
-3.39645e-06
-1.12699e-05
-5.35306e-06
-9.66678e-06
-7.08521e-06
-7.36333e-06
-8.17213e-06
-4.39815e-06
-7.90035e-06
-1.37806e-06
-5.43615e-06
1.20636e-07
-9.75122e-07
1.40163e-06
-8.61744e-07
1.209e-06
-2.3611e-06
2.97807e-06
-4.23161e-06
4.77569e-06
-6.2783e-06
6.43213e-06
-8.22008e-06
7.50112e-06
-9.83429e-06
7.72338e-06
-1.10442e-05
7.1325e-06
-1.18765e-05
5.94471e-06
-1.23928e-05
4.36828e-06
-1.26659e-05
2.54836e-06
-1.27864e-05
5.37714e-07
-1.2741e-05
-1.49317e-06
-1.25207e-05
-3.61674e-06
-1.20466e-05
-5.82715e-06
-1.11325e-05
-7.99934e-06
-9.49037e-06
-9.81424e-06
-6.82086e-06
-1.05699e-05
-3.2225e-06
-9.03451e-06
-2.61249e-07
-3.93638e-06
1.14039e-06
-1.08673e-06
2.29573e-06
-2.78372e-06
4.67506e-06
-4.67689e-06
6.66885e-06
-6.53432e-06
8.28956e-06
-8.13174e-06
9.09854e-06
-9.33815e-06
8.92979e-06
-1.01495e-05
7.94387e-06
-1.06309e-05
6.42613e-06
-1.08726e-05
4.60999e-06
-1.09744e-05
2.65008e-06
-1.10575e-05
6.20828e-07
-1.11082e-05
-1.44243e-06
-1.11428e-05
-3.58219e-06
-1.11322e-05
-5.83772e-06
-1.09231e-05
-8.20843e-06
-1.01885e-05
-1.05488e-05
-8.43408e-06
-1.23243e-05
-5.24386e-06
-1.22247e-05
-1.15851e-06
-8.02173e-06
-1.81243e-08
-1.11075e-06
3.40648e-06
-2.75825e-06
6.32257e-06
-4.45562e-06
8.36622e-06
-5.99109e-06
9.82502e-06
-7.20457e-06
1.0312e-05
-8.03374e-06
9.75895e-06
-8.51631e-06
8.42644e-06
-8.73927e-06
6.64909e-06
-8.80611e-06
4.67683e-06
-8.81363e-06
2.6576e-06
-8.84403e-06
6.51221e-07
-8.91554e-06
-1.37091e-06
-9.0481e-06
-3.44962e-06
-9.25333e-06
-5.63249e-06
-9.47511e-06
-7.98665e-06
-9.48252e-06
-1.05414e-05
-8.75681e-06
-1.305e-05
-6.53964e-06
-1.44419e-05
-2.42434e-06
-1.2137e-05
-2.44246e-06
-9.36133e-07
4.34261e-06
-2.3479e-06
7.73433e-06
-3.73529e-06
9.75361e-06
-4.91482e-06
1.10045e-05
-5.78553e-06
1.11827e-05
-6.3306e-06
1.0304e-05
-6.6072e-06
8.70303e-06
-6.70631e-06
6.7482e-06
-6.72383e-06
4.69435e-06
-6.73257e-06
2.66633e-06
-6.76796e-06
6.86617e-07
-6.84685e-06
-1.29202e-06
-6.99019e-06
-3.30629e-06
-7.22858e-06
-5.39409e-06
-7.57954e-06
-7.6357e-06
-7.95286e-06
-1.01681e-05
-7.93932e-06
-1.30635e-05
-6.72098e-06
-1.56602e-05
-3.58881e-06
-1.52692e-05
-6.03127e-06
-6.25661e-07
4.96827e-06
-1.68884e-06
8.79751e-06
-2.72263e-06
1.07874e-05
-3.56239e-06
1.18443e-05
-4.15262e-06
1.1773e-05
-4.50346e-06
1.06549e-05
-4.67382e-06
8.87339e-06
-4.74204e-06
6.81642e-06
-4.78029e-06
4.73261e-06
-4.83187e-06
2.71791e-06
-4.90665e-06
7.61401e-07
-5.01085e-06
-1.18782e-06
-5.15424e-06
-3.1629e-06
-5.36538e-06
-5.18296e-06
-5.6994e-06
-7.30167e-06
-6.17035e-06
-9.69716e-06
-6.56126e-06
-1.26726e-05
-6.13163e-06
-1.60899e-05
-3.92619e-06
-1.74746e-05
-9.95747e-06
-2.33048e-07
5.20132e-06
-8.94449e-07
9.45891e-06
-1.56668e-06
1.14596e-05
-2.09691e-06
1.23745e-05
-2.45746e-06
1.21335e-05
-2.67263e-06
1.087e-05
-2.7906e-06
8.99136e-06
-2.86459e-06
6.89041e-06
-2.9391e-06
4.80712e-06
-3.03601e-06
2.81482e-06
-3.15802e-06
8.8341e-07
-3.30464e-06
-1.0412e-06
-3.47594e-06
-2.9916e-06
-3.68399e-06
-4.97491e-06
-3.9792e-06
-7.00646e-06
-4.44398e-06
-9.23238e-06
-5.02674e-06
-1.20899e-05
-5.1265e-06
-1.59901e-05
-3.56019e-06
-1.90409e-05
-1.35177e-05
1.63749e-07
5.03757e-06
-7.02999e-08
9.69296e-06
-4.03598e-07
1.17929e-05
-6.54962e-07
1.26259e-05
-8.1031e-07
1.22889e-05
-9.00773e-07
1.09605e-05
-9.6572e-07
9.05631e-06
-1.03702e-06
6.96171e-06
-1.13122e-06
4.90132e-06
-1.25608e-06
2.93968e-06
-1.41417e-06
1.0415e-06
-1.60762e-06
-8.47746e-07
-1.83488e-06
-2.76435e-06
-2.09361e-06
-4.71618e-06
-2.41106e-06
-6.689e-06
-2.87873e-06
-8.76471e-06
-3.56198e-06
-1.14066e-05
-4.02673e-06
-1.55253e-05
-3.02661e-06
-2.00411e-05
-1.65443e-05
5.02241e-07
4.53533e-06
7.00428e-07
9.49478e-06
7.43813e-07
1.17495e-05
7.79565e-07
1.25901e-05
8.24546e-07
1.22439e-05
8.53436e-07
1.09316e-05
8.46581e-07
9.06316e-06
7.95785e-07
7.01251e-06
7.01892e-07
4.99522e-06
5.66617e-07
3.07496e-06
3.84759e-07
1.22336e-06
1.50128e-07
-6.13114e-07
-1.38848e-07
-2.47537e-06
-4.88812e-07
-4.36621e-06
-9.03392e-07
-6.27442e-06
-1.42611e-06
-8.24199e-06
-2.20444e-06
-1.06283e-05
-2.95409e-06
-1.47757e-05
-2.46101e-06
-2.05342e-05
-1.90053e-05
7.59321e-07
3.77601e-06
1.35883e-06
8.89526e-06
1.75312e-06
1.13553e-05
2.084e-06
1.22593e-05
2.35839e-06
1.19695e-05
2.54613e-06
1.07439e-05
2.63912e-06
8.97017e-06
2.64807e-06
7.00356e-06
2.58698e-06
5.05631e-06
2.46225e-06
3.19969e-06
2.26629e-06
1.41932e-06
1.98501e-06
-3.31837e-07
1.61904e-06
-2.10941e-06
1.16347e-06
-3.91064e-06
6.14014e-07
-5.72497e-06
-8.05176e-08
-7.54746e-06
-9.54279e-07
-9.75453e-06
-1.91741e-06
-1.38126e-05
-1.92442e-06
-2.05271e-05
-2.09297e-05
8.74941e-07
2.90107e-06
1.81793e-06
7.95228e-06
2.5626e-06
1.06106e-05
3.20633e-06
1.16155e-05
3.75659e-06
1.14192e-05
4.17016e-06
1.03303e-05
4.4312e-06
8.70913e-06
4.55367e-06
6.88108e-06
4.56043e-06
5.04956e-06
4.4665e-06
3.29361e-06
4.26972e-06
1.6161e-06
3.9375e-06
3.87676e-10
3.49053e-06
-1.66243e-06
2.90319e-06
-3.3233e-06
2.17672e-06
-4.9985e-06
1.33018e-06
-6.70093e-06
2.73167e-07
-8.69751e-06
-9.54089e-07
-1.25853e-05
-1.42533e-06
-2.00559e-05
-2.2355e-05
8.10822e-07
2.09025e-06
1.9637e-06
6.7994e-06
3.01078e-06
9.5635e-06
3.98832e-06
1.0638e-05
4.8694e-06
1.05382e-05
5.588e-06
9.6117e-06
6.10502e-06
8.19211e-06
6.42339e-06
6.56271e-06
6.56389e-06
4.90906e-06
6.54437e-06
3.31313e-06
6.36304e-06
1.79743e-06
6.01722e-06
3.46206e-07
5.47385e-06
-1.11906e-06
4.74041e-06
-2.58986e-06
3.80905e-06
-4.06714e-06
2.70879e-06
-5.60066e-06
1.40006e-06
-7.38879e-06
-1.49775e-07
-1.10355e-05
-9.09668e-07
-1.9296e-05
-2.32647e-05
5.80992e-07
1.50926e-06
1.769e-06
5.61139e-06
3.11342e-06
8.21908e-06
4.4704e-06
9.28102e-06
5.74244e-06
9.26613e-06
6.83094e-06
8.5232e-06
7.67048e-06
7.35257e-06
8.24836e-06
5.98482e-06
8.57688e-06
4.58055e-06
8.67267e-06
3.21734e-06
8.54239e-06
1.92772e-06
8.18315e-06
7.05439e-07
7.55087e-06
-4.86774e-07
6.66294e-06
-1.70194e-06
5.50674e-06
-2.91094e-06
4.12329e-06
-4.21721e-06
2.58638e-06
-5.85188e-06
9.67549e-07
-9.41664e-06
-1.39618e-07
-1.81888e-05
-2.34043e-05
1.54072e-07
1.35518e-06
1.04768e-06
4.71778e-06
2.53169e-06
6.73507e-06
4.26094e-06
7.55177e-06
5.99009e-06
7.53697e-06
7.53142e-06
6.98187e-06
8.78223e-06
6.10177e-06
9.71269e-06
5.05436e-06
1.03179e-05
3.97538e-06
1.06091e-05
2.92611e-06
1.05923e-05
1.9445e-06
1.0273e-05
1.02471e-06
9.60509e-06
1.8117e-07
8.61081e-06
-7.07654e-07
7.2801e-06
-1.58023e-06
5.66509e-06
-2.6022e-06
3.92686e-06
-4.11364e-06
2.24941e-06
-7.73918e-06
6.56436e-07
-1.65959e-05
-2.27479e-05
-5.18939e-07
1.87412e-06
2.03404e-07
3.99544e-06
1.76669e-06
5.17178e-06
3.83925e-06
5.47921e-06
6.00394e-06
5.37228e-06
7.9738e-06
5.01201e-06
9.61223e-06
4.46334e-06
1.08776e-05
3.78895e-06
1.17525e-05
3.10053e-06
1.22529e-05
2.42567e-06
1.23824e-05
1.81502e-06
1.21607e-05
1.24643e-06
1.16119e-05
7.29979e-07
1.07064e-05
1.97813e-07
9.449e-06
-3.22818e-07
7.91321e-06
-1.06641e-06
6.28492e-06
-2.48536e-06
4.46571e-06
-5.91997e-06
2.0593e-06
-1.41895e-05
-2.06886e-05
-4.18133e-06
6.05545e-06
-3.64394e-06
3.45805e-06
-1.24413e-06
2.77198e-06
1.56152e-06
2.67356e-06
4.30918e-06
2.62462e-06
6.85186e-06
2.46933e-06
9.07591e-06
2.23929e-06
1.09209e-05
1.94397e-06
1.23682e-05
1.65318e-06
1.34449e-05
1.34902e-06
1.41679e-05
1.09203e-06
1.4582e-05
8.32359e-07
1.46747e-05
6.37198e-07
1.44552e-05
4.17316e-07
1.39193e-05
2.13156e-07
1.30827e-05
-2.29801e-07
1.19334e-05
-1.3361e-06
1.01162e-05
-4.1028e-06
5.63941e-06
-9.71264e-06
-1.50492e-05
6.05545e-06
9.5135e-06
1.22855e-05
1.4959e-05
1.75837e-05
2.0053e-05
2.22923e-05
2.42362e-05
2.58894e-05
2.72384e-05
2.83305e-05
2.91628e-05
2.98e-05
3.02173e-05
3.04305e-05
3.02007e-05
2.88646e-05
2.47618e-05
1.50492e-05
)
;

boundaryField
{
    movingWall
    {
        type            calculated;
        value           uniform 0;
    }
    fixedWalls
    {
        type            calculated;
        value           uniform 0;
    }
    frontAndBack
    {
        type            empty;
        value           nonuniform List<scalar> 0();
    }
}


// ************************************************************************* //
