/*--------------------------------*- C++ -*----------------------------------*\
| =========                 |                                                 |
| \\      /  F ield         | OpenFOAM: The Open Source CFD Toolbox           |
|  \\    /   O peration     | Version:  2212                                  |
|   \\  /    A nd           | Website:  www.openfoam.com                      |
|    \\/     M anipulation  |                                                 |
\*---------------------------------------------------------------------------*/
FoamFile
{
    version     2.0;
    format      ascii;
    arch        "LSB;label=32;scalar=64";
    class       volScalarField;
    location    "7.4";
    object      T;
}
// * * * * * * * * * * * * * * * * * * * * * * * * * * * * * * * * * * * * * //

dimensions      [0 0 0 1 0 0 0];

internalField   nonuniform List<scalar> 
400
(
0.79668
0.802443
0.814043
0.830998
0.850355
0.867415
0.87897
0.885101
0.888052
0.889935
0.891573
0.893175
0.894797
0.896351
0.897535
0.89783
0.896385
0.892185
0.885604
0.880188
0.804334
0.811242
0.825025
0.844508
0.86459
0.878743
0.885253
0.887511
0.88847
0.889195
0.890259
0.891992
0.894489
0.897565
0.900504
0.902184
0.900899
0.895306
0.887134
0.881114
0.816164
0.825222
0.842004
0.861985
0.877398
0.884022
0.8847
0.883278
0.881228
0.879665
0.879572
0.881629
0.885862
0.89211
0.89915
0.90513
0.906931
0.901365
0.889954
0.882808
0.827685
0.838965
0.85711
0.873467
0.881142
0.880326
0.875405
0.868864
0.862214
0.85729
0.855412
0.857734
0.863989
0.874329
0.887308
0.900763
0.910582
0.911112
0.897991
0.887132
0.836633
0.849304
0.86641
0.876741
0.876364
0.868437
0.85701
0.84417
0.83234
0.823714
0.819824
0.821985
0.829864
0.843806
0.862611
0.884274
0.90482
0.917719
0.913032
0.895525
0.842776
0.855678
0.869968
0.873539
0.865543
0.850629
0.832436
0.813579
0.797187
0.785457
0.779905
0.781519
0.790274
0.8064
0.829216
0.857162
0.887018
0.913052
0.924956
0.908051
0.846599
0.858698
0.869265
0.866387
0.85166
0.830421
0.806304
0.782728
0.763116
0.749483
0.743036
0.744212
0.753176
0.770059
0.794716
0.826317
0.862441
0.898158
0.924943
0.925856
0.84873
0.859461
0.866365
0.858076
0.837765
0.811219
0.782475
0.755641
0.734126
0.719639
0.71291
0.713919
0.722694
0.739291
0.763942
0.796797
0.836728
0.879462
0.916616
0.935569
0.849692
0.858853
0.862603
0.850173
0.825636
0.795177
0.763282
0.734444
0.711924
0.69711
0.690312
0.691266
0.699795
0.71576
0.739352
0.771405
0.81268
0.8606
0.905708
0.932128
0.849865
0.857605
0.859189
0.844281
0.81709
0.784075
0.750164
0.720074
0.696908
0.681793
0.674778
0.675546
0.683841
0.699326
0.721792
0.752019
0.792357
0.843247
0.896022
0.929619
0.849486
0.856091
0.856452
0.840504
0.812107
0.777935
0.743205
0.712597
0.689035
0.673502
0.665992
0.666268
0.674124
0.68914
0.710681
0.738886
0.776778
0.828223
0.886921
0.927992
0.8487
0.854533
0.85471
0.839399
0.811506
0.77761
0.743078
0.712463
0.68859
0.672491
0.664257
0.663743
0.670798
0.685016
0.705523
0.731676
0.766238
0.816394
0.879704
0.927125
0.847516
0.852916
0.853609
0.840151
0.814195
0.781932
0.748736
0.718955
0.695319
0.678945
0.670057
0.668582
0.674448
0.687277
0.706172
0.730039
0.760676
0.807671
0.873941
0.927036
0.84586
0.851167
0.852996
0.842651
0.820302
0.791265
0.76069
0.732667
0.709839
0.693463
0.68396
0.681271
0.685477
0.696189
0.71262
0.733495
0.759818
0.802564
0.870226
0.927599
0.843594
0.849095
0.852022
0.845007
0.827128
0.802581
0.776009
0.751107
0.730297
0.714836
0.705284
0.701572
0.703858
0.711823
0.724836
0.742011
0.763782
0.800937
0.868222
0.928816
0.840834
0.846693
0.850979
0.847662
0.835188
0.81641
0.79513
0.774503
0.756673
0.742823
0.733554
0.728923
0.728961
0.733574
0.742374
0.754921
0.77179
0.802292
0.868093
0.930735
0.838166
0.843868
0.848342
0.847471
0.839804
0.827098
0.812012
0.796907
0.783398
0.772456
0.764494
0.759728
0.758005
0.759475
0.764133
0.771885
0.784379
0.809154
0.871874
0.933991
0.836253
0.842352
0.847783
0.848844
0.845336
0.838249
0.829139
0.819458
0.810266
0.802325
0.795933
0.79139
0.788693
0.78799
0.789763
0.793783
0.803165
0.822465
0.8791
0.938112
0.813469
0.838834
0.840348
0.841182
0.839485
0.836537
0.832822
0.829256
0.825914
0.823482
0.821742
0.821073
0.821357
0.822512
0.825309
0.828801
0.837582
0.852775
0.896152
0.945178
0.868688
0.884833
0.893683
0.899215
0.902429
0.904607
0.905954
0.907251
0.908239
0.909523
0.91065
0.912177
0.913569
0.915376
0.917072
0.919376
0.922185
0.928018
0.939388
0.959728
)
;

boundaryField
{
    movingWall
    {
        type            fixedValue;
        value           uniform 1;
    }
    fixedWalls
    {
        type            zeroGradient;
    }
    frontAndBack
    {
        type            empty;
    }
}


// ************************************************************************* //
