/*--------------------------------*- C++ -*----------------------------------*\
| =========                 |                                                 |
| \\      /  F ield         | OpenFOAM: The Open Source CFD Toolbox           |
|  \\    /   O peration     | Version:  2212                                  |
|   \\  /    A nd           | Website:  www.openfoam.com                      |
|    \\/     M anipulation  |                                                 |
\*---------------------------------------------------------------------------*/
FoamFile
{
    version     2.0;
    format      ascii;
    arch        "LSB;label=32;scalar=64";
    class       volScalarField;
    location    "9.1";
    object      T;
}
// * * * * * * * * * * * * * * * * * * * * * * * * * * * * * * * * * * * * * //

dimensions      [0 0 0 1 0 0 0];

internalField   nonuniform List<scalar> 
400
(
0.867181
0.870519
0.87727
0.887185
0.898595
0.908783
0.915839
0.91973
0.921702
0.922998
0.924153
0.92532
0.926541
0.927764
0.928781
0.929244
0.928583
0.926157
0.922262
0.919063
0.871553
0.875593
0.88367
0.89514
0.907081
0.91564
0.919671
0.921062
0.921594
0.921995
0.922686
0.923913
0.925752
0.928087
0.930416
0.931967
0.931557
0.928277
0.92331
0.919691
0.878342
0.88369
0.893601
0.90545
0.91465
0.918562
0.918714
0.91742
0.915719
0.914428
0.914262
0.915719
0.918817
0.92345
0.928752
0.933436
0.93534
0.932282
0.925238
0.920848
0.884967
0.891661
0.902405
0.91205
0.916385
0.915325
0.911446
0.906425
0.901407
0.897696
0.89626
0.897928
0.9025
0.910079
0.919621
0.929594
0.937136
0.938402
0.930447
0.923669
0.890088
0.897592
0.907617
0.913397
0.91238
0.906293
0.897686
0.888126
0.879359
0.872967
0.870081
0.871661
0.877454
0.88769
0.901462
0.917292
0.932347
0.94213
0.939998
0.929022
0.893544
0.901107
0.909216
0.910497
0.9042
0.893055
0.879522
0.865571
0.853425
0.844719
0.840592
0.841787
0.848284
0.860222
0.877044
0.897534
0.919297
0.938238
0.947332
0.93693
0.895603
0.902551
0.908102
0.90497
0.893886
0.878107
0.860219
0.842741
0.828132
0.817943
0.813102
0.813971
0.820669
0.833265
0.851588
0.874934
0.901425
0.927399
0.946787
0.948225
0.89665
0.902636
0.905651
0.898738
0.883609
0.863909
0.842571
0.822594
0.806477
0.795575
0.79048
0.791222
0.797819
0.810284
0.828723
0.853144
0.882594
0.913834
0.94072
0.954329
0.897004
0.901923
0.902735
0.892869
0.874644
0.852033
0.828313
0.806761
0.789811
0.778599
0.773416
0.774109
0.780547
0.792601
0.810354
0.834322
0.864919
0.900088
0.932869
0.951871
0.896903
0.9009
0.900206
0.888536
0.868341
0.843815
0.81855
0.795997
0.778507
0.767023
0.761653
0.762199
0.768473
0.780196
0.797164
0.819876
0.849924
0.887407
0.925823
0.950042
0.896494
0.899798
0.898262
0.885785
0.864669
0.839272
0.81337
0.7904
0.772586
0.760768
0.755012
0.755183
0.761129
0.77251
0.788807
0.810066
0.838406
0.876427
0.919245
0.948866
0.89586
0.898759
0.897147
0.885062
0.864268
0.839066
0.813305
0.790329
0.772287
0.760046
0.753745
0.753316
0.758651
0.769422
0.784936
0.804674
0.830602
0.867767
0.914001
0.948231
0.894998
0.897745
0.89657
0.885742
0.866304
0.842309
0.817561
0.795241
0.777414
0.764993
0.758212
0.757056
0.761481
0.771185
0.785464
0.803473
0.826504
0.861409
0.909842
0.948165
0.893852
0.896699
0.896457
0.887817
0.870934
0.849303
0.826524
0.805563
0.788399
0.776025
0.768809
0.766742
0.769899
0.77798
0.790371
0.806103
0.825907
0.857706
0.90716
0.948565
0.892319
0.895435
0.896104
0.889825
0.87612
0.857767
0.837976
0.819392
0.803804
0.792175
0.784962
0.782139
0.78384
0.789828
0.799616
0.812539
0.828917
0.856591
0.905743
0.949441
0.890477
0.893972
0.8958
0.892211
0.882357
0.868173
0.852275
0.83689
0.823573
0.813204
0.806245
0.802757
0.802773
0.806232
0.812837
0.822268
0.834943
0.857672
0.90568
0.950821
0.888672
0.892086
0.894198
0.892474
0.886111
0.876331
0.864965
0.853663
0.843573
0.835399
0.829445
0.82588
0.82459
0.8257
0.829197
0.835024
0.844382
0.862811
0.908467
0.953164
0.887388
0.891241
0.894204
0.894009
0.890711
0.885018
0.877999
0.870665
0.863754
0.857808
0.85303
0.849644
0.847635
0.847122
0.848442
0.851449
0.858394
0.872643
0.913728
0.956123
0.871082
0.888157
0.888669
0.888673
0.886964
0.884445
0.881445
0.878615
0.875993
0.874068
0.872672
0.872078
0.872193
0.872961
0.874933
0.877426
0.883765
0.894771
0.926073
0.961195
0.909347
0.920401
0.926392
0.930063
0.932114
0.933456
0.934231
0.934994
0.935556
0.936346
0.937042
0.938033
0.938946
0.940156
0.941307
0.942887
0.944861
0.948992
0.957141
0.9716
)
;

boundaryField
{
    movingWall
    {
        type            fixedValue;
        value           uniform 1;
    }
    fixedWalls
    {
        type            zeroGradient;
    }
    frontAndBack
    {
        type            empty;
    }
}


// ************************************************************************* //
