/*--------------------------------*- C++ -*----------------------------------*\
| =========                 |                                                 |
| \\      /  F ield         | OpenFOAM: The Open Source CFD Toolbox           |
|  \\    /   O peration     | Version:  2212                                  |
|   \\  /    A nd           | Website:  www.openfoam.com                      |
|    \\/     M anipulation  |                                                 |
\*---------------------------------------------------------------------------*/
FoamFile
{
    version     2.0;
    format      ascii;
    arch        "LSB;label=32;scalar=64";
    class       volVectorField;
    location    "9.1";
    object      U;
}
// * * * * * * * * * * * * * * * * * * * * * * * * * * * * * * * * * * * * * //

dimensions      [0 1 -1 0 0 0 0];

internalField   nonuniform List<vector> 
400
(
(0.00168164 -0.00168369 0)
(0.00483824 -0.00189213 0)
(0.00659049 -0.00120066 0)
(0.00567409 -0.000575076 0)
(0.00157153 0.000184031 0)
(-0.00682957 0.00173938 0)
(-0.0206081 0.00478618 0)
(-0.0395404 0.00873568 0)
(-0.0608099 0.0112922 0)
(-0.0791361 0.0105123 0)
(-0.0898115 0.00677454 0)
(-0.0904626 0.00166919 0)
(-0.0802262 -0.00361614 0)
(-0.0599949 -0.00827459 0)
(-0.0335226 -0.0108469 0)
(-0.00529484 -0.00979519 0)
(0.0167217 -0.00477336 0)
(0.0244691 0.00277652 0)
(0.0161781 0.00647196 0)
(0.00431643 0.004717 0)
(0.00172026 -0.00506478 0)
(0.00316202 -0.00403199 0)
(-0.000417944 0.00058798 0)
(-0.0113306 0.00644167 0)
(-0.0314262 0.0140498 0)
(-0.0611491 0.0237733 0)
(-0.0968449 0.0330607 0)
(-0.131457 0.0370918 0)
(-0.15897 0.0335169 0)
(-0.176102 0.0234013 0)
(-0.181449 0.00910968 0)
(-0.175078 -0.00698931 0)
(-0.157561 -0.0231733 0)
(-0.129651 -0.0369133 0)
(-0.0936152 -0.0445651 0)
(-0.0521955 -0.0418387 0)
(-0.0114015 -0.0263348 0)
(0.0168882 -0.00128002 0)
(0.0178714 0.016223 0)
(0.00554207 0.0148196 0)
(-0.000239818 -0.00577964 0)
(-0.00538166 0.000802467 0)
(-0.0196099 0.0142995 0)
(-0.0445042 0.0312357 0)
(-0.0803407 0.0494448 0)
(-0.122204 0.0643196 0)
(-0.162349 0.0705455 0)
(-0.195271 0.0660279 0)
(-0.218864 0.0521906 0)
(-0.232532 0.0315339 0)
(-0.236288 0.006417 0)
(-0.230802 -0.0211124 0)
(-0.216389 -0.0488719 0)
(-0.192544 -0.073226 0)
(-0.159006 -0.0890261 0)
(-0.115742 -0.0892298 0)
(-0.0645636 -0.0670297 0)
(-0.0138222 -0.0226661 0)
(0.00948095 0.0179171 0)
(0.00415543 0.0235795 0)
(-0.00347204 0.000454216 0)
(-0.0175151 0.0172412 0)
(-0.0435167 0.041501 0)
(-0.0796829 0.0681947 0)
(-0.12296 0.0911606 0)
(-0.165853 0.103848 0)
(-0.201925 0.102903 0)
(-0.229248 0.0896712 0)
(-0.248088 0.0673259 0)
(-0.259042 0.0385799 0)
(-0.26295 0.00531818 0)
(-0.260618 -0.0311159 0)
(-0.251985 -0.0684538 0)
(-0.236007 -0.103743 0)
(-0.210695 -0.13149 0)
(-0.173348 -0.142891 0)
(-0.121403 -0.125766 0)
(-0.0568451 -0.0708544 0)
(-0.000987446 0.00356469 0)
(0.00474228 0.0282398 0)
(-0.00666284 0.0147839 0)
(-0.0287304 0.0441122 0)
(-0.0632912 0.0770964 0)
(-0.104464 0.108923 0)
(-0.147285 0.131212 0)
(-0.184585 0.1382 0)
(-0.212924 0.129506 0)
(-0.232708 0.108748 0)
(-0.245225 0.0797984 0)
(-0.252202 0.0454481 0)
(-0.255321 0.00724129 0)
(-0.255503 -0.0339964 0)
(-0.252524 -0.0770819 0)
(-0.245842 -0.120686 0)
(-0.232647 -0.160823 0)
(-0.208324 -0.189034 0)
(-0.166823 -0.189984 0)
(-0.10345 -0.142882 0)
(-0.0221829 -0.0388552 0)
(0.00738177 0.0271004 0)
(-0.00851108 0.034875 0)
(-0.0351785 0.0766421 0)
(-0.0730956 0.114958 0)
(-0.113269 0.147709 0)
(-0.150534 0.166042 0)
(-0.179398 0.165978 0)
(-0.198924 0.149768 0)
(-0.21067 0.122508 0)
(-0.21662 0.088547 0)
(-0.219251 0.0508713 0)
(-0.22052 0.0109563 0)
(-0.221421 -0.0307561 0)
(-0.222153 -0.0747189 0)
(-0.222827 -0.12129 0)
(-0.221255 -0.169237 0)
(-0.212353 -0.21307 0)
(-0.188034 -0.238599 0)
(-0.139693 -0.21855 0)
(-0.0628512 -0.118946 0)
(0.00584879 0.0142027 0)
(-0.00829331 0.0570083 0)
(-0.0353441 0.110017 0)
(-0.0718415 0.150505 0)
(-0.107084 0.181198 0)
(-0.136722 0.193892 0)
(-0.157129 0.186497 0)
(-0.16904 0.163333 0)
(-0.174579 0.130549 0)
(-0.176152 0.092903 0)
(-0.17625 0.0534104 0)
(-0.176364 0.0133154 0)
(-0.177164 -0.0273084 0)
(-0.179197 -0.0695747 0)
(-0.183007 -0.114727 0)
(-0.187956 -0.16386 0)
(-0.190427 -0.21583 0)
(-0.182539 -0.261682 0)
(-0.15429 -0.275201 0)
(-0.0994076 -0.205924 0)
(-0.0089084 -0.014626 0)
(-0.00613622 0.0776058 0)
(-0.0297957 0.140571 0)
(-0.0614338 0.181244 0)
(-0.0899071 0.208361 0)
(-0.111919 0.214951 0)
(-0.125457 0.200624 0)
(-0.132147 0.171392 0)
(-0.134299 0.134228 0)
(-0.134361 0.0941134 0)
(-0.134261 0.0537504 0)
(-0.134667 0.013864 0)
(-0.13576 -0.0258865 0)
(-0.137993 -0.0664805 0)
(-0.142058 -0.109097 0)
(-0.148572 -0.155685 0)
(-0.156237 -0.208602 0)
(-0.159094 -0.265929 0)
(-0.146765 -0.308165 0)
(-0.112266 -0.277236 0)
(-0.0309683 -0.0753435 0)
(-0.0027305 0.0936268 0)
(-0.0204219 0.165665 0)
(-0.0451602 0.205638 0)
(-0.0663583 0.228632 0)
(-0.0816291 0.229594 0)
(-0.090121 0.209607 0)
(-0.0937539 0.175855 0)
(-0.094666 0.135817 0)
(-0.0949432 0.0944711 0)
(-0.0957384 0.0540304 0)
(-0.097088 0.0145941 0)
(-0.0988978 -0.0245826 0)
(-0.101334 -0.0642305 0)
(-0.104902 -0.105 0)
(-0.110749 -0.148481 0)
(-0.119611 -0.198603 0)
(-0.128365 -0.259833 0)
(-0.126538 -0.323497 0)
(-0.107491 -0.334802 0)
(-0.0373534 -0.163457 0)
(0.0012194 0.102774 0)
(-0.00894521 0.183509 0)
(-0.0256502 0.223195 0)
(-0.0396513 0.242818 0)
(-0.0491322 0.239583 0)
(-0.0540059 0.215609 0)
(-0.0559758 0.178853 0)
(-0.0566886 0.137156 0)
(-0.0576492 0.0954013 0)
(-0.059391 0.0552691 0)
(-0.0616837 0.0163097 0)
(-0.0643839 -0.0224892 0)
(-0.0674828 -0.0617345 0)
(-0.0711585 -0.101626 0)
(-0.0763432 -0.142831 0)
(-0.0846067 -0.188975 0)
(-0.0960755 -0.248399 0)
(-0.10066 -0.324364 0)
(-0.0951801 -0.372269 0)
(-0.0309255 -0.24261 0)
(0.00511883 0.103941 0)
(0.00295754 0.19311 0)
(-0.00539087 0.233691 0)
(-0.0125086 0.250852 0)
(-0.0169001 0.244767 0)
(-0.0187874 0.21855 0)
(-0.0194757 0.180488 0)
(-0.0200038 0.138412 0)
(-0.0213019 0.0969554 0)
(-0.0235376 0.057419 0)
(-0.0264264 0.019081 0)
(-0.0299097 -0.0191646 0)
(-0.034004 -0.0579731 0)
(-0.0386477 -0.097396 0)
(-0.0443865 -0.137351 0)
(-0.0524473 -0.180222 0)
(-0.0657651 -0.235698 0)
(-0.0742251 -0.318142 0)
(-0.0812023 -0.396774 0)
(-0.0229431 -0.307171 0)
(0.00845825 0.0974667 0)
(0.0142219 0.194103 0)
(0.014105 0.237215 0)
(0.0137106 0.253633 0)
(0.0143336 0.246553 0)
(0.0155308 0.219845 0)
(0.0163906 0.181796 0)
(0.0164445 0.140081 0)
(0.0153068 0.0991426 0)
(0.0130296 0.0602186 0)
(0.00986179 0.0226246 0)
(0.00575368 -0.0147492 0)
(0.000562258 -0.0526885 0)
(-0.00556305 -0.0912897 0)
(-0.0130306 -0.130182 0)
(-0.0219777 -0.170362 0)
(-0.0377186 -0.220742 0)
(-0.0487304 -0.304503 0)
(-0.0679049 -0.408518 0)
(-0.0144593 -0.360053 0)
(0.0103297 0.0844872 0)
(0.0234205 0.186508 0)
(0.0310849 0.233338 0)
(0.0370151 0.250178 0)
(0.0426775 0.243339 0)
(0.0476328 0.217554 0)
(0.0510704 0.180791 0)
(0.0527464 0.140385 0)
(0.0526149 0.100624 0)
(0.0508855 0.0628163 0)
(0.0477757 0.0264549 0)
(0.0431678 -0.00951787 0)
(0.0368944 -0.0459938 0)
(0.0290793 -0.083128 0)
(0.0189245 -0.120553 0)
(0.00759892 -0.158495 0)
(-0.011816 -0.204455 0)
(-0.0242388 -0.286505 0)
(-0.055844 -0.411024 0)
(-0.00613754 -0.401901 0)
(0.00987838 0.0672356 0)
(0.0290318 0.170698 0)
(0.044359 0.222247 0)
(0.0569028 0.241344 0)
(0.0681977 0.236417 0)
(0.077886 0.213054 0)
(0.0851084 0.178761 0)
(0.089564 0.14042 0)
(0.0913295 0.10226 0)
(0.0907045 0.0658249 0)
(0.0880191 0.0309773 0)
(0.0829699 -0.00329993 0)
(0.0754554 -0.0375412 0)
(0.0657633 -0.072322 0)
(0.0525115 -0.107447 0)
(0.0375778 -0.142795 0)
(0.0131351 -0.184282 0)
(8.21408e-05 -0.263266 0)
(-0.0447967 -0.406725 0)
(0.00276585 -0.436278 0)
(0.00692998 0.0493973 0)
(0.0293667 0.148974 0)
(0.0511173 0.203655 0)
(0.0699981 0.224576 0)
(0.0874763 0.221719 0)
(0.103173 0.20156 0)
(0.115845 0.170965 0)
(0.124812 0.136075 0)
(0.129984 0.100877 0)
(0.131606 0.0670489 0)
(0.129942 0.0348417 0)
(0.125018 0.00343073 0)
(0.116386 -0.0274649 0)
(0.104654 -0.0587032 0)
(0.0875591 -0.0903266 0)
(0.0683681 -0.122945 0)
(0.0383021 -0.160866 0)
(0.0238627 -0.237166 0)
(-0.0344385 -0.398972 0)
(0.0134754 -0.464435 0)
(0.00238714 0.0346268 0)
(0.0236426 0.123904 0)
(0.0509629 0.17996 0)
(0.0766981 0.202961 0)
(0.101367 0.20265 0)
(0.124253 0.186249 0)
(0.14371 0.160192 0)
(0.15852 0.12976 0)
(0.168268 0.0985673 0)
(0.173159 0.0683011 0)
(0.173134 0.0395591 0)
(0.168906 0.0119355 0)
(0.159069 -0.0149119 0)
(0.145335 -0.0417171 0)
(0.124029 -0.06876 0)
(0.100487 -0.0975622 0)
(0.0646292 -0.132718 0)
(0.0470103 -0.207463 0)
(-0.022703 -0.387088 0)
(0.0285336 -0.485561 0)
(-0.00342616 0.0286138 0)
(0.0100731 0.101503 0)
(0.0371153 0.148703 0)
(0.0689839 0.169471 0)
(0.101882 0.170692 0)
(0.133606 0.158401 0)
(0.161607 0.137965 0)
(0.184156 0.113561 0)
(0.200207 0.0882729 0)
(0.210133 0.0636303 0)
(0.213059 0.0403789 0)
(0.210805 0.018401 0)
(0.20054 -0.0026782 0)
(0.185906 -0.0233157 0)
(0.161089 -0.0439822 0)
(0.134468 -0.0677445 0)
(0.0929328 -0.101696 0)
(0.0698786 -0.180016 0)
(-0.00436625 -0.370055 0)
(0.0521619 -0.491642 0)
(-0.0140115 0.0185176 0)
(-0.00751593 0.0881762 0)
(0.0192208 0.124196 0)
(0.0564573 0.137324 0)
(0.0976151 0.136916 0)
(0.138002 0.127734 0)
(0.174259 0.113077 0)
(0.204108 0.0952971 0)
(0.226006 0.0768236 0)
(0.241101 0.0586738 0)
(0.247136 0.0418004 0)
(0.248053 0.0261057 0)
(0.238712 0.0117417 0)
(0.226894 -0.00204991 0)
(0.201893 -0.0160903 0)
(0.177906 -0.0350268 0)
(0.133556 -0.0678051 0)
(0.107841 -0.146003 0)
(0.0374728 -0.326119 0)
(0.0923677 -0.455871 0)
(-0.106019 0.0824182 0)
(-0.0777597 0.0689911 0)
(-0.0485679 0.0733703 0)
(0.00378165 0.0778904 0)
(0.0572987 0.0782245 0)
(0.110033 0.0739604 0)
(0.157204 0.0666251 0)
(0.199569 0.0572203 0)
(0.231681 0.047544 0)
(0.259835 0.0378872 0)
(0.275563 0.0292197 0)
(0.290718 0.0212333 0)
(0.29107 0.0144756 0)
(0.29518 0.00809212 0)
(0.278877 0.00112398 0)
(0.27166 -0.0100135 0)
(0.232348 -0.0355684 0)
(0.218143 -0.0954193 0)
(0.150208 -0.229723 0)
(0.170672 -0.341455 0)
(0.129969 0.103745 0)
(0.15832 0.0752282 0)
(0.212165 0.053228 0)
(0.270674 0.0416231 0)
(0.32325 0.0359133 0)
(0.375692 0.0319488 0)
(0.420288 0.0289166 0)
(0.465607 0.0255811 0)
(0.498703 0.022903 0)
(0.533953 0.0197106 0)
(0.553392 0.0175477 0)
(0.579202 0.0146099 0)
(0.58534 0.013165 0)
(0.603679 0.0103461 0)
(0.595099 0.0093837 0)
(0.6036 0.00499998 0)
(0.567791 8.93705e-05 0)
(0.547613 -0.0183158 0)
(0.435691 -0.0504144 0)
(0.336754 -0.101386 0)
)
;

boundaryField
{
    movingWall
    {
        type            fixedValue;
        value           uniform (1 0 0);
    }
    fixedWalls
    {
        type            noSlip;
    }
    frontAndBack
    {
        type            empty;
    }
}


// ************************************************************************* //
