/*--------------------------------*- C++ -*----------------------------------*\
| =========                 |                                                 |
| \\      /  F ield         | OpenFOAM: The Open Source CFD Toolbox           |
|  \\    /   O peration     | Version:  2212                                  |
|   \\  /    A nd           | Website:  www.openfoam.com                      |
|    \\/     M anipulation  |                                                 |
\*---------------------------------------------------------------------------*/
FoamFile
{
    version     2.0;
    format      ascii;
    arch        "LSB;label=32;scalar=64";
    class       surfaceScalarField;
    location    "11.2";
    object      phi;
}
// * * * * * * * * * * * * * * * * * * * * * * * * * * * * * * * * * * * * * //

dimensions      [0 3 -1 0 0 0 0];

oriented        oriented;

internalField   nonuniform List<scalar> 
760
(
1.56083e-07
-1.56129e-07
2.9363e-07
-1.37548e-07
3.09995e-07
-1.63644e-08
1.83685e-07
1.26309e-07
-1.20304e-07
3.0399e-07
-6.65927e-07
5.45622e-07
-1.48527e-06
8.19347e-07
-2.49087e-06
1.0056e-06
-3.48035e-06
9.89486e-07
-4.22035e-06
7.39995e-07
-4.54398e-06
3.23626e-07
-4.35365e-06
-1.90327e-07
-3.59375e-06
-7.59896e-07
-2.37898e-06
-1.21478e-06
-9.40005e-07
-1.43897e-06
3.47765e-07
-1.28777e-06
1.08995e-06
-7.42185e-07
1.03309e-06
5.68634e-08
4.60998e-07
5.72089e-07
4.60998e-07
1.2505e-07
-2.81179e-07
7.46119e-08
-8.711e-08
-2.97023e-07
3.5527e-07
-1.07891e-06
9.08195e-07
-2.31595e-06
1.54103e-06
-3.92743e-06
2.1571e-06
-5.66234e-06
2.55426e-06
-7.20707e-06
2.55033e-06
-8.33697e-06
2.11939e-06
-8.94232e-06
1.34534e-06
-8.97624e-06
3.57546e-07
-8.41623e-06
-7.50335e-07
-7.29365e-06
-1.88248e-06
-5.64204e-06
-2.86638e-06
-3.60581e-06
-3.4752e-06
-1.49022e-06
-3.40336e-06
1.78739e-07
-2.41115e-06
8.58996e-07
-6.23394e-07
5.25711e-07
9.05373e-07
9.8671e-07
-1.27599e-07
-1.5358e-07
-6.33932e-07
4.19223e-07
-1.62494e-06
1.34628e-06
-3.14151e-06
2.42476e-06
-5.05758e-06
3.4571e-06
-7.07345e-06
4.17297e-06
-8.87355e-06
4.35436e-06
-1.02778e-05
3.95459e-06
-1.12346e-05
3.07617e-06
-1.17361e-05
1.8469e-06
-1.17302e-05
3.51586e-07
-1.12713e-05
-1.20926e-06
-1.03386e-05
-2.81519e-06
-8.87789e-06
-4.32704e-06
-6.86962e-06
-5.48348e-06
-4.40324e-06
-5.86974e-06
-1.87874e-06
-4.93564e-06
-8.63941e-08
-2.41574e-06
2.94692e-07
5.24286e-07
1.2814e-06
-5.00534e-07
3.46954e-07
-1.56001e-06
1.4787e-06
-3.11955e-06
2.90582e-06
-5.08148e-06
4.38669e-06
-7.1854e-06
5.56102e-06
-9.12342e-06
6.11099e-06
-1.06933e-05
5.92422e-06
-1.18525e-05
5.11381e-06
-1.26291e-05
3.8528e-06
-1.30578e-05
2.27554e-06
-1.31228e-05
4.16631e-07
-1.28833e-05
-1.44877e-06
-1.23005e-05
-3.39802e-06
-1.12726e-05
-5.35497e-06
-9.66885e-06
-7.08719e-06
-7.3647e-06
-8.17389e-06
-4.3988e-06
-7.90154e-06
-1.37807e-06
-5.43647e-06
1.20737e-07
-9.7452e-07
1.40214e-06
-8.61966e-07
1.20892e-06
-2.36177e-06
2.97851e-06
-4.2329e-06
4.77695e-06
-6.28031e-06
6.4341e-06
-8.22277e-06
7.50347e-06
-9.83754e-06
7.72577e-06
-1.1048e-05
7.13466e-06
-1.18806e-05
5.94644e-06
-1.23972e-05
4.36942e-06
-1.26704e-05
2.54875e-06
-1.2791e-05
5.37218e-07
-1.27454e-05
-1.49442e-06
-1.25247e-05
-3.6187e-06
-1.20501e-05
-5.82957e-06
-1.11354e-05
-8.00192e-06
-9.49259e-06
-9.81667e-06
-6.8223e-06
-1.05718e-05
-3.22303e-06
-9.03574e-06
-2.61167e-07
-3.93638e-06
1.14097e-06
-1.08713e-06
2.29605e-06
-2.78472e-06
4.6761e-06
-4.67858e-06
6.67081e-06
-6.53671e-06
8.29223e-06
-8.13475e-06
9.10151e-06
-9.3417e-06
8.93272e-06
-1.01536e-05
7.94652e-06
-1.06354e-05
6.42833e-06
-1.08775e-05
4.61153e-06
-1.09795e-05
2.65074e-06
-1.10627e-05
6.20428e-07
-1.11133e-05
-1.44388e-06
-1.11474e-05
-3.58458e-06
-1.11362e-05
-5.84074e-06
-1.09265e-05
-8.21166e-06
-1.01912e-05
-1.05519e-05
-8.43614e-06
-1.23269e-05
-5.24509e-06
-1.22268e-05
-1.15868e-06
-8.0228e-06
-1.77043e-08
-1.11126e-06
3.40731e-06
-2.75942e-06
6.32426e-06
-4.45746e-06
8.36885e-06
-5.99356e-06
9.82833e-06
-7.20762e-06
1.03156e-05
-8.03732e-06
9.76242e-06
-8.52045e-06
8.42964e-06
-8.74398e-06
6.65186e-06
-8.81136e-06
4.67891e-06
-8.81929e-06
2.65867e-06
-8.84985e-06
6.50984e-07
-8.92119e-06
-1.37254e-06
-9.05328e-06
-3.4525e-06
-9.25778e-06
-5.63623e-06
-9.47874e-06
-7.99071e-06
-9.4854e-06
-1.05453e-05
-8.75909e-06
-1.30532e-05
-6.5413e-06
-1.44446e-05
-2.42498e-06
-1.21391e-05
-2.44269e-06
-9.3664e-07
4.34395e-06
-2.34902e-06
7.73664e-06
-3.73701e-06
9.75684e-06
-4.9171e-06
1.10084e-05
-5.78833e-06
1.11868e-05
-6.33395e-06
1.0308e-05
-6.61114e-06
8.70683e-06
-6.71091e-06
6.75163e-06
-6.72907e-06
4.69707e-06
-6.7383e-06
2.66791e-06
-6.77393e-06
6.86618e-07
-6.85274e-06
-1.29374e-06
-6.99564e-06
-3.3096e-06
-7.23328e-06
-5.39859e-06
-7.58328e-06
-7.64071e-06
-7.95567e-06
-1.01729e-05
-7.94143e-06
-1.30675e-05
-6.7226e-06
-1.56634e-05
-3.58987e-06
-1.52718e-05
-6.03256e-06
-6.26071e-07
4.97002e-06
-1.68977e-06
8.80034e-06
-2.72404e-06
1.07911e-05
-3.56426e-06
1.18486e-05
-4.15494e-06
1.17775e-05
-4.50628e-06
1.06594e-05
-4.67721e-06
8.87776e-06
-4.74605e-06
6.82046e-06
-4.78489e-06
4.73592e-06
-4.83693e-06
2.71995e-06
-4.91198e-06
7.61666e-07
-5.01619e-06
-1.18953e-06
-5.1593e-06
-3.16648e-06
-5.36984e-06
-5.18805e-06
-5.70299e-06
-7.30756e-06
-6.17294e-06
-9.70291e-06
-6.56304e-06
-1.26774e-05
-6.13295e-06
-1.60935e-05
-3.92712e-06
-1.74777e-05
-9.95968e-06
-2.33277e-07
5.2033e-06
-8.95039e-07
9.4621e-06
-1.56761e-06
1.14637e-05
-2.09816e-06
1.23792e-05
-2.45906e-06
1.21384e-05
-2.67462e-06
1.08749e-05
-2.79302e-06
8.99616e-06
-2.86748e-06
6.89492e-06
-2.94242e-06
4.81086e-06
-3.03967e-06
2.8172e-06
-3.16191e-06
8.8391e-07
-3.30863e-06
-1.04281e-06
-3.47984e-06
-2.99528e-06
-3.68759e-06
-4.98031e-06
-3.98219e-06
-7.01296e-06
-4.44612e-06
-9.23898e-06
-5.02807e-06
-1.20954e-05
-5.12737e-06
-1.59942e-05
-3.56076e-06
-1.90443e-05
-1.35204e-05
1.63764e-07
5.03953e-06
-7.04627e-08
9.69633e-06
-4.03942e-07
1.17972e-05
-6.55482e-07
1.26307e-05
-8.11023e-07
1.22939e-05
-9.01704e-07
1.09656e-05
-9.66881e-07
9.06134e-06
-1.0384e-06
6.96644e-06
-1.13281e-06
4.90527e-06
-1.25785e-06
2.94224e-06
-1.41611e-06
1.04217e-06
-1.60971e-06
-8.4921e-07
-1.83706e-06
-2.76792e-06
-2.09579e-06
-4.72158e-06
-2.41303e-06
-6.69571e-06
-2.88016e-06
-8.77185e-06
-3.56276e-06
-1.14128e-05
-4.02716e-06
-1.55298e-05
-3.02687e-06
-2.00446e-05
-1.65473e-05
5.02488e-07
4.53705e-06
7.00729e-07
9.49809e-06
7.44129e-07
1.17538e-05
7.7988e-07
1.2595e-05
8.24842e-07
1.2249e-05
8.53714e-07
1.09367e-05
8.46865e-07
9.06819e-06
7.96111e-07
7.0172e-06
7.02245e-07
4.99913e-06
5.66956e-07
3.07753e-06
3.85006e-07
1.22412e-06
1.50203e-07
-6.14407e-07
-1.38987e-07
-2.47873e-06
-4.89203e-07
-4.37137e-06
-9.0395e-07
-6.28097e-06
-1.42657e-06
-8.24923e-06
-2.20456e-06
-1.06348e-05
-2.95402e-06
-1.47803e-05
-2.46097e-06
-2.05376e-05
-1.90083e-05
7.598e-07
3.77725e-06
1.3596e-06
8.89829e-06
1.7541e-06
1.13593e-05
2.08517e-06
1.22639e-05
2.35973e-06
1.19744e-05
2.54764e-06
1.07488e-05
2.64085e-06
8.97498e-06
2.65006e-06
7.00799e-06
2.58921e-06
5.05998e-06
2.46462e-06
3.20212e-06
2.26863e-06
1.42011e-06
1.98713e-06
-3.32913e-07
1.62083e-06
-2.11242e-06
1.16483e-06
-3.91537e-06
6.14932e-07
-5.73107e-06
-7.99414e-08
-7.55436e-06
-9.53689e-07
-9.76108e-06
-1.91682e-06
-1.38172e-05
-1.92414e-06
-2.05303e-05
-2.09324e-05
8.75563e-07
2.90168e-06
1.81908e-06
7.95477e-06
2.56416e-06
1.06142e-05
3.20826e-06
1.16198e-05
3.75887e-06
1.14238e-05
4.1728e-06
1.03349e-05
4.43424e-06
8.71354e-06
4.55715e-06
6.88509e-06
4.56429e-06
5.05284e-06
4.47062e-06
3.29578e-06
4.2739e-06
1.61684e-06
3.94144e-06
-4.52131e-10
3.49407e-06
-1.66505e-06
2.90616e-06
-3.32746e-06
2.17901e-06
-5.00392e-06
1.33184e-06
-6.70719e-06
2.74355e-07
-8.70359e-06
-9.53135e-07
-1.25897e-05
-1.42488e-06
-2.00586e-05
-2.23573e-05
8.11444e-07
2.09024e-06
1.96506e-06
6.80116e-06
3.01273e-06
9.5665e-06
3.99082e-06
1.06417e-05
4.87242e-06
1.05422e-05
5.59155e-06
9.61576e-06
6.10911e-06
8.19598e-06
6.42803e-06
6.56616e-06
6.56901e-06
4.91186e-06
6.54984e-06
3.31496e-06
6.36861e-06
1.79807e-06
6.02262e-06
3.45531e-07
5.47881e-06
-1.12124e-06
4.74471e-06
-2.59336e-06
3.81251e-06
-4.07173e-06
2.7113e-06
-5.60598e-06
1.40175e-06
-7.39403e-06
-1.48908e-07
-1.1039e-05
-9.09025e-07
-1.92984e-05
-2.32663e-05
5.81462e-07
1.50878e-06
1.7703e-06
5.61233e-06
3.11549e-06
8.22131e-06
4.47321e-06
9.284e-06
5.74597e-06
9.26945e-06
6.83516e-06
8.52657e-06
7.67537e-06
7.35577e-06
8.25389e-06
5.98764e-06
8.58296e-06
4.58279e-06
8.67913e-06
3.21879e-06
8.54898e-06
1.92821e-06
8.18961e-06
7.04901e-07
7.55687e-06
-4.88489e-07
6.66822e-06
-1.70471e-06
5.51107e-06
-2.91457e-06
4.12646e-06
-4.22137e-06
2.58854e-06
-5.85611e-06
9.69107e-07
-9.41962e-06
-1.38908e-07
-1.81904e-05
-2.34052e-05
1.54337e-07
1.35444e-06
1.04871e-06
4.71796e-06
2.53355e-06
6.73646e-06
4.26368e-06
7.55387e-06
5.9937e-06
7.53943e-06
7.53586e-06
6.98441e-06
8.78745e-06
6.10418e-06
9.71863e-06
5.05646e-06
1.03244e-05
3.97702e-06
1.06161e-05
2.92714e-06
1.05995e-05
1.9448e-06
1.02801e-05
1.02424e-06
9.61163e-06
1.80008e-07
8.61666e-06
-7.09735e-07
7.28492e-06
-1.58283e-06
5.66866e-06
-2.60511e-06
3.92914e-06
-4.11659e-06
2.25072e-06
-7.7412e-06
6.56937e-07
-1.65966e-05
-2.27483e-05
-5.19155e-07
1.8736e-06
2.03732e-07
3.99507e-06
1.76792e-06
5.17227e-06
3.84153e-06
5.48027e-06
6.00729e-06
5.37366e-06
7.97817e-06
5.01354e-06
9.61753e-06
4.46482e-06
1.08837e-05
3.79024e-06
1.17593e-05
3.1015e-06
1.22601e-05
2.42627e-06
1.23898e-05
1.81517e-06
1.21678e-05
1.24616e-06
1.16186e-05
7.29207e-07
1.07124e-05
1.9654e-07
9.45379e-06
-3.24251e-07
7.91673e-06
-1.06806e-06
6.2871e-06
-2.48696e-06
4.46683e-06
-5.92094e-06
2.05977e-06
-1.41896e-05
-2.06885e-05
-4.18158e-06
6.05518e-06
-3.64416e-06
3.45765e-06
-1.2438e-06
2.77191e-06
1.56269e-06
2.67378e-06
4.3113e-06
2.62505e-06
6.85494e-06
2.46989e-06
9.0799e-06
2.23986e-06
1.09256e-05
1.94449e-06
1.23736e-05
1.65358e-06
1.34506e-05
1.34927e-06
1.41736e-05
1.0921e-06
1.45876e-05
8.32245e-07
1.46799e-05
6.36885e-07
1.44595e-05
4.16887e-07
1.39226e-05
2.12643e-07
1.30851e-05
-2.30501e-07
1.19347e-05
-1.3366e-06
1.01167e-05
-4.10292e-06
5.63959e-06
-9.71247e-06
-1.50489e-05
6.05518e-06
9.51283e-06
1.22847e-05
1.49585e-05
1.75836e-05
2.00535e-05
2.22933e-05
2.42378e-05
2.58914e-05
2.72407e-05
2.83328e-05
2.9165e-05
2.98019e-05
3.02188e-05
3.04314e-05
3.02009e-05
2.88643e-05
2.47614e-05
1.50489e-05
)
;

boundaryField
{
    movingWall
    {
        type            calculated;
        value           uniform 0;
    }
    fixedWalls
    {
        type            calculated;
        value           uniform 0;
    }
    frontAndBack
    {
        type            empty;
        value           nonuniform List<scalar> 0();
    }
}


// ************************************************************************* //
