/*--------------------------------*- C++ -*----------------------------------*\
| =========                 |                                                 |
| \\      /  F ield         | OpenFOAM: The Open Source CFD Toolbox           |
|  \\    /   O peration     | Version:  2212                                  |
|   \\  /    A nd           | Website:  www.openfoam.com                      |
|    \\/     M anipulation  |                                                 |
\*---------------------------------------------------------------------------*/
FoamFile
{
    version     2.0;
    format      ascii;
    arch        "LSB;label=32;scalar=64";
    class       volVectorField;
    location    "11.2";
    object      U;
}
// * * * * * * * * * * * * * * * * * * * * * * * * * * * * * * * * * * * * * //

dimensions      [0 1 -1 0 0 0 0];

internalField   nonuniform List<vector> 
400
(
(0.00168179 -0.0016838 0)
(0.00483873 -0.00189228 0)
(0.00659124 -0.00120074 0)
(0.00567493 -0.000575138 0)
(0.00157231 0.000183973 0)
(-0.00682914 0.00173939 0)
(-0.0206084 0.00478643 0)
(-0.0395418 0.00873624 0)
(-0.0608123 0.0112929 0)
(-0.0791391 0.0105126 0)
(-0.0898143 0.0067745 0)
(-0.0904646 0.00166886 0)
(-0.0802269 -0.00361669 0)
(-0.0599941 -0.00827519 0)
(-0.0335205 -0.0108473 0)
(-0.00529194 -0.00979538 0)
(0.0167247 -0.00477296 0)
(0.0244714 0.00277705 0)
(0.016179 0.00647243 0)
(0.00431659 0.00471723 0)
(0.00172054 -0.00506532 0)
(0.00316281 -0.00403259 0)
(-0.000416886 0.000587712 0)
(-0.0113298 0.00644175 0)
(-0.0314263 0.0140503 0)
(-0.0611509 0.0237745 0)
(-0.0968487 0.0330626 0)
(-0.131463 0.0370937 0)
(-0.158976 0.0335182 0)
(-0.176108 0.0234016 0)
(-0.181455 0.0091091 0)
(-0.175083 -0.00699066 0)
(-0.157564 -0.0231752 0)
(-0.129653 -0.0369153 0)
(-0.0936156 -0.0445669 0)
(-0.0521944 -0.0418396 0)
(-0.0113994 -0.0263343 0)
(0.0168905 -0.00127856 0)
(0.0178727 0.0162245 0)
(0.00554231 0.0148204 0)
(-0.000239532 -0.00578072 0)
(-0.00538109 0.000801498 0)
(-0.0196096 0.0142995 0)
(-0.044505 0.0312369 0)
(-0.0803436 0.0494474 0)
(-0.122209 0.0643231 0)
(-0.162356 0.0705493 0)
(-0.19528 0.066031 0)
(-0.218874 0.0521925 0)
(-0.232542 0.0315343 0)
(-0.236298 0.00641581 0)
(-0.230812 -0.021115 0)
(-0.216397 -0.0488755 0)
(-0.19255 -0.07323 0)
(-0.159011 -0.0890298 0)
(-0.115745 -0.0892321 0)
(-0.0645642 -0.0670301 0)
(-0.013821 -0.022664 0)
(0.0094818 0.0179196 0)
(0.00415547 0.0235808 0)
(-0.00347202 0.000452901 0)
(-0.0175154 0.0172406 0)
(-0.0435181 0.0415024 0)
(-0.0796863 0.0681982 0)
(-0.122966 0.0911657 0)
(-0.165862 0.103854 0)
(-0.201936 0.102908 0)
(-0.229261 0.0896754 0)
(-0.248101 0.0673284 0)
(-0.259056 0.0385804 0)
(-0.262964 0.00531651 0)
(-0.260631 -0.0311197 0)
(-0.251997 -0.0684592 0)
(-0.236017 -0.103749 0)
(-0.210704 -0.131497 0)
(-0.173355 -0.142896 0)
(-0.121407 -0.125769 0)
(-0.056846 -0.0708538 0)
(-0.000986728 0.00356748 0)
(0.00474231 0.0282416 0)
(-0.00666311 0.014783 0)
(-0.0287317 0.044113 0)
(-0.0632945 0.0770999 0)
(-0.10447 0.108929 0)
(-0.147293 0.131219 0)
(-0.184596 0.138207 0)
(-0.212938 0.129513 0)
(-0.232723 0.108754 0)
(-0.245242 0.0798018 0)
(-0.252219 0.045449 0)
(-0.255338 0.00723944 0)
(-0.255519 -0.034001 0)
(-0.252539 -0.0770888 0)
(-0.245856 -0.120694 0)
(-0.232659 -0.160832 0)
(-0.208334 -0.189042 0)
(-0.166829 -0.18999 0)
(-0.103454 -0.142885 0)
(-0.0221828 -0.0388533 0)
(0.00738224 0.0271025 0)
(-0.00851164 0.0348754 0)
(-0.0351808 0.0766448 0)
(-0.0731004 0.114964 0)
(-0.113277 0.147717 0)
(-0.150544 0.166052 0)
(-0.17941 0.165988 0)
(-0.198938 0.149776 0)
(-0.210686 0.122515 0)
(-0.216637 0.0885517 0)
(-0.21927 0.050873 0)
(-0.220539 0.0109546 0)
(-0.22144 -0.0307612 0)
(-0.222171 -0.074727 0)
(-0.222843 -0.1213 0)
(-0.221269 -0.169247 0)
(-0.212364 -0.21308 0)
(-0.188043 -0.238608 0)
(-0.139699 -0.218556 0)
(-0.0628538 -0.118948 0)
(0.00584967 0.0142043 0)
(-0.00829404 0.0570104 0)
(-0.0353469 0.110022 0)
(-0.071847 0.150513 0)
(-0.107093 0.181209 0)
(-0.136732 0.193904 0)
(-0.157142 0.186509 0)
(-0.169055 0.163344 0)
(-0.174595 0.130557 0)
(-0.176171 0.0929093 0)
(-0.176271 0.0534132 0)
(-0.176385 0.013314 0)
(-0.177186 -0.0273144 0)
(-0.179217 -0.0695847 0)
(-0.183024 -0.114739 0)
(-0.18797 -0.163874 0)
(-0.190439 -0.215843 0)
(-0.182549 -0.261694 0)
(-0.154297 -0.27521 0)
(-0.0994126 -0.20593 0)
(-0.00890855 -0.0146249 0)
(-0.0061369 0.0776097 0)
(-0.0297984 0.140578 0)
(-0.0614391 0.181255 0)
(-0.0899148 0.208374 0)
(-0.111928 0.214965 0)
(-0.125469 0.200638 0)
(-0.132161 0.171404 0)
(-0.134316 0.134239 0)
(-0.13438 0.0941219 0)
(-0.134282 0.0537549 0)
(-0.134689 0.0138632 0)
(-0.135783 -0.0258932 0)
(-0.138014 -0.0664926 0)
(-0.142076 -0.109113 0)
(-0.148587 -0.155703 0)
(-0.156249 -0.208618 0)
(-0.159103 -0.265943 0)
(-0.146772 -0.308176 0)
(-0.112271 -0.277245 0)
(-0.0309701 -0.0753457 0)
(-0.00273096 0.0936324 0)
(-0.0204242 0.165674 0)
(-0.0451647 0.205651 0)
(-0.0663647 0.228647 0)
(-0.0816372 0.22961 0)
(-0.0901308 0.209623 0)
(-0.0937656 0.175869 0)
(-0.0946801 0.13583 0)
(-0.0949598 0.0944819 0)
(-0.0957569 0.0540368 0)
(-0.0971077 0.0145942 0)
(-0.0989178 -0.0245895 0)
(-0.101354 -0.064244 0)
(-0.104919 -0.105019 0)
(-0.110764 -0.148502 0)
(-0.119622 -0.198623 0)
(-0.128373 -0.25985 0)
(-0.126543 -0.32351 0)
(-0.107495 -0.334813 0)
(-0.0373552 -0.163465 0)
(0.00121931 0.102781 0)
(-0.00894652 0.18352 0)
(-0.0256531 0.223209 0)
(-0.0396556 0.242834 0)
(-0.0491378 0.239601 0)
(-0.0540128 0.215627 0)
(-0.0559843 0.17887 0)
(-0.0566989 0.137171 0)
(-0.0576613 0.0954143 0)
(-0.0594045 0.0552771 0)
(-0.0616981 0.0163108 0)
(-0.0643987 -0.0224959 0)
(-0.0674973 -0.0617487 0)
(-0.0711721 -0.101646 0)
(-0.0763551 -0.142855 0)
(-0.084616 -0.188999 0)
(-0.0960819 -0.248419 0)
(-0.100663 -0.324379 0)
(-0.0951827 -0.372282 0)
(-0.0309264 -0.242621 0)
(0.00511921 0.103948 0)
(0.00295741 0.193122 0)
(-0.00539188 0.233707 0)
(-0.0125104 0.250869 0)
(-0.0169026 0.244786 0)
(-0.0187906 0.218568 0)
(-0.0194798 0.180506 0)
(-0.020009 0.138429 0)
(-0.0213079 0.0969697 0)
(-0.0235443 0.0574282 0)
(-0.0264334 0.0190831 0)
(-0.0299171 -0.0191705 0)
(-0.0340117 -0.0579869 0)
(-0.0386555 -0.0974166 0)
(-0.0443939 -0.137376 0)
(-0.0524533 -0.180248 0)
(-0.0657693 -0.23572 0)
(-0.0742267 -0.318159 0)
(-0.0812035 -0.396788 0)
(-0.0229435 -0.307182 0)
(0.0084592 0.0974738 0)
(0.0142232 0.194116 0)
(0.0141061 0.23723 0)
(0.0137116 0.253651 0)
(0.0143346 0.246572 0)
(0.0155317 0.219865 0)
(0.0163915 0.181815 0)
(0.0164453 0.140099 0)
(0.0153075 0.0991576 0)
(0.0130306 0.0602284 0)
(0.0098628 0.0226275 0)
(0.00575439 -0.0147542 0)
(0.000562281 -0.0527013 0)
(-0.0055638 -0.0913094 0)
(-0.0130322 -0.130207 0)
(-0.0219794 -0.170389 0)
(-0.0377199 -0.220766 0)
(-0.0487298 -0.30452 0)
(-0.0679046 -0.408531 0)
(-0.0144592 -0.360065 0)
(0.0103312 0.0844929 0)
(0.0234231 0.18652 0)
(0.0310881 0.233354 0)
(0.0370189 0.250196 0)
(0.0426819 0.243358 0)
(0.0476378 0.217573 0)
(0.0510761 0.180809 0)
(0.0527528 0.140402 0)
(0.0526223 0.100638 0)
(0.0508938 0.0628261 0)
(0.0477845 0.0264582 0)
(0.0431764 -0.00952202 0)
(0.0369021 -0.0460054 0)
(0.0290857 -0.0831462 0)
(0.0189291 -0.120576 0)
(0.007602 -0.158521 0)
(-0.011814 -0.204479 0)
(-0.0242361 -0.286522 0)
(-0.0558426 -0.411037 0)
(-0.00613708 -0.401912 0)
(0.00987993 0.0672391 0)
(0.0290354 0.170708 0)
(0.0443641 0.222261 0)
(0.0569091 0.241361 0)
(0.0682053 0.236435 0)
(0.0778949 0.213073 0)
(0.0851186 0.178779 0)
(0.0895758 0.140437 0)
(0.0913427 0.102274 0)
(0.0907191 0.0658341 0)
(0.0880346 0.0309807 0)
(0.0829853 -0.00330326 0)
(0.0754698 -0.0375513 0)
(0.0657761 -0.0723382 0)
(0.0525217 -0.107468 0)
(0.0375856 -0.14282 0)
(0.0131404 -0.184306 0)
(8.67416e-05 -0.263283 0)
(-0.0447943 -0.406736 0)
(0.00276664 -0.436287 0)
(0.00693113 0.0493983 0)
(0.0293707 0.148982 0)
(0.0511237 0.203668 0)
(0.0700063 0.224591 0)
(0.0874864 0.221735 0)
(0.103185 0.201577 0)
(0.115859 0.170981 0)
(0.124827 0.136089 0)
(0.130002 0.100889 0)
(0.131625 0.0670568 0)
(0.129962 0.0348446 0)
(0.125039 0.00342793 0)
(0.116406 -0.0274734 0)
(0.104672 -0.058717 0)
(0.0875742 -0.0903448 0)
(0.06838 -0.122966 0)
(0.0383103 -0.160886 0)
(0.0238683 -0.237181 0)
(-0.0344355 -0.398981 0)
(0.0134766 -0.464442 0)
(0.00238759 0.0346257 0)
(0.0236461 0.123909 0)
(0.0509694 0.17997 0)
(0.0767073 0.202973 0)
(0.101378 0.202665 0)
(0.124267 0.186263 0)
(0.143726 0.160206 0)
(0.158539 0.129773 0)
(0.168289 0.0985772 0)
(0.173182 0.0683078 0)
(0.173158 0.0395617 0)
(0.16893 0.0119335 0)
(0.159093 -0.0149186 0)
(0.145357 -0.0417281 0)
(0.124048 -0.0687747 0)
(0.100502 -0.0975794 0)
(0.0646399 -0.132735 0)
(0.0470163 -0.207475 0)
(-0.0226995 -0.387094 0)
(0.0285353 -0.485566 0)
(-0.00342644 0.0286112 0)
(0.0100755 0.101504 0)
(0.0371211 0.14871 0)
(0.0689928 0.169481 0)
(0.101894 0.170704 0)
(0.13362 0.158413 0)
(0.161625 0.137976 0)
(0.184176 0.113571 0)
(0.20023 0.0882805 0)
(0.210158 0.0636353 0)
(0.213085 0.0403806 0)
(0.210832 0.0183992 0)
(0.200565 -0.00268372 0)
(0.18593 -0.0233244 0)
(0.16111 -0.0439935 0)
(0.134484 -0.0677573 0)
(0.0929445 -0.101709 0)
(0.0698844 -0.180026 0)
(-0.00436304 -0.370059 0)
(0.0521635 -0.491644 0)
(-0.0140132 0.0185151 0)
(-0.0075162 0.0881756 0)
(0.0192242 0.1242 0)
(0.0564641 0.13733 0)
(0.0976256 0.136924 0)
(0.138016 0.127742 0)
(0.174276 0.113084 0)
(0.204129 0.0953041 0)
(0.226029 0.0768291 0)
(0.241127 0.0586774 0)
(0.247163 0.0418017 0)
(0.24808 0.0261046 0)
(0.238739 0.0117379 0)
(0.226919 -0.00205557 0)
(0.201914 -0.0160977 0)
(0.177923 -0.0350348 0)
(0.133567 -0.0678131 0)
(0.107847 -0.146007 0)
(0.0374754 -0.32612 0)
(0.0923687 -0.455871 0)
(-0.106021 0.0824164 0)
(-0.0777609 0.0689895 0)
(-0.0485677 0.0733714 0)
(0.00378442 0.0778932 0)
(0.0573047 0.0782284 0)
(0.110042 0.0739647 0)
(0.157217 0.0666293 0)
(0.199585 0.0572239 0)
(0.2317 0.0475468 0)
(0.259855 0.0378889 0)
(0.275584 0.02922 0)
(0.29074 0.0212324 0)
(0.29109 0.0144735 0)
(0.295198 0.00808915 0)
(0.278891 0.00112018 0)
(0.271672 -0.0100172 0)
(0.232356 -0.0355716 0)
(0.218146 -0.0954206 0)
(0.150209 -0.229723 0)
(0.170672 -0.341455 0)
(0.129968 0.103744 0)
(0.158319 0.0752269 0)
(0.212163 0.0532266 0)
(0.270671 0.0416219 0)
(0.323248 0.0359126 0)
(0.375692 0.0319484 0)
(0.42029 0.0289164 0)
(0.465611 0.025581 0)
(0.498709 0.0229029 0)
(0.533961 0.0197104 0)
(0.5534 0.0175473 0)
(0.57921 0.0146093 0)
(0.585347 0.0131643 0)
(0.603685 0.0103452 0)
(0.595104 0.00938275 0)
(0.603603 0.00499912 0)
(0.567792 8.86806e-05 0)
(0.547612 -0.0183162 0)
(0.435689 -0.0504144 0)
(0.336753 -0.101385 0)
)
;

boundaryField
{
    movingWall
    {
        type            fixedValue;
        value           uniform (1 0 0);
    }
    fixedWalls
    {
        type            noSlip;
    }
    frontAndBack
    {
        type            empty;
    }
}


// ************************************************************************* //
