/*--------------------------------*- C++ -*----------------------------------*\
| =========                 |                                                 |
| \\      /  F ield         | OpenFOAM: The Open Source CFD Toolbox           |
|  \\    /   O peration     | Version:  2212                                  |
|   \\  /    A nd           | Website:  www.openfoam.com                      |
|    \\/     M anipulation  |                                                 |
\*---------------------------------------------------------------------------*/
FoamFile
{
    version     2.0;
    format      ascii;
    arch        "LSB;label=32;scalar=64";
    class       surfaceScalarField;
    location    "10.9";
    object      phi;
}
// * * * * * * * * * * * * * * * * * * * * * * * * * * * * * * * * * * * * * //

dimensions      [0 3 -1 0 0 0 0];

oriented        oriented;

internalField   nonuniform List<scalar> 
760
(
1.56079e-07
-1.56132e-07
2.93628e-07
-1.37548e-07
3.09992e-07
-1.63647e-08
1.83683e-07
1.26309e-07
-1.20306e-07
3.03989e-07
-6.65927e-07
5.45621e-07
-1.48527e-06
8.19345e-07
-2.49086e-06
1.00559e-06
-3.48035e-06
9.89484e-07
-4.22034e-06
7.39995e-07
-4.54397e-06
3.23627e-07
-4.35365e-06
-1.90324e-07
-3.59375e-06
-7.59892e-07
-2.37898e-06
-1.21477e-06
-9.40013e-07
-1.43897e-06
3.47755e-07
-1.28777e-06
1.08994e-06
-7.42187e-07
1.03308e-06
5.68595e-08
4.60997e-07
5.72085e-07
4.60996e-07
1.25047e-07
-2.81179e-07
7.46084e-08
-8.71098e-08
-2.97026e-07
3.5527e-07
-1.07891e-06
9.08193e-07
-2.31594e-06
1.54102e-06
-3.92742e-06
2.1571e-06
-5.66233e-06
2.55425e-06
-7.20706e-06
2.55032e-06
-8.33696e-06
2.11939e-06
-8.9423e-06
1.34534e-06
-8.97622e-06
3.57548e-07
-8.41622e-06
-7.50329e-07
-7.29364e-06
-1.88247e-06
-5.64204e-06
-2.86637e-06
-3.60582e-06
-3.47519e-06
-1.49023e-06
-3.40335e-06
1.78732e-07
-2.41115e-06
8.58991e-07
-6.23398e-07
5.2571e-07
9.05367e-07
9.86706e-07
-1.27601e-07
-1.53578e-07
-6.33934e-07
4.19223e-07
-1.62494e-06
1.34628e-06
-3.1415e-06
2.42475e-06
-5.05757e-06
3.45709e-06
-7.07343e-06
4.17296e-06
-8.87353e-06
4.35434e-06
-1.02778e-05
3.95458e-06
-1.12346e-05
3.07617e-06
-1.17361e-05
1.84689e-06
-1.17302e-05
3.51591e-07
-1.12712e-05
-1.20925e-06
-1.03385e-05
-2.81518e-06
-8.87788e-06
-4.32703e-06
-6.86961e-06
-5.48346e-06
-4.40323e-06
-5.86973e-06
-1.87874e-06
-4.93564e-06
-8.63973e-08
-2.41574e-06
2.94692e-07
5.24279e-07
1.2814e-06
-5.00534e-07
3.46956e-07
-1.56001e-06
1.4787e-06
-3.11954e-06
2.90581e-06
-5.08147e-06
4.38668e-06
-7.18538e-06
5.561e-06
-9.1234e-06
6.11098e-06
-1.06933e-05
5.92421e-06
-1.18525e-05
5.1138e-06
-1.26291e-05
3.85279e-06
-1.30578e-05
2.27554e-06
-1.31228e-05
4.16636e-07
-1.28833e-05
-1.44876e-06
-1.23005e-05
-3.398e-06
-1.12725e-05
-5.35495e-06
-9.66883e-06
-7.08717e-06
-7.36468e-06
-8.17387e-06
-4.39879e-06
-7.90153e-06
-1.37807e-06
-5.43647e-06
1.20736e-07
-9.74526e-07
1.40213e-06
-8.61965e-07
1.20892e-06
-2.36177e-06
2.9785e-06
-4.23289e-06
4.77694e-06
-6.28029e-06
6.43408e-06
-8.22274e-06
7.50345e-06
-9.83751e-06
7.72574e-06
-1.10479e-05
7.13463e-06
-1.18806e-05
5.94643e-06
-1.23972e-05
4.36941e-06
-1.26704e-05
2.54875e-06
-1.2791e-05
5.37222e-07
-1.27453e-05
-1.49441e-06
-1.25247e-05
-3.61868e-06
-1.20501e-05
-5.82955e-06
-1.11353e-05
-8.00189e-06
-9.49257e-06
-9.81664e-06
-6.82228e-06
-1.05718e-05
-3.22302e-06
-9.03572e-06
-2.61168e-07
-3.93638e-06
1.14097e-06
-1.08713e-06
2.29605e-06
-2.78471e-06
4.67609e-06
-4.67857e-06
6.67079e-06
-6.53669e-06
8.2922e-06
-8.13472e-06
9.10149e-06
-9.34166e-06
8.93269e-06
-1.01535e-05
7.94649e-06
-1.06354e-05
6.42831e-06
-1.08775e-05
4.61151e-06
-1.09795e-05
2.65073e-06
-1.10627e-05
6.20431e-07
-1.11132e-05
-1.44387e-06
-1.11473e-05
-3.58456e-06
-1.11362e-05
-5.84071e-06
-1.09264e-05
-8.21163e-06
-1.01912e-05
-1.05519e-05
-8.43612e-06
-1.23269e-05
-5.24508e-06
-1.22268e-05
-1.15867e-06
-8.02279e-06
-1.77087e-08
-1.11125e-06
3.4073e-06
-2.75941e-06
6.32424e-06
-4.45744e-06
8.36883e-06
-5.99354e-06
9.8283e-06
-7.20759e-06
1.03155e-05
-8.03728e-06
9.76238e-06
-8.5204e-06
8.42961e-06
-8.74393e-06
6.65183e-06
-8.81131e-06
4.67889e-06
-8.81924e-06
2.65866e-06
-8.84979e-06
6.50986e-07
-8.92113e-06
-1.37253e-06
-9.05323e-06
-3.45247e-06
-9.25774e-06
-5.63619e-06
-9.4787e-06
-7.99067e-06
-9.48537e-06
-1.05452e-05
-8.75907e-06
-1.30532e-05
-6.54128e-06
-1.44445e-05
-2.42498e-06
-1.21391e-05
-2.44268e-06
-9.36635e-07
4.34394e-06
-2.34901e-06
7.73662e-06
-3.73699e-06
9.75681e-06
-4.91707e-06
1.10084e-05
-5.78831e-06
1.11868e-05
-6.33392e-06
1.0308e-05
-6.6111e-06
8.70679e-06
-6.71086e-06
6.75159e-06
-6.72901e-06
4.69704e-06
-6.73824e-06
2.66789e-06
-6.77387e-06
6.86617e-07
-6.85268e-06
-1.29372e-06
-6.99558e-06
-3.30956e-06
-7.23323e-06
-5.39855e-06
-7.58324e-06
-7.64066e-06
-7.95564e-06
-1.01728e-05
-7.94141e-06
-1.30674e-05
-6.72258e-06
-1.56634e-05
-3.58986e-06
-1.52718e-05
-6.03255e-06
-6.26067e-07
4.97001e-06
-1.68976e-06
8.80031e-06
-2.72403e-06
1.07911e-05
-3.56424e-06
1.18486e-05
-4.15492e-06
1.17774e-05
-4.50625e-06
1.06593e-05
-4.67717e-06
8.87771e-06
-4.746e-06
6.82042e-06
-4.78484e-06
4.73588e-06
-4.83688e-06
2.71993e-06
-4.91193e-06
7.61663e-07
-5.01613e-06
-1.18951e-06
-5.15925e-06
-3.16645e-06
-5.3698e-06
-5.188e-06
-5.70295e-06
-7.3075e-06
-6.17292e-06
-9.70285e-06
-6.56303e-06
-1.26773e-05
-6.13294e-06
-1.60935e-05
-3.92711e-06
-1.74776e-05
-9.95965e-06
-2.33274e-07
5.20328e-06
-8.95033e-07
9.46207e-06
-1.5676e-06
1.14636e-05
-2.09815e-06
1.23791e-05
-2.45905e-06
1.21383e-05
-2.67459e-06
1.08749e-05
-2.79299e-06
8.99611e-06
-2.86745e-06
6.89487e-06
-2.94239e-06
4.81082e-06
-3.03963e-06
2.81717e-06
-3.16187e-06
8.83904e-07
-3.30859e-06
-1.0428e-06
-3.4798e-06
-2.99524e-06
-3.68755e-06
-4.98025e-06
-3.98216e-06
-7.01289e-06
-4.44609e-06
-9.23891e-06
-5.02805e-06
-1.20954e-05
-5.12737e-06
-1.59941e-05
-3.56076e-06
-1.90443e-05
-1.35204e-05
1.63764e-07
5.03952e-06
-7.04602e-08
9.6963e-06
-4.03938e-07
1.17971e-05
-6.55477e-07
1.26307e-05
-8.11015e-07
1.22939e-05
-9.01693e-07
1.09655e-05
-9.66868e-07
9.06129e-06
-1.03839e-06
6.96639e-06
-1.13279e-06
4.90523e-06
-1.25783e-06
2.94221e-06
-1.41609e-06
1.04216e-06
-1.60969e-06
-8.49195e-07
-1.83704e-06
-2.76788e-06
-2.09576e-06
-4.72153e-06
-2.41301e-06
-6.69564e-06
-2.88015e-06
-8.77178e-06
-3.56276e-06
-1.14128e-05
-4.02715e-06
-1.55297e-05
-3.02687e-06
-2.00445e-05
-1.65473e-05
5.02486e-07
4.53703e-06
7.00726e-07
9.49806e-06
7.44127e-07
1.17537e-05
7.79878e-07
1.25949e-05
8.24839e-07
1.22489e-05
8.53711e-07
1.09367e-05
8.46862e-07
9.06814e-06
7.96108e-07
7.01715e-06
7.02242e-07
4.99909e-06
5.66953e-07
3.0775e-06
3.85003e-07
1.22411e-06
1.50203e-07
-6.14394e-07
-1.38985e-07
-2.47869e-06
-4.89199e-07
-4.37131e-06
-9.03944e-07
-6.2809e-06
-1.42656e-06
-8.24916e-06
-2.20456e-06
-1.06348e-05
-2.95402e-06
-1.47803e-05
-2.46097e-06
-2.05376e-05
-1.90082e-05
7.59795e-07
3.77724e-06
1.35959e-06
8.89826e-06
1.75409e-06
1.13592e-05
2.08516e-06
1.22639e-05
2.35971e-06
1.19744e-05
2.54763e-06
1.07488e-05
2.64083e-06
8.97493e-06
2.65004e-06
7.00794e-06
2.58919e-06
5.05994e-06
2.4646e-06
3.20209e-06
2.2686e-06
1.42011e-06
1.98711e-06
-3.32902e-07
1.62081e-06
-2.11239e-06
1.16482e-06
-3.91532e-06
6.14923e-07
-5.731e-06
-7.99475e-08
-7.55429e-06
-9.53695e-07
-9.76101e-06
-1.91683e-06
-1.38172e-05
-1.92414e-06
-2.05303e-05
-2.09324e-05
8.75557e-07
2.90168e-06
1.81906e-06
7.95475e-06
2.56414e-06
1.06141e-05
3.20824e-06
1.16198e-05
3.75885e-06
1.14238e-05
4.17277e-06
1.03348e-05
4.43421e-06
8.71349e-06
4.55711e-06
6.88505e-06
4.56425e-06
5.0528e-06
4.47058e-06
3.29576e-06
4.27386e-06
1.61683e-06
3.9414e-06
-4.44002e-10
3.49403e-06
-1.66502e-06
2.90613e-06
-3.32742e-06
2.17899e-06
-5.00387e-06
1.33183e-06
-6.70712e-06
2.74342e-07
-8.70352e-06
-9.53145e-07
-1.25897e-05
-1.42488e-06
-2.00585e-05
-2.23573e-05
8.11438e-07
2.09024e-06
1.96504e-06
6.80114e-06
3.01272e-06
9.56647e-06
3.9908e-06
1.06417e-05
4.87239e-06
1.05422e-05
5.59151e-06
9.61572e-06
6.10906e-06
8.19594e-06
6.42798e-06
6.56613e-06
6.56896e-06
4.91183e-06
6.54978e-06
3.31494e-06
6.36855e-06
1.79806e-06
6.02257e-06
3.45537e-07
5.47876e-06
-1.12121e-06
4.74466e-06
-2.59332e-06
3.81248e-06
-4.07168e-06
2.71128e-06
-5.60592e-06
1.40173e-06
-7.39398e-06
-1.48917e-07
-1.1039e-05
-9.09031e-07
-1.92984e-05
-2.32663e-05
5.81457e-07
1.50878e-06
1.77028e-06
5.61232e-06
3.11547e-06
8.22129e-06
4.47318e-06
9.28397e-06
5.74593e-06
9.26942e-06
6.83511e-06
8.52654e-06
7.67532e-06
7.35573e-06
8.25383e-06
5.98761e-06
8.5829e-06
4.58276e-06
8.67906e-06
3.21878e-06
8.54892e-06
1.92821e-06
8.18955e-06
7.04906e-07
7.55681e-06
-4.88472e-07
6.66817e-06
-1.70468e-06
5.51102e-06
-2.91454e-06
4.12643e-06
-4.22133e-06
2.58851e-06
-5.85607e-06
9.69091e-07
-9.41959e-06
-1.38916e-07
-1.81904e-05
-2.34052e-05
1.54334e-07
1.35445e-06
1.0487e-06
4.71796e-06
2.53353e-06
6.73645e-06
4.26365e-06
7.55385e-06
5.99367e-06
7.5394e-06
7.53582e-06
6.98439e-06
8.7874e-06
6.10415e-06
9.71857e-06
5.05644e-06
1.03243e-05
3.977e-06
1.0616e-05
2.92713e-06
1.05994e-05
1.94479e-06
1.02801e-05
1.02424e-06
9.61157e-06
1.8002e-07
8.6166e-06
-7.09714e-07
7.28487e-06
-1.58281e-06
5.66863e-06
-2.60509e-06
3.92912e-06
-4.11656e-06
2.25071e-06
-7.74118e-06
6.56932e-07
-1.65966e-05
-2.27483e-05
-5.19152e-07
1.8736e-06
2.03729e-07
3.99507e-06
1.76791e-06
5.17227e-06
3.8415e-06
5.48025e-06
6.00726e-06
5.37365e-06
7.97813e-06
5.01352e-06
9.61748e-06
4.4648e-06
1.08837e-05
3.79023e-06
1.17592e-05
3.10149e-06
1.22601e-05
2.42627e-06
1.23897e-05
1.81517e-06
1.21678e-05
1.24616e-06
1.16186e-05
7.29215e-07
1.07123e-05
1.96553e-07
9.45374e-06
-3.24237e-07
7.91669e-06
-1.06804e-06
6.28708e-06
-2.48694e-06
4.46682e-06
-5.92093e-06
2.05976e-06
-1.41896e-05
-2.06885e-05
-4.18158e-06
6.05518e-06
-3.64416e-06
3.45766e-06
-1.24381e-06
2.77191e-06
1.56268e-06
2.67377e-06
4.31128e-06
2.62504e-06
6.85491e-06
2.46989e-06
9.07986e-06
2.23986e-06
1.09256e-05
1.94449e-06
1.23735e-05
1.65358e-06
1.34505e-05
1.34927e-06
1.41736e-05
1.09209e-06
1.45875e-05
8.32246e-07
1.46798e-05
6.36888e-07
1.44595e-05
4.16891e-07
1.39226e-05
2.12648e-07
1.30851e-05
-2.30494e-07
1.19347e-05
-1.3366e-06
1.01167e-05
-4.10292e-06
5.63959e-06
-9.71247e-06
-1.50489e-05
6.05518e-06
9.51284e-06
1.22848e-05
1.49585e-05
1.75836e-05
2.00535e-05
2.22933e-05
2.42378e-05
2.58914e-05
2.72406e-05
2.83327e-05
2.9165e-05
2.98019e-05
3.02188e-05
3.04314e-05
3.02009e-05
2.88643e-05
2.47614e-05
1.50489e-05
)
;

boundaryField
{
    movingWall
    {
        type            calculated;
        value           uniform 0;
    }
    fixedWalls
    {
        type            calculated;
        value           uniform 0;
    }
    frontAndBack
    {
        type            empty;
        value           nonuniform List<scalar> 0();
    }
}


// ************************************************************************* //
