/*--------------------------------*- C++ -*----------------------------------*\
| =========                 |                                                 |
| \\      /  F ield         | OpenFOAM: The Open Source CFD Toolbox           |
|  \\    /   O peration     | Version:  2212                                  |
|   \\  /    A nd           | Website:  www.openfoam.com                      |
|    \\/     M anipulation  |                                                 |
\*---------------------------------------------------------------------------*/
FoamFile
{
    version     2.0;
    format      ascii;
    arch        "LSB;label=32;scalar=64";
    class       volScalarField;
    location    "10.9";
    object      T;
}
// * * * * * * * * * * * * * * * * * * * * * * * * * * * * * * * * * * * * * //

dimensions      [0 0 0 1 0 0 0];

internalField   nonuniform List<scalar> 
400
(
0.911283
0.913316
0.917449
0.923547
0.930614
0.936995
0.941495
0.94405
0.945392
0.946292
0.947103
0.947935
0.948817
0.949718
0.950493
0.950904
0.950563
0.949048
0.946576
0.944549
0.913915
0.9164
0.921376
0.928473
0.935925
0.941345
0.943952
0.944857
0.945184
0.945429
0.945895
0.946757
0.948072
0.949765
0.951484
0.952696
0.952577
0.950506
0.9473
0.94498
0.918025
0.921343
0.927493
0.934873
0.940643
0.943091
0.943087
0.942086
0.94081
0.939843
0.939694
0.940717
0.942925
0.946249
0.950078
0.953518
0.955067
0.953221
0.94863
0.945777
0.922046
0.926219
0.932906
0.938898
0.941517
0.940608
0.937756
0.934103
0.930477
0.927796
0.926752
0.927932
0.931189
0.936597
0.943414
0.950565
0.95606
0.95725
0.952123
0.947676
0.925145
0.92982
0.936018
0.939474
0.93849
0.934063
0.927849
0.92098
0.914694
0.910109
0.908038
0.909164
0.913304
0.920614
0.930436
0.941716
0.952457
0.959544
0.958451
0.951231
0.92721
0.931887
0.936782
0.937208
0.932573
0.924557
0.914836
0.904839
0.896127
0.889877
0.886911
0.887767
0.89243
0.90099
0.913028
0.927653
0.943143
0.956611
0.96322
0.956454
0.928395
0.932626
0.935766
0.933165
0.925168
0.913844
0.901008
0.888468
0.877961
0.870622
0.867127
0.867748
0.872572
0.881637
0.894799
0.911524
0.930435
0.948901
0.962653
0.963933
0.928946
0.932508
0.933897
0.928669
0.917803
0.903666
0.888347
0.873983
0.86236
0.854481
0.850788
0.851316
0.85608
0.865079
0.878367
0.895916
0.916999
0.939266
0.958335
0.967952
0.929064
0.931899
0.931758
0.924454
0.911377
0.895146
0.878098
0.862572
0.850321
0.842195
0.838425
0.838916
0.843574
0.852297
0.865128
0.882403
0.904363
0.929481
0.952779
0.966218
0.928905
0.931127
0.929943
0.921355
0.906861
0.889246
0.871071
0.854801
0.842138
0.833801
0.829886
0.830268
0.83481
0.843305
0.855591
0.872
0.89362
0.920441
0.947768
0.964913
0.928562
0.930342
0.928577
0.919394
0.904228
0.885982
0.867339
0.850754
0.837848
0.82926
0.825063
0.825171
0.829477
0.837728
0.849539
0.864922
0.885357
0.912611
0.943103
0.964079
0.928086
0.929638
0.927839
0.918906
0.903949
0.885838
0.867292
0.850702
0.837632
0.828737
0.824144
0.823816
0.827678
0.835486
0.84673
0.861024
0.879751
0.906428
0.939374
0.963624
0.927472
0.928977
0.92751
0.919433
0.905419
0.888171
0.870358
0.85425
0.841346
0.83233
0.827392
0.826538
0.829738
0.836768
0.847112
0.860155
0.876808
0.901898
0.936426
0.963576
0.926679
0.928318
0.927552
0.920997
0.908771
0.89321
0.876818
0.861704
0.849295
0.840328
0.835085
0.833572
0.83585
0.841698
0.850667
0.862055
0.876385
0.899263
0.934523
0.963856
0.925632
0.927511
0.927433
0.92253
0.912532
0.899304
0.885063
0.871677
0.860427
0.852017
0.846789
0.844734
0.845956
0.850282
0.85736
0.86671
0.878564
0.898489
0.933528
0.964475
0.924383
0.926578
0.927387
0.924393
0.917099
0.906822
0.895365
0.884285
0.874686
0.867202
0.862173
0.859647
0.859652
0.862148
0.866921
0.873743
0.882915
0.899288
0.933492
0.96545
0.923148
0.9253
0.926367
0.924729
0.91991
0.912758
0.904531
0.896377
0.889104
0.883211
0.878916
0.876343
0.875411
0.876216
0.878744
0.882963
0.889726
0.902992
0.935485
0.967108
0.922274
0.924796
0.926528
0.926024
0.923397
0.919147
0.914009
0.908684
0.903685
0.899393
0.895947
0.893509
0.892062
0.891698
0.892652
0.894825
0.899815
0.910037
0.939229
0.969198
0.910765
0.922401
0.922542
0.922316
0.920922
0.91899
0.916745
0.914645
0.912708
0.911283
0.910242
0.909781
0.909831
0.910352
0.911734
0.913494
0.917988
0.925807
0.947988
0.972781
0.937292
0.944902
0.948998
0.951478
0.952831
0.953695
0.95417
0.954645
0.954987
0.955496
0.955946
0.956607
0.95722
0.958042
0.958832
0.959922
0.961301
0.964199
0.969953
0.980119
)
;

boundaryField
{
    movingWall
    {
        type            fixedValue;
        value           uniform 1;
    }
    fixedWalls
    {
        type            zeroGradient;
    }
    frontAndBack
    {
        type            empty;
    }
}


// ************************************************************************* //
