/*--------------------------------*- C++ -*----------------------------------*\
| =========                 |                                                 |
| \\      /  F ield         | OpenFOAM: The Open Source CFD Toolbox           |
|  \\    /   O peration     | Version:  2212                                  |
|   \\  /    A nd           | Website:  www.openfoam.com                      |
|    \\/     M anipulation  |                                                 |
\*---------------------------------------------------------------------------*/
FoamFile
{
    version     2.0;
    format      ascii;
    arch        "LSB;label=32;scalar=64";
    class       volScalarField;
    location    "1.9";
    object      T;
}
// * * * * * * * * * * * * * * * * * * * * * * * * * * * * * * * * * * * * * //

dimensions      [0 0 0 1 0 0 0];

internalField   nonuniform List<scalar> 
400
(
0.0211165
0.0332355
0.0600312
0.105164
0.169829
0.248165
0.326044
0.387282
0.424496
0.443604
0.454277
0.460765
0.46365
0.461801
0.453587
0.435142
0.400553
0.34193
0.267523
0.213588
0.0313254
0.0502
0.0909031
0.156036
0.241715
0.331425
0.402388
0.445118
0.468793
0.484561
0.496691
0.506281
0.513281
0.515976
0.511373
0.493368
0.452961
0.38082
0.291099
0.230165
0.0506674
0.0827615
0.147505
0.238205
0.336393
0.416147
0.464234
0.489409
0.504972
0.516314
0.526012
0.536024
0.546892
0.557563
0.564296
0.55876
0.526396
0.448097
0.333204
0.260863
0.0761463
0.125449
0.215712
0.321529
0.412295
0.467974
0.492042
0.50047
0.502573
0.502649
0.50507
0.51263
0.526643
0.547156
0.571866
0.593077
0.594064
0.544328
0.416575
0.316483
0.103584
0.169913
0.27917
0.385258
0.455444
0.483476
0.484626
0.475111
0.462335
0.451974
0.448054
0.452707
0.467177
0.492677
0.529914
0.575557
0.617741
0.626437
0.543732
0.40193
0.128958
0.208575
0.327635
0.42353
0.469017
0.471953
0.454132
0.430871
0.409463
0.395117
0.389151
0.391694
0.403307
0.42611
0.463556
0.517752
0.585059
0.646789
0.650404
0.510894
0.149748
0.23748
0.35891
0.440714
0.463868
0.447749
0.417728
0.388567
0.367064
0.355798
0.352542
0.355045
0.362988
0.378889
0.407944
0.456577
0.528189
0.614986
0.684401
0.64019
0.165013
0.255972
0.375454
0.444322
0.450682
0.422254
0.386651
0.358246
0.342257
0.337615
0.338871
0.342192
0.34689
0.355378
0.373265
0.409826
0.474916
0.56858
0.669057
0.720079
0.174814
0.265188
0.38104
0.440788
0.4365
0.401397
0.364743
0.340441
0.331453
0.33316
0.337927
0.341629
0.344173
0.347717
0.356287
0.378872
0.431339
0.524222
0.638899
0.719187
0.179586
0.266718
0.378628
0.433934
0.424899
0.387222
0.351506
0.331397
0.327739
0.333238
0.339231
0.342214
0.343428
0.345415
0.350021
0.362286
0.399752
0.486256
0.613934
0.713029
0.179654
0.261775
0.370157
0.425689
0.416976
0.379467
0.344908
0.327147
0.32581
0.332299
0.33777
0.33934
0.339395
0.341416
0.346239
0.353949
0.378295
0.45393
0.589602
0.710413
0.175493
0.251749
0.356437
0.415726
0.41216
0.377426
0.343684
0.325772
0.323639
0.328993
0.333389
0.333988
0.333349
0.335727
0.342358
0.349895
0.365115
0.42916
0.570403
0.708648
0.166952
0.237464
0.338233
0.403627
0.409314
0.380112
0.347263
0.327194
0.321708
0.324277
0.327442
0.328014
0.327683
0.330577
0.33872
0.347745
0.357132
0.409152
0.5541
0.709469
0.153695
0.219144
0.314822
0.386682
0.405319
0.385853
0.356073
0.333646
0.32325
0.321389
0.322476
0.323282
0.324203
0.32816
0.337146
0.347395
0.353491
0.394903
0.542317
0.711624
0.136558
0.198173
0.288338
0.364903
0.397355
0.391189
0.368292
0.345995
0.331574
0.32494
0.323066
0.32342
0.325439
0.330364
0.339082
0.348916
0.352887
0.384838
0.534024
0.715863
0.118176
0.175103
0.258018
0.335679
0.380947
0.391353
0.38091
0.364157
0.349584
0.339999
0.33506
0.333634
0.334889
0.338884
0.345309
0.352424
0.354955
0.379145
0.530252
0.721813
0.103833
0.156488
0.231065
0.303436
0.353972
0.377848
0.382003
0.376203
0.367581
0.359926
0.354533
0.351536
0.350633
0.35149
0.353983
0.35705
0.360059
0.381153
0.53531
0.731987
0.0974287
0.140939
0.207737
0.271762
0.320998
0.351849
0.367458
0.372634
0.372239
0.369286
0.365865
0.362753
0.360887
0.359862
0.36138
0.363864
0.373293
0.399723
0.552463
0.745609
-0.0107509
0.147504
0.190694
0.234425
0.267714
0.293239
0.31168
0.325471
0.335601
0.344617
0.352567
0.360959
0.369927
0.379042
0.391429
0.402751
0.427076
0.467397
0.598814
0.768747
0.278956
0.367903
0.423399
0.46424
0.494994
0.520328
0.540879
0.559504
0.575206
0.590596
0.603841
0.617633
0.629501
0.642415
0.653461
0.666566
0.67874
0.702279
0.741142
0.821115
)
;

boundaryField
{
    movingWall
    {
        type            fixedValue;
        value           uniform 1;
    }
    fixedWalls
    {
        type            zeroGradient;
    }
    frontAndBack
    {
        type            empty;
    }
}


// ************************************************************************* //
