/*--------------------------------*- C++ -*----------------------------------*\
| =========                 |                                                 |
| \\      /  F ield         | OpenFOAM: The Open Source CFD Toolbox           |
|  \\    /   O peration     | Version:  2212                                  |
|   \\  /    A nd           | Website:  www.openfoam.com                      |
|    \\/     M anipulation  |                                                 |
\*---------------------------------------------------------------------------*/
FoamFile
{
    version     2.0;
    format      ascii;
    arch        "LSB;label=32;scalar=64";
    class       volScalarField;
    location    "5.7";
    object      p;
}
// * * * * * * * * * * * * * * * * * * * * * * * * * * * * * * * * * * * * * //

dimensions      [0 2 -2 0 0 0 0];

internalField   nonuniform List<scalar> 
400
(
-5.70849e-07
-0.000151446
-0.000534829
-0.00107116
-0.00173087
-0.002491
-0.00318101
-0.00359293
-0.00356054
-0.00292973
-0.0015456
0.000620079
0.00324874
0.00551423
0.00653839
0.00593465
0.00402011
0.00217091
0.00113227
0.00106257
0.000115349
-5.8812e-05
-0.000377116
-0.000763743
-0.00124308
-0.00188615
-0.0027026
-0.00353801
-0.00407313
-0.00393148
-0.00284092
-0.000821628
0.00169096
0.00396336
0.0051314
0.00475642
0.00312308
0.00139693
0.000615471
0.000705443
0.000534657
0.000263851
-7.77564e-05
-0.000559391
-0.00134571
-0.00257645
-0.00421108
-0.00597128
-0.00738646
-0.00792648
-0.00724814
-0.00544844
-0.00288065
-0.000184568
0.00180377
0.00244414
0.00173016
0.000525622
-0.000372362
-0.000370367
0.0011484
0.000738502
0.000190442
-0.00077413
-0.00244646
-0.0049268
-0.00797598
-0.0110928
-0.0136687
-0.0151386
-0.0151686
-0.0138044
-0.0112626
-0.00800247
-0.00472846
-0.0021868
-0.000847141
-0.000682592
-0.00126472
-0.00189467
0.00157666
0.00096861
-2.50991e-05
-0.00192098
-0.00499482
-0.00915627
-0.0138761
-0.0184286
-0.0221538
-0.0245834
-0.0254571
-0.0246545
-0.0223021
-0.018691
-0.014261
-0.00961991
-0.00556256
-0.00292372
-0.00217016
-0.0039927
0.0012846
0.000438669
-0.00119839
-0.00429556
-0.00898143
-0.0148386
-0.021011
-0.0266347
-0.0310952
-0.0340721
-0.035435
-0.0350824
-0.033099
-0.0296337
-0.0248291
-0.0189054
-0.0124635
-0.00691758
-0.00437565
-0.00649587
-5.66287e-05
-0.0011525
-0.00349619
-0.00777871
-0.0138935
-0.0210508
-0.0281473
-0.034295
-0.038996
-0.0420855
-0.0435675
-0.0434612
-0.0418343
-0.0387571
-0.0342093
-0.0280768
-0.0204792
-0.0126611
-0.00782486
-0.00772247
-0.00245499
-0.00374244
-0.00668784
-0.0118832
-0.0189834
-0.0268956
-0.0343875
-0.0406339
-0.045281
-0.0482894
-0.0497438
-0.0497374
-0.0483491
-0.0456278
-0.0415274
-0.0358189
-0.028244
-0.0193137
-0.0117853
-0.00795656
-0.00553552
-0.00690826
-0.0102435
-0.0159788
-0.0235846
-0.0317819
-0.0393089
-0.0454374
-0.049933
-0.0528315
-0.0542497
-0.0542913
-0.0530307
-0.0505277
-0.0467946
-0.0416774
-0.0347641
-0.0258724
-0.0166596
-0.00996313
-0.00872412
-0.0100711
-0.0135681
-0.0194874
-0.0271982
-0.0353618
-0.0427487
-0.0487096
-0.053077
-0.0559105
-0.0573214
-0.0573934
-0.0561895
-0.0537827
-0.0502569
-0.0456035
-0.039512
-0.0314328
-0.0222565
-0.0142934
-0.0114882
-0.0127366
-0.0161825
-0.0219913
-0.0295093
-0.0374518
-0.0446495
-0.0504835
-0.0547925
-0.0576178
-0.0590461
-0.059138
-0.0579438
-0.0555418
-0.0520764
-0.047682
-0.0422986
-0.035282
-0.0271227
-0.0191196
-0.0135298
-0.0145937
-0.0178155
-0.0232492
-0.0303301
-0.0379228
-0.0449372
-0.0507296
-0.0550739
-0.0579587
-0.059432
-0.0595347
-0.0583082
-0.0558318
-0.0523023
-0.0479668
-0.0430748
-0.0369564
-0.0299551
-0.0223527
-0.0148167
-0.0155426
-0.0183124
-0.0231467
-0.0295972
-0.036745
-0.0435912
-0.049428
-0.0539082
-0.0569281
-0.0584831
-0.0585908
-0.0572875
-0.054675
-0.0509751
-0.0464969
-0.0418465
-0.0362128
-0.0301583
-0.0228378
-0.0154477
-0.0156992
-0.017743
-0.0216914
-0.0273058
-0.033913
-0.0405946
-0.0465477
-0.0512669
-0.0545171
-0.0562176
-0.0563595
-0.0549542
-0.0521355
-0.0481681
-0.0434472
-0.038637
-0.0330782
-0.0280498
-0.0202396
-0.015556
-0.0152794
-0.016312
-0.0190463
-0.023588
-0.0295387
-0.036042
-0.0421714
-0.0472317
-0.0508195
-0.0527476
-0.0529524
-0.0514763
-0.048407
-0.0440823
-0.0389534
-0.0337224
-0.0280417
-0.0242094
-0.0143745
-0.0152611
-0.0145359
-0.0142444
-0.0154011
-0.018643
-0.0238278
-0.0301339
-0.0364848
-0.0419778
-0.0460181
-0.0482941
-0.0486728
-0.047176
-0.0438742
-0.0391427
-0.0334572
-0.0276201
-0.0216364
-0.0180738
-0.00385723
-0.01465
-0.0136088
-0.0117006
-0.0110741
-0.0129369
-0.017344
-0.0234706
-0.0300765
-0.0360704
-0.0406659
-0.0434206
-0.0441046
-0.042709
-0.0392653
-0.0341149
-0.0276646
-0.0206992
-0.0133242
-0.00685118
0.0159953
-0.0145768
-0.0126531
-0.00865204
-0.00624468
-0.0069166
-0.0107375
-0.0167855
-0.0236788
-0.0302091
-0.035427
-0.0387784
-0.0399102
-0.0387675
-0.0353657
-0.0298528
-0.0222791
-0.0129217
-0.000772754
0.0165944
0.0569803
-0.011794
-0.0118329
-0.00574061
-0.0017998
-0.00178932
-0.005417
-0.0115652
-0.0187771
-0.0258095
-0.0315981
-0.0355588
-0.0372565
-0.0365916
-0.0332878
-0.0271962
-0.0175604
-0.00321461
0.0203874
0.0605912
0.12973
-0.0295137
-0.0106358
-0.000629761
0.00304931
0.00241638
-0.00157758
-0.00799857
-0.015525
-0.0229195
-0.0290932
-0.0334361
-0.035489
-0.0351127
-0.0318917
-0.0251993
-0.012875
0.00936151
0.0510771
0.122777
0.225994
)
;

boundaryField
{
    movingWall
    {
        type            zeroGradient;
    }
    fixedWalls
    {
        type            zeroGradient;
    }
    frontAndBack
    {
        type            empty;
    }
}


// ************************************************************************* //
