/*--------------------------------*- C++ -*----------------------------------*\
| =========                 |                                                 |
| \\      /  F ield         | OpenFOAM: The Open Source CFD Toolbox           |
|  \\    /   O peration     | Version:  2212                                  |
|   \\  /    A nd           | Website:  www.openfoam.com                      |
|    \\/     M anipulation  |                                                 |
\*---------------------------------------------------------------------------*/
FoamFile
{
    version     2.0;
    format      ascii;
    arch        "LSB;label=32;scalar=64";
    class       volScalarField;
    location    "5.7";
    object      T;
}
// * * * * * * * * * * * * * * * * * * * * * * * * * * * * * * * * * * * * * //

dimensions      [0 0 0 1 0 0 0];

internalField   nonuniform List<scalar> 
400
(
0.669571
0.680191
0.701509
0.732564
0.767818
0.798583
0.819046
0.82953
0.834314
0.837233
0.83964
0.841826
0.843867
0.845592
0.846537
0.84587
0.842229
0.833808
0.821036
0.810503
0.683844
0.696504
0.721728
0.757254
0.793615
0.818947
0.83048
0.834659
0.836715
0.838261
0.840071
0.842578
0.845881
0.849657
0.85284
0.853722
0.849726
0.838732
0.823414
0.811971
0.705876
0.722381
0.75295
0.789269
0.81728
0.829729
0.832156
0.831364
0.82948
0.828003
0.82828
0.831235
0.836915
0.845047
0.853871
0.860607
0.860542
0.848733
0.827811
0.814621
0.727371
0.747877
0.780984
0.81111
0.826181
0.82707
0.821706
0.81391
0.805608
0.799415
0.797122
0.800342
0.80876
0.822597
0.839873
0.857443
0.869149
0.866151
0.841506
0.821923
0.744211
0.767378
0.799093
0.819416
0.821888
0.812566
0.798255
0.78167
0.766193
0.754881
0.749763
0.752633
0.763086
0.781687
0.806948
0.836203
0.86378
0.879703
0.867924
0.836592
0.756018
0.779951
0.807502
0.817299
0.808508
0.789534
0.765969
0.741222
0.719745
0.70441
0.697144
0.699193
0.710551
0.731656
0.761844
0.799309
0.839879
0.875398
0.88983
0.858793
0.7637
0.786711
0.80878
0.808899
0.790551
0.763033
0.731563
0.700756
0.675369
0.65783
0.649574
0.651041
0.66246
0.684143
0.716176
0.757832
0.806272
0.855067
0.892037
0.890068
0.768336
0.789418
0.806126
0.798375
0.772345
0.737809
0.700369
0.665631
0.638147
0.619802
0.611343
0.61258
0.623568
0.644527
0.676055
0.718766
0.771649
0.829376
0.880684
0.907324
0.77084
0.789555
0.801695
0.788117
0.756407
0.716781
0.675412
0.638414
0.609963
0.591455
0.583042
0.584215
0.594759
0.614632
0.644355
0.685443
0.739501
0.803696
0.86543
0.902394
0.771847
0.788258
0.797225
0.780288
0.745107
0.702218
0.658413
0.620056
0.591009
0.572296
0.563699
0.564652
0.574838
0.59396
0.621985
0.660281
0.712536
0.780202
0.852189
0.898977
0.771778
0.786178
0.793316
0.775141
0.738475
0.694128
0.649364
0.610467
0.581012
0.561849
0.552672
0.55302
0.562634
0.581109
0.607842
0.643294
0.69193
0.759841
0.839568
0.89671
0.770893
0.783691
0.790353
0.773279
0.737462
0.69352
0.649035
0.610116
0.580232
0.560335
0.550248
0.549626
0.558265
0.575767
0.601203
0.633953
0.678007
0.743862
0.829672
0.895532
0.769244
0.780873
0.787987
0.773727
0.740726
0.69894
0.656112
0.618126
0.588385
0.568024
0.557062
0.555247
0.562457
0.5783
0.601795
0.631678
0.670537
0.73194
0.821641
0.895413
0.766736
0.777638
0.785884
0.776088
0.748218
0.710755
0.671253
0.635334
0.606386
0.585824
0.573973
0.570623
0.575823
0.589131
0.609658
0.635864
0.669186
0.724864
0.816464
0.896209
0.763196
0.773904
0.783207
0.778097
0.756543
0.725133
0.690784
0.658694
0.632072
0.612442
0.600376
0.595691
0.598526
0.608488
0.624834
0.646468
0.67403
0.72232
0.81354
0.897904
0.75879
0.769572
0.780093
0.77995
0.765985
0.742498
0.715177
0.688558
0.665591
0.647818
0.635952
0.630014
0.630003
0.635775
0.646866
0.66271
0.684127
0.723754
0.813226
0.900587
0.754615
0.765075
0.775306
0.778124
0.770659
0.755435
0.736419
0.717063
0.699661
0.685547
0.675269
0.669082
0.666795
0.668559
0.67441
0.684192
0.700188
0.732514
0.818233
0.905133
0.75158
0.762056
0.773041
0.778003
0.775987
0.768356
0.757432
0.745348
0.733666
0.723464
0.715205
0.709281
0.705746
0.704747
0.707005
0.712153
0.724504
0.750119
0.828094
0.91092
0.719263
0.759066
0.763254
0.766582
0.766012
0.763389
0.759444
0.755473
0.751643
0.748919
0.747038
0.746531
0.747262
0.74911
0.75317
0.758113
0.770313
0.791292
0.851655
0.92085
0.801995
0.826663
0.840432
0.849308
0.854763
0.85864
0.861247
0.863701
0.865639
0.867939
0.869947
0.87249
0.874772
0.877637
0.880266
0.883777
0.887885
0.896297
0.912329
0.941458
)
;

boundaryField
{
    movingWall
    {
        type            fixedValue;
        value           uniform 1;
    }
    fixedWalls
    {
        type            zeroGradient;
    }
    frontAndBack
    {
        type            empty;
    }
}


// ************************************************************************* //
