/*--------------------------------*- C++ -*----------------------------------*\
| =========                 |                                                 |
| \\      /  F ield         | OpenFOAM: The Open Source CFD Toolbox           |
|  \\    /   O peration     | Version:  2212                                  |
|   \\  /    A nd           | Website:  www.openfoam.com                      |
|    \\/     M anipulation  |                                                 |
\*---------------------------------------------------------------------------*/
FoamFile
{
    version     2.0;
    format      ascii;
    arch        "LSB;label=32;scalar=64";
    class       surfaceScalarField;
    location    "12.8";
    object      phi;
}
// * * * * * * * * * * * * * * * * * * * * * * * * * * * * * * * * * * * * * //

dimensions      [0 3 -1 0 0 0 0];

oriented        oriented;

internalField   nonuniform List<scalar> 
760
(
1.56092e-07
-1.56121e-07
2.93637e-07
-1.37545e-07
3.10001e-07
-1.63635e-08
1.83691e-07
1.2631e-07
-1.203e-07
3.03991e-07
-6.65925e-07
5.45625e-07
-1.48528e-06
8.19353e-07
-2.49088e-06
1.0056e-06
-3.48037e-06
9.89492e-07
-4.22037e-06
7.39997e-07
-4.54399e-06
3.23624e-07
-4.35366e-06
-1.90334e-07
-3.59375e-06
-7.59905e-07
-2.37897e-06
-1.21479e-06
-9.39986e-07
-1.43898e-06
3.47787e-07
-1.28777e-06
1.08997e-06
-7.42181e-07
1.0331e-06
5.68716e-08
4.61001e-07
5.72095e-07
4.61001e-07
1.25056e-07
-2.81177e-07
7.46209e-08
-8.71096e-08
-2.97015e-07
3.55272e-07
-1.0789e-06
9.08199e-07
-2.31595e-06
1.54104e-06
-3.92744e-06
2.15712e-06
-5.66236e-06
2.55428e-06
-7.20711e-06
2.55034e-06
-8.33701e-06
2.1194e-06
-8.94236e-06
1.34534e-06
-8.97627e-06
3.5754e-07
-8.41626e-06
-7.50349e-07
-7.29366e-06
-1.8825e-06
-5.64205e-06
-2.8664e-06
-3.60581e-06
-3.47522e-06
-1.49021e-06
-3.40337e-06
1.78756e-07
-2.41115e-06
8.59008e-07
-6.2338e-07
5.25716e-07
9.05387e-07
9.86717e-07
-1.27594e-07
-1.53583e-07
-6.33926e-07
4.19222e-07
-1.62494e-06
1.34629e-06
-3.14151e-06
2.42477e-06
-5.0576e-06
3.45712e-06
-7.07349e-06
4.173e-06
-8.8736e-06
4.35439e-06
-1.02779e-05
3.95462e-06
-1.12347e-05
3.07619e-06
-1.17362e-05
1.8469e-06
-1.17303e-05
3.51577e-07
-1.12713e-05
-1.20928e-06
-1.03386e-05
-2.81522e-06
-8.87793e-06
-4.32708e-06
-6.86964e-06
-5.48351e-06
-4.40325e-06
-5.86976e-06
-1.87874e-06
-4.93565e-06
-8.63878e-08
-2.41573e-06
2.94695e-07
5.24304e-07
1.28141e-06
-5.00532e-07
3.46949e-07
-1.56002e-06
1.47871e-06
-3.11956e-06
2.90583e-06
-5.08151e-06
4.38672e-06
-7.18545e-06
5.56106e-06
-9.12348e-06
6.11104e-06
-1.06934e-05
5.92427e-06
-1.18526e-05
5.11385e-06
-1.26292e-05
3.85283e-06
-1.30579e-05
2.27555e-06
-1.31229e-05
4.1662e-07
-1.28834e-05
-1.4488e-06
-1.23006e-05
-3.39806e-06
-1.12726e-05
-5.35502e-06
-9.6689e-06
-7.08724e-06
-7.36473e-06
-8.17393e-06
-4.39881e-06
-7.90157e-06
-1.37807e-06
-5.43648e-06
1.2074e-07
-9.74504e-07
1.40215e-06
-8.6197e-07
1.20892e-06
-2.36178e-06
2.97852e-06
-4.23293e-06
4.77698e-06
-6.28036e-06
6.43415e-06
-8.22283e-06
7.50353e-06
-9.83762e-06
7.72583e-06
-1.10481e-05
7.13471e-06
-1.18807e-05
5.94649e-06
-1.23973e-05
4.36945e-06
-1.26706e-05
2.54877e-06
-1.27911e-05
5.37207e-07
-1.27455e-05
-1.49445e-06
-1.25248e-05
-3.61874e-06
-1.20502e-05
-5.82963e-06
-1.11354e-05
-8.00199e-06
-9.49265e-06
-9.81673e-06
-6.82233e-06
-1.05719e-05
-3.22304e-06
-9.03577e-06
-2.61165e-07
-3.93638e-06
1.14099e-06
-1.08714e-06
2.29606e-06
-2.78474e-06
4.67612e-06
-4.67862e-06
6.67086e-06
-6.53677e-06
8.29229e-06
-8.13482e-06
9.10159e-06
-9.34179e-06
8.93279e-06
-1.01537e-05
7.94659e-06
-1.06356e-05
6.42839e-06
-1.08777e-05
4.61157e-06
-1.09797e-05
2.65076e-06
-1.10629e-05
6.20419e-07
-1.11134e-05
-1.44392e-06
-1.11475e-05
-3.58464e-06
-1.11363e-05
-5.84082e-06
-1.09266e-05
-8.21175e-06
-1.01913e-05
-1.0552e-05
-8.43619e-06
-1.2327e-05
-5.24513e-06
-1.22268e-05
-1.15868e-06
-8.02283e-06
-1.7693e-08
-1.11127e-06
3.40733e-06
-2.75944e-06
6.3243e-06
-4.4575e-06
8.36892e-06
-5.99362e-06
9.82841e-06
-7.20769e-06
1.03157e-05
-8.03741e-06
9.76251e-06
-8.52055e-06
8.42973e-06
-8.7441e-06
6.65194e-06
-8.8115e-06
4.67897e-06
-8.81944e-06
2.6587e-06
-8.85e-06
6.50981e-07
-8.92134e-06
-1.37258e-06
-9.05341e-06
-3.45257e-06
-9.2579e-06
-5.63633e-06
-9.47884e-06
-7.99081e-06
-9.48548e-06
-1.05453e-05
-8.75915e-06
-1.30533e-05
-6.54134e-06
-1.44446e-05
-2.425e-06
-1.21392e-05
-2.44269e-06
-9.36652e-07
4.34398e-06
-2.34905e-06
7.73669e-06
-3.73705e-06
9.75692e-06
-4.91715e-06
1.10085e-05
-5.78841e-06
1.11869e-05
-6.33403e-06
1.03081e-05
-6.61124e-06
8.70693e-06
-6.71103e-06
6.75172e-06
-6.7292e-06
4.69715e-06
-6.73845e-06
2.66795e-06
-6.77409e-06
6.8662e-07
-6.85289e-06
-1.29378e-06
-6.99578e-06
-3.30968e-06
-7.2334e-06
-5.39871e-06
-7.58338e-06
-7.64084e-06
-7.95574e-06
-1.0173e-05
-7.94148e-06
-1.30676e-05
-6.72264e-06
-1.56635e-05
-3.5899e-06
-1.52719e-05
-6.03259e-06
-6.26081e-07
4.97006e-06
-1.68979e-06
8.80041e-06
-2.72407e-06
1.07912e-05
-3.56431e-06
1.18487e-05
-4.155e-06
1.17776e-05
-4.50635e-06
1.06595e-05
-4.6773e-06
8.87788e-06
-4.74615e-06
6.82057e-06
-4.78501e-06
4.73601e-06
-4.83707e-06
2.72e-06
-4.91212e-06
7.61675e-07
-5.01633e-06
-1.18957e-06
-5.15943e-06
-3.16658e-06
-5.36996e-06
-5.18818e-06
-5.70308e-06
-7.30772e-06
-6.17301e-06
-9.70306e-06
-6.56309e-06
-1.26775e-05
-6.13299e-06
-1.60936e-05
-3.92714e-06
-1.74778e-05
-9.95973e-06
-2.33283e-07
5.20334e-06
-8.95054e-07
9.46218e-06
-1.56763e-06
1.14638e-05
-2.09819e-06
1.23793e-05
-2.4591e-06
1.21385e-05
-2.67467e-06
1.08751e-05
-2.79308e-06
8.99629e-06
-2.86755e-06
6.89504e-06
-2.94251e-06
4.81096e-06
-3.03977e-06
2.81726e-06
-3.16202e-06
8.83925e-07
-3.30873e-06
-1.04285e-06
-3.47994e-06
-2.99537e-06
-3.68768e-06
-4.98045e-06
-3.98227e-06
-7.01313e-06
-4.44617e-06
-9.23915e-06
-5.0281e-06
-1.20956e-05
-5.1274e-06
-1.59943e-05
-3.56078e-06
-1.90444e-05
-1.35205e-05
1.63764e-07
5.03958e-06
-7.04668e-08
9.69641e-06
-4.03951e-07
1.17973e-05
-6.55496e-07
1.26309e-05
-8.11041e-07
1.22941e-05
-9.01728e-07
1.09657e-05
-9.66911e-07
9.06148e-06
-1.03844e-06
6.96657e-06
-1.13285e-06
4.90537e-06
-1.25789e-06
2.94231e-06
-1.41616e-06
1.04219e-06
-1.60976e-06
-8.49246e-07
-1.83712e-06
-2.76801e-06
-2.09584e-06
-4.72172e-06
-2.41308e-06
-6.69589e-06
-2.8802e-06
-8.77204e-06
-3.56278e-06
-1.1413e-05
-4.02717e-06
-1.55299e-05
-3.02688e-06
-2.00447e-05
-1.65474e-05
5.02494e-07
4.53709e-06
7.00736e-07
9.49817e-06
7.44137e-07
1.17539e-05
7.79888e-07
1.25951e-05
8.24849e-07
1.22491e-05
8.53721e-07
1.09369e-05
8.46873e-07
9.06833e-06
7.9612e-07
7.01732e-06
7.02255e-07
4.99924e-06
5.66965e-07
3.0776e-06
3.85012e-07
1.22414e-06
1.50205e-07
-6.14439e-07
-1.38991e-07
-2.47881e-06
-4.89213e-07
-4.3715e-06
-9.03964e-07
-6.28114e-06
-1.42658e-06
-8.24942e-06
-2.20456e-06
-1.0635e-05
-2.95402e-06
-1.47805e-05
-2.46097e-06
-2.05377e-05
-1.90084e-05
7.59811e-07
3.77728e-06
1.35962e-06
8.89836e-06
1.75412e-06
1.13594e-05
2.0852e-06
1.2264e-05
2.35976e-06
1.19746e-05
2.54768e-06
1.07489e-05
2.6409e-06
8.97511e-06
2.65011e-06
7.00811e-06
2.58927e-06
5.06008e-06
2.46468e-06
3.20218e-06
2.26869e-06
1.42014e-06
1.98719e-06
-3.32939e-07
1.62087e-06
-2.1125e-06
1.16487e-06
-3.91549e-06
6.14956e-07
-5.73123e-06
-7.99264e-08
-7.55454e-06
-9.53674e-07
-9.76125e-06
-1.91681e-06
-1.38173e-05
-1.92413e-06
-2.05304e-05
-2.09325e-05
8.75578e-07
2.9017e-06
1.8191e-06
7.95483e-06
2.5642e-06
1.06143e-05
3.20831e-06
1.16199e-05
3.75893e-06
1.14239e-05
4.17287e-06
1.0335e-05
4.43432e-06
8.71365e-06
4.55724e-06
6.88519e-06
4.56439e-06
5.05293e-06
4.47073e-06
3.29584e-06
4.27401e-06
1.61686e-06
3.94154e-06
-4.72766e-10
3.49416e-06
-1.66512e-06
2.90624e-06
-3.32757e-06
2.17907e-06
-5.00406e-06
1.33189e-06
-6.70735e-06
2.74385e-07
-8.70374e-06
-9.5311e-07
-1.25898e-05
-1.42487e-06
-2.00586e-05
-2.23574e-05
8.11459e-07
2.09024e-06
1.96509e-06
6.8012e-06
3.01278e-06
9.56657e-06
3.99088e-06
1.06418e-05
4.8725e-06
1.05423e-05
5.59164e-06
9.61587e-06
6.10921e-06
8.19608e-06
6.42815e-06
6.56626e-06
6.56915e-06
4.91193e-06
6.54998e-06
3.31501e-06
6.36875e-06
1.79809e-06
6.02276e-06
3.45514e-07
5.47894e-06
-1.12129e-06
4.74482e-06
-2.59345e-06
3.8126e-06
-4.07185e-06
2.71137e-06
-5.60612e-06
1.4018e-06
-7.39417e-06
-1.48886e-07
-1.10391e-05
-9.09008e-07
-1.92985e-05
-2.32664e-05
5.81473e-07
1.50876e-06
1.77033e-06
5.61235e-06
3.11554e-06
8.22136e-06
4.47328e-06
9.28407e-06
5.74606e-06
9.26954e-06
6.83526e-06
8.52666e-06
7.67549e-06
7.35585e-06
8.25403e-06
5.98772e-06
8.58312e-06
4.58285e-06
8.6793e-06
3.21883e-06
8.54916e-06
1.92823e-06
8.18978e-06
7.04888e-07
7.55702e-06
-4.88533e-07
6.66836e-06
-1.70478e-06
5.51118e-06
-2.91467e-06
4.12654e-06
-4.22148e-06
2.58859e-06
-5.85622e-06
9.69147e-07
-9.4197e-06
-1.3889e-07
-1.81905e-05
-2.34053e-05
1.54343e-07
1.35442e-06
1.04873e-06
4.71796e-06
2.5336e-06
6.7365e-06
4.26375e-06
7.55392e-06
5.99379e-06
7.53949e-06
7.53598e-06
6.98448e-06
8.78759e-06
6.10424e-06
9.71878e-06
5.05652e-06
1.03246e-05
3.97706e-06
1.06162e-05
2.92717e-06
1.05997e-05
1.94481e-06
1.02803e-05
1.02423e-06
9.6118e-06
1.79979e-07
8.61681e-06
-7.09788e-07
7.28505e-06
-1.5829e-06
5.66875e-06
-2.60519e-06
3.9292e-06
-4.11666e-06
2.25076e-06
-7.74125e-06
6.5695e-07
-1.65967e-05
-2.27483e-05
-5.1916e-07
1.87358e-06
2.03739e-07
3.99506e-06
1.76795e-06
5.17229e-06
3.84158e-06
5.48029e-06
6.00738e-06
5.37369e-06
7.97828e-06
5.01357e-06
9.61766e-06
4.46486e-06
1.08839e-05
3.79028e-06
1.17594e-05
3.10153e-06
1.22603e-05
2.42629e-06
1.239e-05
1.81517e-06
1.2168e-05
1.24615e-06
1.16188e-05
7.29188e-07
1.07125e-05
1.96508e-07
9.45391e-06
-3.24288e-07
7.91682e-06
-1.0681e-06
6.28715e-06
-2.487e-06
4.46686e-06
-5.92096e-06
2.05978e-06
-1.41896e-05
-2.06885e-05
-4.18159e-06
6.05517e-06
-3.64417e-06
3.45764e-06
-1.2438e-06
2.77191e-06
1.56271e-06
2.67378e-06
4.31135e-06
2.62506e-06
6.85502e-06
2.46991e-06
9.08e-06
2.23988e-06
1.09258e-05
1.94451e-06
1.23737e-05
1.65359e-06
1.34507e-05
1.34928e-06
1.41738e-05
1.0921e-06
1.45877e-05
8.32242e-07
1.468e-05
6.36877e-07
1.44596e-05
4.16876e-07
1.39227e-05
2.1263e-07
1.30851e-05
-2.30519e-07
1.19348e-05
-1.33662e-06
1.01167e-05
-4.10292e-06
5.6396e-06
-9.71246e-06
-1.50489e-05
6.05517e-06
9.51281e-06
1.22847e-05
1.49585e-05
1.75836e-05
2.00535e-05
2.22933e-05
2.42379e-05
2.58914e-05
2.72407e-05
2.83328e-05
2.91651e-05
2.98019e-05
3.02188e-05
3.04314e-05
3.02009e-05
2.88643e-05
2.47614e-05
1.50489e-05
)
;

boundaryField
{
    movingWall
    {
        type            calculated;
        value           uniform 0;
    }
    fixedWalls
    {
        type            calculated;
        value           uniform 0;
    }
    frontAndBack
    {
        type            empty;
        value           nonuniform List<scalar> 0();
    }
}


// ************************************************************************* //
