/*--------------------------------*- C++ -*----------------------------------*\
| =========                 |                                                 |
| \\      /  F ield         | OpenFOAM: The Open Source CFD Toolbox           |
|  \\    /   O peration     | Version:  2212                                  |
|   \\  /    A nd           | Website:  www.openfoam.com                      |
|    \\/     M anipulation  |                                                 |
\*---------------------------------------------------------------------------*/
FoamFile
{
    version     2.0;
    format      ascii;
    arch        "LSB;label=32;scalar=64";
    class       volScalarField;
    location    "12.8";
    object      T;
}
// * * * * * * * * * * * * * * * * * * * * * * * * * * * * * * * * * * * * * //

dimensions      [0 0 0 1 0 0 0];

internalField   nonuniform List<scalar> 
400
(
0.940205
0.941505
0.944148
0.948056
0.952607
0.956746
0.959699
0.961405
0.96232
0.962939
0.963501
0.964081
0.9647
0.965337
0.965893
0.966207
0.966011
0.965022
0.963395
0.962063
0.941874
0.943468
0.946662
0.951229
0.956051
0.959592
0.961318
0.961922
0.962132
0.962291
0.962607
0.963204
0.964123
0.965312
0.966529
0.967408
0.967381
0.966022
0.963893
0.962358
0.944483
0.946622
0.950587
0.955358
0.959106
0.960696
0.960657
0.959933
0.959023
0.958334
0.95822
0.958929
0.960469
0.962793
0.965479
0.967909
0.969051
0.96787
0.964806
0.962905
0.947039
0.949738
0.954059
0.957928
0.959592
0.958908
0.956892
0.954321
0.951777
0.949896
0.949162
0.949981
0.952252
0.956025
0.960783
0.965782
0.969651
0.970573
0.967171
0.964193
0.949006
0.952029
0.956018
0.958197
0.957424
0.954311
0.949952
0.945146
0.94075
0.937544
0.936096
0.936881
0.939771
0.944872
0.951724
0.959587
0.967078
0.972055
0.971429
0.966588
0.950305
0.953317
0.956421
0.95655
0.953271
0.947659
0.940857
0.933869
0.927777
0.923405
0.921329
0.921928
0.92519
0.931175
0.939584
0.949789
0.960581
0.96996
0.974608
0.970097
0.951033
0.953731
0.955636
0.953697
0.948091
0.94017
0.931193
0.922422
0.915066
0.909923
0.907472
0.907906
0.911285
0.917635
0.926846
0.938536
0.951731
0.96459
0.974156
0.975129
0.951348
0.953587
0.954292
0.950545
0.942943
0.933055
0.922337
0.912281
0.904132
0.898603
0.896008
0.896376
0.899718
0.906031
0.915345
0.927628
0.942358
0.957883
0.971148
0.977825
0.951384
0.953126
0.95278
0.947596
0.938451
0.927095
0.915162
0.904283
0.895684
0.889975
0.887322
0.887663
0.890933
0.89706
0.906065
0.918173
0.933535
0.951066
0.967287
0.976621
0.951243
0.952574
0.95151
0.945432
0.935294
0.922967
0.91024
0.898831
0.889937
0.884074
0.881316
0.88158
0.884771
0.89074
0.899371
0.910885
0.926027
0.944761
0.963797
0.975712
0.950985
0.952027
0.950564
0.944064
0.933452
0.920683
0.907623
0.89599
0.886922
0.88088
0.877922
0.877994
0.881019
0.886819
0.895118
0.905921
0.920248
0.939301
0.960552
0.975131
0.950645
0.951548
0.95007
0.943733
0.93326
0.920584
0.907591
0.895952
0.886769
0.880512
0.877276
0.877041
0.879754
0.885242
0.893144
0.903185
0.916324
0.934987
0.957955
0.974814
0.950217
0.951109
0.949869
0.944115
0.93429
0.922217
0.909739
0.898442
0.889378
0.883038
0.879562
0.878956
0.881203
0.886143
0.893411
0.902574
0.914265
0.931828
0.955905
0.974779
0.949672
0.950679
0.949941
0.945235
0.936646
0.925748
0.914267
0.90367
0.894961
0.888659
0.884971
0.883904
0.885501
0.889608
0.895908
0.903907
0.91397
0.929993
0.954581
0.974973
0.948957
0.950149
0.949903
0.946338
0.939289
0.930017
0.920043
0.910663
0.902772
0.896868
0.893194
0.891748
0.892603
0.895639
0.900608
0.907174
0.9155
0.92946
0.953892
0.975403
0.948108
0.949537
0.94993
0.947693
0.942514
0.935293
0.927262
0.919498
0.91277
0.907521
0.903991
0.902217
0.902219
0.90397
0.90732
0.912111
0.918552
0.930026
0.95387
0.97608
0.947265
0.948668
0.949261
0.947978
0.944521
0.939472
0.933693
0.927976
0.922877
0.918746
0.915734
0.91393
0.913277
0.913842
0.915618
0.918581
0.923328
0.932622
0.955262
0.977231
0.946668
0.94835
0.949427
0.948949
0.947023
0.943994
0.940365
0.93662
0.933109
0.930099
0.927683
0.925975
0.924962
0.924709
0.925378
0.926904
0.930397
0.937546
0.95787
0.978683
0.938681
0.946612
0.946633
0.946397
0.945364
0.94397
0.942369
0.940876
0.939503
0.938491
0.93775
0.937417
0.937441
0.937795
0.938751
0.939972
0.943098
0.948541
0.963963
0.98117
0.956924
0.962138
0.964935
0.966617
0.967523
0.968094
0.968399
0.968707
0.968926
0.969262
0.96956
0.970006
0.97042
0.97098
0.97152
0.972267
0.973219
0.975225
0.979219
0.98626
)
;

boundaryField
{
    movingWall
    {
        type            fixedValue;
        value           uniform 1;
    }
    fixedWalls
    {
        type            zeroGradient;
    }
    frontAndBack
    {
        type            empty;
    }
}


// ************************************************************************* //
