/*--------------------------------*- C++ -*----------------------------------*\
| =========                 |                                                 |
| \\      /  F ield         | OpenFOAM: The Open Source CFD Toolbox           |
|  \\    /   O peration     | Version:  2212                                  |
|   \\  /    A nd           | Website:  www.openfoam.com                      |
|    \\/     M anipulation  |                                                 |
\*---------------------------------------------------------------------------*/
FoamFile
{
    version     2.0;
    format      ascii;
    arch        "LSB;label=32;scalar=64";
    class       surfaceScalarField;
    location    "9.3";
    object      phi;
}
// * * * * * * * * * * * * * * * * * * * * * * * * * * * * * * * * * * * * * //

dimensions      [0 3 -1 0 0 0 0];

oriented        oriented;

internalField   nonuniform List<scalar> 
760
(
1.56068e-07
-1.5612e-07
2.93603e-07
-1.37535e-07
3.09961e-07
-1.63585e-08
1.83652e-07
1.26309e-07
-1.20329e-07
3.03982e-07
-6.65931e-07
5.45602e-07
-1.48524e-06
8.1931e-07
-2.49079e-06
1.00555e-06
-3.48025e-06
9.89454e-07
-4.22023e-06
7.39987e-07
-4.54387e-06
3.23641e-07
-4.35359e-06
-1.90284e-07
-3.59375e-06
-7.59838e-07
-2.37904e-06
-1.21472e-06
-9.40113e-07
-1.43892e-06
3.47635e-07
-1.28775e-06
1.08984e-06
-7.42208e-07
1.03303e-06
5.68158e-08
4.60978e-07
5.7205e-07
4.60978e-07
1.25027e-07
-2.81147e-07
7.45718e-08
-8.70799e-08
-2.97061e-07
3.55274e-07
-1.07892e-06
9.08169e-07
-2.31591e-06
1.54097e-06
-3.92732e-06
2.15701e-06
-5.66216e-06
2.55415e-06
-7.20684e-06
2.55023e-06
-8.33672e-06
2.11933e-06
-8.94207e-06
1.34533e-06
-8.97601e-06
3.57585e-07
-8.41605e-06
-7.50247e-07
-7.29353e-06
-1.88236e-06
-5.64199e-06
-2.86625e-06
-3.60584e-06
-3.47508e-06
-1.4903e-06
-3.40329e-06
1.78642e-07
-2.41115e-06
8.58925e-07
-6.23469e-07
5.25684e-07
9.05289e-07
9.86663e-07
-1.27617e-07
-1.53531e-07
-6.3395e-07
4.19253e-07
-1.62493e-06
1.34625e-06
-3.14143e-06
2.42467e-06
-5.05741e-06
3.45695e-06
-7.07319e-06
4.17279e-06
-8.87322e-06
4.35418e-06
-1.02774e-05
3.95445e-06
-1.12342e-05
3.07608e-06
-1.17357e-05
1.84688e-06
-1.17298e-05
3.51648e-07
-1.12709e-05
-1.20913e-06
-1.03382e-05
-2.81501e-06
-8.87766e-06
-4.32683e-06
-6.86947e-06
-5.48327e-06
-4.40318e-06
-5.86958e-06
-1.87875e-06
-4.93557e-06
-8.64312e-08
-2.41579e-06
2.94678e-07
5.24179e-07
1.28134e-06
-5.00529e-07
3.46998e-07
-1.55998e-06
1.4787e-06
-3.11945e-06
2.90572e-06
-5.08128e-06
4.3865e-06
-7.1851e-06
5.56077e-06
-9.12303e-06
6.11072e-06
-1.06928e-05
5.92397e-06
-1.1852e-05
5.11361e-06
-1.26286e-05
3.85268e-06
-1.30572e-05
2.27551e-06
-1.31223e-05
4.16707e-07
-1.28828e-05
-1.44862e-06
-1.23e-05
-3.39779e-06
-1.12722e-05
-5.35468e-06
-9.66854e-06
-7.0869e-06
-7.36449e-06
-8.17363e-06
-4.3987e-06
-7.90136e-06
-1.37807e-06
-5.43642e-06
1.20722e-07
-9.7461e-07
1.40206e-06
-8.61934e-07
1.20893e-06
-2.36167e-06
2.97844e-06
-4.23271e-06
4.77676e-06
-6.28001e-06
6.4338e-06
-8.22237e-06
7.50312e-06
-9.83706e-06
7.72541e-06
-1.10474e-05
7.13433e-06
-1.188e-05
5.94619e-06
-1.23966e-05
4.36925e-06
-1.26697e-05
2.54869e-06
-1.27903e-05
5.37292e-07
-1.27447e-05
-1.49424e-06
-1.25241e-05
-3.6184e-06
-1.20496e-05
-5.82921e-06
-1.11349e-05
-8.00153e-06
-9.49226e-06
-9.8163e-06
-6.82208e-06
-1.05715e-05
-3.22295e-06
-9.03555e-06
-2.61179e-07
-3.93638e-06
1.14088e-06
-1.08707e-06
2.29601e-06
-2.78457e-06
4.67594e-06
-4.67833e-06
6.67052e-06
-6.53635e-06
8.29183e-06
-8.1343e-06
9.10107e-06
-9.34117e-06
8.93228e-06
-1.01529e-05
7.94612e-06
-1.06348e-05
6.428e-06
-1.08768e-05
4.6113e-06
-1.09788e-05
2.65064e-06
-1.1062e-05
6.20487e-07
-1.11125e-05
-1.44367e-06
-1.11467e-05
-3.58423e-06
-1.11356e-05
-5.84029e-06
-1.0926e-05
-8.21118e-06
-1.01908e-05
-1.05515e-05
-8.43583e-06
-1.23265e-05
-5.24491e-06
-1.22265e-05
-1.15865e-06
-8.02264e-06
-1.77676e-08
-1.11118e-06
3.40719e-06
-2.75924e-06
6.324e-06
-4.45719e-06
8.36846e-06
-5.99319e-06
9.82783e-06
-7.20716e-06
1.0315e-05
-8.03678e-06
9.7619e-06
-8.51983e-06
8.42916e-06
-8.74327e-06
6.65144e-06
-8.81057e-06
4.6786e-06
-8.81845e-06
2.65851e-06
-8.84898e-06
6.51019e-07
-8.92035e-06
-1.3723e-06
-9.0525e-06
-3.45207e-06
-9.25712e-06
-5.63567e-06
-9.4782e-06
-7.9901e-06
-9.48497e-06
-1.05447e-05
-8.75875e-06
-1.30527e-05
-6.54105e-06
-1.44442e-05
-2.42489e-06
-1.21388e-05
-2.44265e-06
-9.36564e-07
4.34375e-06
-2.34886e-06
7.7363e-06
-3.73675e-06
9.75636e-06
-4.91675e-06
1.10078e-05
-5.78792e-06
1.11862e-05
-6.33345e-06
1.03074e-05
-6.61055e-06
8.70626e-06
-6.71022e-06
6.75111e-06
-6.72828e-06
4.69666e-06
-6.73744e-06
2.66767e-06
-6.77304e-06
6.86617e-07
-6.85186e-06
-1.29348e-06
-6.99482e-06
-3.3091e-06
-7.23258e-06
-5.39792e-06
-7.58272e-06
-7.63996e-06
-7.95525e-06
-1.01722e-05
-7.94111e-06
-1.30669e-05
-6.72235e-06
-1.56629e-05
-3.58971e-06
-1.52714e-05
-6.03237e-06
-6.2601e-07
4.96976e-06
-1.68963e-06
8.79992e-06
-2.72383e-06
1.07906e-05
-3.56398e-06
1.1848e-05
-4.15459e-06
1.17768e-05
-4.50586e-06
1.06587e-05
-4.6767e-06
8.8771e-06
-4.74545e-06
6.81986e-06
-4.7842e-06
4.73542e-06
-4.83618e-06
2.71964e-06
-4.91118e-06
7.61626e-07
-5.01539e-06
-1.18927e-06
-5.15855e-06
-3.16595e-06
-5.36917e-06
-5.18729e-06
-5.70245e-06
-7.30668e-06
-6.17255e-06
-9.70205e-06
-6.56278e-06
-1.26767e-05
-6.13275e-06
-1.6093e-05
-3.92698e-06
-1.74772e-05
-9.95934e-06
-2.33243e-07
5.203e-06
-8.94951e-07
9.46163e-06
-1.56747e-06
1.14631e-05
-2.09797e-06
1.23785e-05
-2.45882e-06
1.21377e-05
-2.67432e-06
1.08742e-05
-2.79266e-06
8.99544e-06
-2.86704e-06
6.89424e-06
-2.94193e-06
4.8103e-06
-3.03912e-06
2.81684e-06
-3.16133e-06
8.83835e-07
-3.30803e-06
-1.04257e-06
-3.47926e-06
-2.99473e-06
-3.68705e-06
-4.9795e-06
-3.98174e-06
-7.01199e-06
-4.4458e-06
-9.23799e-06
-5.02787e-06
-1.20946e-05
-5.12724e-06
-1.59936e-05
-3.56068e-06
-1.90438e-05
-1.352e-05
1.63762e-07
5.03924e-06
-7.04378e-08
9.69583e-06
-4.0389e-07
1.17965e-05
-6.55404e-07
1.263e-05
-8.10915e-07
1.22932e-05
-9.01564e-07
1.09648e-05
-9.66706e-07
9.06059e-06
-1.0382e-06
6.96573e-06
-1.13257e-06
4.90468e-06
-1.25758e-06
2.94185e-06
-1.41582e-06
1.04207e-06
-1.6094e-06
-8.48991e-07
-1.83674e-06
-2.76738e-06
-2.09546e-06
-4.72077e-06
-2.41274e-06
-6.69471e-06
-2.87995e-06
-8.77078e-06
-3.56265e-06
-1.14119e-05
-4.02709e-06
-1.55291e-05
-3.02683e-06
-2.0044e-05
-1.65469e-05
5.02451e-07
4.53679e-06
7.00684e-07
9.49759e-06
7.44083e-07
1.17531e-05
7.79834e-07
1.25943e-05
8.24798e-07
1.22482e-05
8.53673e-07
1.0936e-05
8.46823e-07
9.06744e-06
7.96063e-07
7.01649e-06
7.02193e-07
4.99855e-06
5.66906e-07
3.07714e-06
3.84969e-07
1.224e-06
1.50192e-07
-6.14214e-07
-1.38966e-07
-2.47823e-06
-4.89145e-07
-4.3706e-06
-9.03867e-07
-6.27999e-06
-1.4265e-06
-8.24815e-06
-2.20454e-06
-1.06338e-05
-2.95403e-06
-1.47796e-05
-2.46097e-06
-2.05371e-05
-1.90078e-05
7.59728e-07
3.77706e-06
1.35949e-06
8.89784e-06
1.75395e-06
1.13587e-05
2.085e-06
1.22632e-05
2.35953e-06
1.19737e-05
2.54742e-06
1.07481e-05
2.64059e-06
8.97426e-06
2.64976e-06
7.00732e-06
2.58888e-06
5.05943e-06
2.46427e-06
3.20175e-06
2.26828e-06
1.41999e-06
1.98682e-06
-3.32753e-07
1.62056e-06
-2.11197e-06
1.16463e-06
-3.91466e-06
6.14794e-07
-5.73015e-06
-8.00286e-08
-7.55333e-06
-9.53778e-07
-9.7601e-06
-1.91691e-06
-1.38165e-05
-1.92418e-06
-2.05298e-05
-2.0932e-05
8.75471e-07
2.90159e-06
1.8189e-06
7.9544e-06
2.56393e-06
1.06136e-05
3.20797e-06
1.16192e-05
3.75853e-06
1.14231e-05
4.17241e-06
1.03342e-05
4.43379e-06
8.71287e-06
4.55663e-06
6.88449e-06
4.56371e-06
5.05234e-06
4.47001e-06
3.29546e-06
4.27328e-06
1.61673e-06
3.94085e-06
-3.27745e-10
3.49354e-06
-1.66466e-06
2.90572e-06
-3.32684e-06
2.17867e-06
-5.00311e-06
1.33159e-06
-6.70625e-06
2.74176e-07
-8.70268e-06
-9.53278e-07
-1.25891e-05
-1.42495e-06
-2.00582e-05
-2.2357e-05
8.11352e-07
2.09024e-06
1.96485e-06
6.8009e-06
3.01244e-06
9.56605e-06
3.99045e-06
1.06412e-05
4.87197e-06
1.05416e-05
5.59102e-06
9.61515e-06
6.10849e-06
8.1954e-06
6.42734e-06
6.56564e-06
6.56824e-06
4.91144e-06
6.54902e-06
3.31468e-06
6.36777e-06
1.79797e-06
6.02181e-06
3.45631e-07
5.47807e-06
-1.12091e-06
4.74406e-06
-2.59283e-06
3.81199e-06
-4.07104e-06
2.71093e-06
-5.60518e-06
1.4015e-06
-7.39325e-06
-1.49038e-07
-1.10385e-05
-9.09121e-07
-1.92981e-05
-2.32661e-05
5.81392e-07
1.50885e-06
1.7701e-06
5.61219e-06
3.11518e-06
8.22098e-06
4.47279e-06
9.28355e-06
5.74544e-06
9.26896e-06
6.83453e-06
8.52607e-06
7.67464e-06
7.35529e-06
8.25306e-06
5.98722e-06
8.58205e-06
4.58245e-06
8.67816e-06
3.21857e-06
8.548e-06
1.92814e-06
8.18865e-06
7.04981e-07
7.55597e-06
-4.88233e-07
6.66743e-06
-1.70429e-06
5.51042e-06
-2.91403e-06
4.12598e-06
-4.22075e-06
2.58821e-06
-5.85548e-06
9.68873e-07
-9.41918e-06
-1.39015e-07
-1.81902e-05
-2.34051e-05
1.54297e-07
1.35455e-06
1.04855e-06
4.71793e-06
2.53327e-06
6.73626e-06
4.26327e-06
7.55356e-06
5.99316e-06
7.53906e-06
7.5352e-06
6.98403e-06
8.78667e-06
6.10382e-06
9.71774e-06
5.05615e-06
1.03234e-05
3.97677e-06
1.0615e-05
2.92699e-06
1.05984e-05
1.94475e-06
1.02791e-05
1.02431e-06
9.61065e-06
1.80182e-07
8.61578e-06
-7.09423e-07
7.2842e-06
-1.58244e-06
5.66813e-06
-2.60468e-06
3.9288e-06
-4.11615e-06
2.25052e-06
-7.7409e-06
6.56862e-07
-1.65965e-05
-2.27482e-05
-5.19123e-07
1.87367e-06
2.03683e-07
3.99513e-06
1.76774e-06
5.1722e-06
3.84119e-06
5.48011e-06
6.00679e-06
5.37345e-06
7.97752e-06
5.01331e-06
9.61674e-06
4.4646e-06
1.08828e-05
3.79005e-06
1.17582e-05
3.10135e-06
1.22591e-05
2.42618e-06
1.23887e-05
1.81515e-06
1.21668e-05
1.2462e-06
1.16176e-05
7.29322e-07
1.07115e-05
1.96731e-07
9.45307e-06
-3.24036e-07
7.9162e-06
-1.06781e-06
6.28677e-06
-2.48672e-06
4.46666e-06
-5.92079e-06
2.0597e-06
-1.41896e-05
-2.06885e-05
-4.18154e-06
6.05522e-06
-3.64413e-06
3.45771e-06
-1.24385e-06
2.77192e-06
1.56251e-06
2.67374e-06
4.31098e-06
2.62498e-06
6.85448e-06
2.46981e-06
9.0793e-06
2.23978e-06
1.09249e-05
1.94442e-06
1.23728e-05
1.65352e-06
1.34497e-05
1.34923e-06
1.41728e-05
1.09209e-06
1.45867e-05
8.32261e-07
1.46791e-05
6.36932e-07
1.44589e-05
4.16951e-07
1.39221e-05
2.1272e-07
1.30847e-05
-2.30397e-07
1.19345e-05
-1.33653e-06
1.01166e-05
-4.1029e-06
5.63956e-06
-9.71249e-06
-1.5049e-05
6.05522e-06
9.51293e-06
1.22849e-05
1.49586e-05
1.75836e-05
2.00534e-05
2.22932e-05
2.42376e-05
2.58911e-05
2.72403e-05
2.83324e-05
2.91647e-05
2.98016e-05
3.02186e-05
3.04313e-05
3.02009e-05
2.88644e-05
2.47615e-05
1.5049e-05
)
;

boundaryField
{
    movingWall
    {
        type            calculated;
        value           uniform 0;
    }
    fixedWalls
    {
        type            calculated;
        value           uniform 0;
    }
    frontAndBack
    {
        type            empty;
        value           nonuniform List<scalar> 0();
    }
}


// ************************************************************************* //
