/*--------------------------------*- C++ -*----------------------------------*\
| =========                 |                                                 |
| \\      /  F ield         | OpenFOAM: The Open Source CFD Toolbox           |
|  \\    /   O peration     | Version:  2212                                  |
|   \\  /    A nd           | Website:  www.openfoam.com                      |
|    \\/     M anipulation  |                                                 |
\*---------------------------------------------------------------------------*/
FoamFile
{
    version     2.0;
    format      ascii;
    arch        "LSB;label=32;scalar=64";
    class       volScalarField;
    location    "9.3";
    object      T;
}
// * * * * * * * * * * * * * * * * * * * * * * * * * * * * * * * * * * * * * //

dimensions      [0 0 0 1 0 0 0];

internalField   nonuniform List<scalar> 
400
(
0.873261
0.876407
0.882775
0.892131
0.902906
0.91254
0.919227
0.922932
0.924825
0.926074
0.927188
0.928313
0.929492
0.930675
0.931664
0.932125
0.931512
0.929218
0.925529
0.922502
0.877376
0.881189
0.888811
0.899643
0.910929
0.919036
0.922869
0.9242
0.924709
0.925092
0.925754
0.926933
0.928704
0.930956
0.93321
0.934722
0.93436
0.931252
0.926535
0.923103
0.88377
0.888821
0.898183
0.90938
0.918085
0.92179
0.921925
0.920673
0.919027
0.917777
0.917611
0.919008
0.921989
0.926451
0.931565
0.936093
0.937963
0.935083
0.928385
0.924213
0.890009
0.896336
0.906487
0.915602
0.91969
0.918652
0.914911
0.910068
0.905227
0.901645
0.900255
0.901856
0.906253
0.913549
0.922737
0.932348
0.939635
0.940911
0.933358
0.926908
0.89483
0.901921
0.911387
0.916828
0.91581
0.909946
0.901651
0.892437
0.883988
0.877823
0.875036
0.876551
0.882125
0.891979
0.905238
0.92048
0.934981
0.944427
0.942461
0.93201
0.898078
0.905218
0.912855
0.914003
0.907926
0.897192
0.884153
0.87071
0.859001
0.850604
0.846617
0.847759
0.854013
0.865513
0.881716
0.90145
0.922404
0.940641
0.94943
0.939544
0.900004
0.906551
0.91174
0.908665
0.89799
0.882793
0.865556
0.848709
0.834619
0.824784
0.820103
0.820927
0.827376
0.839515
0.857176
0.879674
0.905192
0.930199
0.948863
0.950308
0.900972
0.906597
0.909357
0.902656
0.88809
0.869112
0.848546
0.829284
0.81373
0.803199
0.798266
0.798963
0.805314
0.817331
0.835114
0.858663
0.887047
0.917135
0.943015
0.956116
0.901284
0.905889
0.906536
0.897
0.87945
0.857664
0.834796
0.814006
0.797641
0.786802
0.781777
0.782423
0.78862
0.800243
0.817373
0.8405
0.870005
0.903893
0.935456
0.953744
0.901169
0.904894
0.904097
0.892823
0.873373
0.849737
0.825375
0.803613
0.786718
0.775611
0.770399
0.7709
0.776936
0.788241
0.804619
0.826545
0.855539
0.891672
0.928668
0.951978
0.900764
0.903831
0.902226
0.890168
0.869828
0.845351
0.82037
0.798199
0.780987
0.769552
0.763966
0.764103
0.769821
0.780795
0.796527
0.817058
0.844419
0.881086
0.922333
0.950844
0.900147
0.902835
0.901159
0.889472
0.869435
0.845143
0.820296
0.798116
0.780682
0.768837
0.762723
0.762281
0.767409
0.777793
0.792768
0.811833
0.836878
0.872734
0.917278
0.95023
0.899317
0.901869
0.900614
0.890126
0.871389
0.848259
0.824388
0.802841
0.785615
0.773598
0.767022
0.765878
0.770128
0.779482
0.793263
0.810658
0.832912
0.866602
0.913272
0.950164
0.898218
0.900878
0.900525
0.892132
0.875846
0.854992
0.833021
0.812788
0.796204
0.784236
0.777243
0.775222
0.778249
0.786035
0.797992
0.813186
0.832326
0.863028
0.910687
0.950548
0.896754
0.899679
0.900207
0.894078
0.88084
0.863141
0.844052
0.826116
0.81106
0.799817
0.792831
0.790083
0.791706
0.797472
0.806914
0.819394
0.835226
0.861951
0.909322
0.95139
0.894997
0.898294
0.899948
0.896401
0.88686
0.873169
0.857831
0.842983
0.830124
0.820102
0.813369
0.809984
0.809984
0.81331
0.819679
0.828786
0.84104
0.862995
0.909261
0.952716
0.893271
0.896494
0.898429
0.89668
0.890493
0.881037
0.870062
0.859152
0.849408
0.841511
0.835753
0.8323
0.831044
0.832107
0.835478
0.841106
0.850152
0.867952
0.911946
0.954972
0.892044
0.895703
0.89847
0.8982
0.894962
0.889436
0.882644
0.875556
0.868877
0.863132
0.858514
0.85524
0.853294
0.852796
0.854068
0.856971
0.863678
0.877434
0.917014
0.957819
0.876355
0.892686
0.893127
0.893078
0.891391
0.888933
0.886018
0.883272
0.880728
0.878861
0.877503
0.876921
0.877023
0.877756
0.87965
0.882049
0.888154
0.89876
0.928902
0.9627
0.913066
0.923658
0.929391
0.932898
0.93485
0.936122
0.93685
0.93757
0.938098
0.938847
0.939507
0.940452
0.941322
0.942479
0.943582
0.945096
0.946992
0.950963
0.958805
0.97271
)
;

boundaryField
{
    movingWall
    {
        type            fixedValue;
        value           uniform 1;
    }
    fixedWalls
    {
        type            zeroGradient;
    }
    frontAndBack
    {
        type            empty;
    }
}


// ************************************************************************* //
