/*--------------------------------*- C++ -*----------------------------------*\
| =========                 |                                                 |
| \\      /  F ield         | OpenFOAM: The Open Source CFD Toolbox           |
|  \\    /   O peration     | Version:  2212                                  |
|   \\  /    A nd           | Website:  www.openfoam.com                      |
|    \\/     M anipulation  |                                                 |
\*---------------------------------------------------------------------------*/
FoamFile
{
    version     2.0;
    format      ascii;
    arch        "LSB;label=32;scalar=64";
    class       volScalarField;
    location    "6.6";
    object      T;
}
// * * * * * * * * * * * * * * * * * * * * * * * * * * * * * * * * * * * * * //

dimensions      [0 0 0 1 0 0 0];

internalField   nonuniform List<scalar> 
400
(
0.746514
0.754156
0.769506
0.791899
0.81738
0.839711
0.854689
0.862499
0.866171
0.868471
0.870427
0.872284
0.874108
0.875783
0.87694
0.876942
0.874738
0.86902
0.860199
0.852932
0.756728
0.765851
0.784041
0.809703
0.836047
0.854491
0.862918
0.865897
0.867254
0.868274
0.86962
0.871671
0.874528
0.877956
0.881096
0.882594
0.880393
0.872848
0.862063
0.854069
0.772488
0.784407
0.806488
0.832745
0.852979
0.861794
0.863073
0.861799
0.859716
0.858111
0.858126
0.86055
0.865418
0.872527
0.880433
0.886909
0.888198
0.880415
0.865502
0.856137
0.787836
0.802653
0.82653
0.84814
0.858579
0.858291
0.853028
0.845812
0.838349
0.832804
0.830703
0.8334
0.840601
0.852488
0.867385
0.882724
0.893568
0.893008
0.875673
0.861586
0.799797
0.816477
0.839145
0.853219
0.853774
0.845075
0.832251
0.81767
0.804168
0.794309
0.789848
0.792313
0.801335
0.817344
0.839001
0.864003
0.887669
0.902091
0.894964
0.872325
0.808087
0.825181
0.844465
0.850256
0.841689
0.824858
0.804185
0.782646
0.763928
0.750536
0.744184
0.745985
0.755924
0.77431
0.80044
0.832606
0.86715
0.897323
0.910558
0.888454
0.813356
0.829574
0.8444
0.842417
0.825927
0.801796
0.774315
0.747428
0.725132
0.709654
0.702331
0.703623
0.713728
0.732843
0.760893
0.797044
0.838634
0.880047
0.911234
0.911296
0.816412
0.831019
0.841474
0.833055
0.810074
0.779868
0.747135
0.716635
0.692287
0.675926
0.668325
0.669414
0.679238
0.697914
0.725803
0.763203
0.808971
0.858312
0.901573
0.923808
0.81793
0.83064
0.837346
0.824069
0.79622
0.76156
0.725293
0.692619
0.667229
0.650571
0.642925
0.643945
0.653444
0.671314
0.697863
0.734172
0.781297
0.836461
0.888805
0.919728
0.818392
0.829329
0.833449
0.817308
0.786434
0.748884
0.710379
0.676362
0.650308
0.63336
0.625492
0.6263
0.63551
0.65279
0.677983
0.712086
0.757968
0.816397
0.877565
0.916818
0.818104
0.827567
0.830215
0.812928
0.780711
0.741858
0.702452
0.667884
0.641409
0.624011
0.615596
0.615852
0.624558
0.64129
0.665398
0.697134
0.740098
0.799016
0.866946
0.914913
0.817258
0.825639
0.827995
0.811524
0.779944
0.74142
0.702245
0.667663
0.640824
0.622781
0.613551
0.612926
0.620741
0.636582
0.659525
0.688912
0.728009
0.785346
0.85856
0.913907
0.815877
0.823559
0.826425
0.812197
0.782918
0.746263
0.708583
0.674901
0.648279
0.629891
0.619911
0.618213
0.624713
0.639018
0.660173
0.686986
0.721585
0.775219
0.851823
0.913803
0.81388
0.821247
0.825287
0.814737
0.789707
0.756766
0.722045
0.690296
0.664514
0.646065
0.635362
0.6323
0.63696
0.648926
0.667348
0.690817
0.720525
0.769259
0.847479
0.914463
0.811114
0.818545
0.823704
0.817058
0.797281
0.769518
0.739339
0.711073
0.687499
0.670015
0.659214
0.654993
0.657514
0.666427
0.68104
0.700367
0.724936
0.767265
0.845092
0.915884
0.807717
0.815415
0.821931
0.81954
0.806095
0.785036
0.76093
0.737506
0.717261
0.701544
0.69102
0.685742
0.685735
0.690888
0.700775
0.714903
0.733956
0.768701
0.844897
0.918129
0.804461
0.811935
0.818479
0.818793
0.810897
0.796865
0.779891
0.762784
0.747447
0.735009
0.725947
0.7205
0.7185
0.720105
0.725326
0.734049
0.748201
0.776466
0.849233
0.921937
0.802112
0.809874
0.817337
0.819722
0.816566
0.809021
0.798952
0.788093
0.77771
0.768699
0.761425
0.756233
0.753139
0.752298
0.75429
0.758835
0.769569
0.791722
0.857611
0.926767
0.775316
0.806394
0.808841
0.810523
0.809126
0.806166
0.802224
0.798377
0.794736
0.792105
0.790241
0.78959
0.790023
0.791445
0.794761
0.798864
0.809113
0.826809
0.877477
0.935052
0.841713
0.86128
0.872085
0.878928
0.883001
0.885818
0.887628
0.889353
0.890688
0.892353
0.89381
0.895728
0.897464
0.899686
0.901753
0.904541
0.907886
0.914793
0.928141
0.952162
)
;

boundaryField
{
    movingWall
    {
        type            fixedValue;
        value           uniform 1;
    }
    fixedWalls
    {
        type            zeroGradient;
    }
    frontAndBack
    {
        type            empty;
    }
}


// ************************************************************************* //
