/*--------------------------------*- C++ -*----------------------------------*\
| =========                 |                                                 |
| \\      /  F ield         | OpenFOAM: The Open Source CFD Toolbox           |
|  \\    /   O peration     | Version:  2212                                  |
|   \\  /    A nd           | Website:  www.openfoam.com                      |
|    \\/     M anipulation  |                                                 |
\*---------------------------------------------------------------------------*/
FoamFile
{
    version     2.0;
    format      ascii;
    arch        "LSB;label=32;scalar=64";
    class       volScalarField;
    location    "13.3";
    object      p;
}
// * * * * * * * * * * * * * * * * * * * * * * * * * * * * * * * * * * * * * //

dimensions      [0 2 -2 0 0 0 0];

internalField   nonuniform List<scalar> 
400
(
2.71907e-07
-0.000150743
-0.000534827
-0.00107203
-0.00173276
-0.00249425
-0.00318538
-0.00359796
-0.00356572
-0.00293445
-0.00154889
0.000619067
0.00324929
0.00551381
0.00653348
0.00592258
0.00400175
0.00214931
0.00111031
0.00104125
0.000116142
-5.82753e-05
-0.000377221
-0.000764397
-0.00124432
-0.00188845
-0.00270658
-0.00354392
-0.00408041
-0.00393882
-0.00284681
-0.00082522
0.00168905
0.00396062
0.00512441
0.00474279
0.00310266
0.00137441
0.000592815
0.000683857
0.00053626
0.000264789
-7.75028e-05
-0.000559864
-0.00134758
-0.00258098
-0.00421956
-0.00598426
-0.00740308
-0.0079444
-0.0072647
-0.00546247
-0.00289209
-0.00019506
0.00179136
0.00242736
0.00170841
0.000501704
-0.00039649
-0.000393199
0.00115178
0.000741089
0.000191699
-0.000775047
-0.00245146
-0.00493827
-0.00799567
-0.0111211
-0.013704
-0.0151776
-0.0152075
-0.0138405
-0.0112942
-0.00802963
-0.00475279
-0.00221029
-0.000870971
-0.000706816
-0.00128943
-0.00191875
0.00158318
0.000973573
-2.30589e-05
-0.00192437
-0.00500708
-0.00918062
-0.0139143
-0.0184804
-0.0222169
-0.0246536
-0.0255293
-0.0247235
-0.022364
-0.0187441
-0.0143052
-0.00965629
-0.0055927
-0.0029495
-0.00219386
-0.00401859
0.00129324
0.000444884
-0.00119755
-0.00430472
-0.00900551
-0.0148812
-0.0210735
-0.026716
-0.031192
-0.0341793
-0.0355462
-0.0351902
-0.0331975
-0.0297192
-0.0248999
-0.0189615
-0.0125058
-0.00694894
-0.00440149
-0.0065248
-4.84387e-05
-0.00114771
-0.0034997
-0.00779722
-0.0139331
-0.0211151
-0.028237
-0.0344086
-0.0391295
-0.0422329
-0.0437206
-0.0436112
-0.0419734
-0.0388794
-0.0343114
-0.0281577
-0.0205395
-0.0127034
-0.00785536
-0.00774855
-0.00245063
-0.00374236
-0.00669888
-0.0119138
-0.0190405
-0.0269826
-0.034505
-0.0407801
-0.0454518
-0.048478
-0.0499407
-0.049932
-0.0485312
-0.0457891
-0.041663
-0.0359272
-0.0283261
-0.0193716
-0.0118228
-0.00798107
-0.00553782
-0.00691543
-0.010264
-0.0160224
-0.0236588
-0.0318903
-0.0394522
-0.0456139
-0.0501385
-0.0530587
-0.0544878
-0.0545279
-0.0532537
-0.0507266
-0.0469629
-0.0418127
-0.0348684
-0.0259482
-0.0167097
-0.00999504
-0.00873396
-0.0100861
-0.013598
-0.0195427
-0.027287
-0.0354879
-0.042913
-0.0489108
-0.0533106
-0.0561686
-0.0575926
-0.0576638
-0.0564453
-0.0540121
-0.050452
-0.0457612
-0.0396347
-0.0315246
-0.0223217
-0.0143404
-0.0115043
-0.0127582
-0.0162196
-0.0220547
-0.0296077
-0.0375894
-0.0448273
-0.0507003
-0.0550438
-0.0578953
-0.0593377
-0.0594292
-0.0582199
-0.0557899
-0.0522877
-0.047853
-0.0424317
-0.0353832
-0.0271985
-0.0191798
-0.0135495
-0.0146189
-0.0178562
-0.0233158
-0.0304314
-0.0380634
-0.0451185
-0.0509506
-0.05533
-0.0582415
-0.0597292
-0.0598315
-0.0585895
-0.056084
-0.0525163
-0.0481387
-0.0432074
-0.0370568
-0.0300323
-0.0224177
-0.0148376
-0.015568
-0.0183521
-0.0232105
-0.0296937
-0.0368793
-0.0437652
-0.0496408
-0.0541556
-0.0572018
-0.0587709
-0.058878
-0.0575586
-0.0549166
-0.0511778
-0.0466564
-0.0419659
-0.0363005
-0.0302264
-0.0228962
-0.0154679
-0.0157222
-0.0177774
-0.0217465
-0.0273899
-0.0340319
-0.0407509
-0.046741
-0.0514935
-0.0547689
-0.0564828
-0.0566238
-0.0552022
-0.0523535
-0.0483466
-0.0435821
-0.0387309
-0.0331416
-0.0280998
-0.0202795
-0.0155745
-0.0152983
-0.0163381
-0.0190879
-0.0236532
-0.0296343
-0.0361719
-0.0423362
-0.0474281
-0.0510399
-0.0529807
-0.053184
-0.0516914
-0.0485918
-0.044227
-0.0390541
-0.033782
-0.0280717
-0.0242316
-0.0143851
-0.0152769
-0.0145502
-0.0142608
-0.015426
-0.0186849
-0.0238948
-0.0302316
-0.036615
-0.0421381
-0.0462016
-0.0484897
-0.0488668
-0.0473535
-0.0440212
-0.0392491
-0.033519
-0.0276413
-0.0216294
-0.0180535
-0.00383292
-0.0146621
-0.0136182
-0.0117069
-0.0110811
-0.0129537
-0.0173804
-0.0235342
-0.0301706
-0.0361935
-0.0408118
-0.043579
-0.044262
-0.0428509
-0.0393766
-0.0341854
-0.0276898
-0.0206823
-0.0132761
-0.00678573
0.016053
-0.0145833
-0.0126572
-0.0086485
-0.00623464
-0.0069101
-0.0107459
-0.016818
-0.0237401
-0.0302988
-0.0355395
-0.0389039
-0.0400353
-0.0388778
-0.0354482
-0.029896
-0.0222759
-0.0128726
-0.000688077
0.0166951
0.057064
-0.0117946
-0.0118307
-0.00572612
-0.00177503
-0.00176501
-0.00540476
-0.0115753
-0.018815
-0.0258757
-0.0316877
-0.0356625
-0.0373621
-0.0366855
-0.0333555
-0.0272243
-0.0175416
-0.00314818
0.0204904
0.0607045
0.129821
-0.0295169
-0.0106298
-0.000608878
0.00308081
0.00244824
-0.00155703
-0.00799951
-0.0155535
-0.0229763
-0.0291739
-0.0335321
-0.0355882
-0.0352013
-0.0319559
-0.0252277
-0.01286
0.00942267
0.0511716
0.122878
0.226076
)
;

boundaryField
{
    movingWall
    {
        type            zeroGradient;
    }
    fixedWalls
    {
        type            zeroGradient;
    }
    frontAndBack
    {
        type            empty;
    }
}


// ************************************************************************* //
