/*--------------------------------*- C++ -*----------------------------------*\
| =========                 |                                                 |
| \\      /  F ield         | OpenFOAM: The Open Source CFD Toolbox           |
|  \\    /   O peration     | Version:  2212                                  |
|   \\  /    A nd           | Website:  www.openfoam.com                      |
|    \\/     M anipulation  |                                                 |
\*---------------------------------------------------------------------------*/
FoamFile
{
    version     2.0;
    format      ascii;
    arch        "LSB;label=32;scalar=64";
    class       volScalarField;
    location    "10.5";
    object      p;
}
// * * * * * * * * * * * * * * * * * * * * * * * * * * * * * * * * * * * * * //

dimensions      [0 2 -2 0 0 0 0];

internalField   nonuniform List<scalar> 
400
(
6.3171e-07
-0.000150347
-0.000534423
-0.00107162
-0.00173234
-0.00249381
-0.00318493
-0.0035975
-0.00356527
-0.002934
-0.00154845
0.000619485
0.0032497
0.00551422
0.00653394
0.00592312
0.00400237
0.00214997
0.001111
0.00104197
0.00011654
-5.78723e-05
-0.000376816
-0.000763989
-0.00124391
-0.00188803
-0.00270614
-0.00354345
-0.00407993
-0.00393835
-0.00284635
-0.000824775
0.00168948
0.00396107
0.00512491
0.00474336
0.00310331
0.00137506
0.000593468
0.000684544
0.000536656
0.00026519
-7.70994e-05
-0.000559456
-0.00134716
-0.00258054
-0.00421907
-0.00598372
-0.0074025
-0.0079438
-0.00726412
-0.00546191
-0.00289156
-0.000194535
0.00179191
0.00242798
0.0017091
0.000502403
-0.000395806
-0.000392514
0.00115216
0.000741478
0.000192095
-0.000774631
-0.002451
-0.00493775
-0.00799506
-0.0111204
-0.0137032
-0.0151767
-0.0152066
-0.0138397
-0.0112934
-0.00802892
-0.00475212
-0.00220961
-0.000870275
-0.000706105
-0.00128873
-0.00191806
0.00158354
0.000973941
-2.26685e-05
-0.00192393
-0.00500654
-0.00917995
-0.0139135
-0.0184795
-0.0222158
-0.0246524
-0.025528
-0.0247223
-0.0223629
-0.018743
-0.0143043
-0.00965547
-0.00559195
-0.00294878
-0.00219316
-0.00401787
0.00129357
0.000445241
-0.00119715
-0.00430421
-0.00900484
-0.0148803
-0.0210724
-0.0267147
-0.0311905
-0.0341777
-0.0355445
-0.0351885
-0.033196
-0.0297178
-0.0248987
-0.0189605
-0.0125049
-0.00694816
-0.00440077
-0.00652404
-4.81033e-05
-0.00114734
-0.00349924
-0.00779661
-0.0139322
-0.0211139
-0.0282355
-0.0344068
-0.0391276
-0.0422308
-0.0437184
-0.0436091
-0.0419714
-0.0388775
-0.0343098
-0.0281563
-0.0205384
-0.0127025
-0.00785459
-0.00774783
-0.00245025
-0.00374194
-0.00669834
-0.0119131
-0.0190394
-0.0269812
-0.0345032
-0.040778
-0.0454493
-0.0484753
-0.049938
-0.0499293
-0.0485286
-0.0457868
-0.041661
-0.0359255
-0.0283248
-0.0193705
-0.011822
-0.00798036
-0.00553737
-0.00691493
-0.0102633
-0.0160215
-0.0236576
-0.0318886
-0.0394501
-0.0456114
-0.0501357
-0.0530556
-0.0544846
-0.0545247
-0.0532506
-0.0507239
-0.0469604
-0.0418107
-0.0348668
-0.0259469
-0.0167087
-0.00999425
-0.00873344
-0.0100855
-0.0135973
-0.0195416
-0.0272856
-0.035486
-0.0429107
-0.048908
-0.0533074
-0.0561651
-0.0575889
-0.0576602
-0.0564419
-0.054009
-0.0504493
-0.0457589
-0.0396328
-0.0315231
-0.0223206
-0.0143394
-0.0115037
-0.0127575
-0.0162188
-0.0220536
-0.0296061
-0.0375874
-0.0448248
-0.0506973
-0.0550404
-0.0578916
-0.0593338
-0.0594253
-0.0582162
-0.0557865
-0.0522847
-0.0478506
-0.0424297
-0.0353816
-0.0271972
-0.0191787
-0.0135489
-0.0146182
-0.0178553
-0.0233147
-0.0304299
-0.0380614
-0.045116
-0.0509475
-0.0553265
-0.0582377
-0.0597252
-0.0598276
-0.0585857
-0.0560805
-0.0525133
-0.0481363
-0.0432054
-0.0370552
-0.030031
-0.0224165
-0.0148369
-0.0155674
-0.0183512
-0.0232094
-0.0296922
-0.0368773
-0.0437628
-0.0496379
-0.0541523
-0.0571981
-0.058767
-0.0588741
-0.057555
-0.0549133
-0.0511749
-0.0466541
-0.0419641
-0.036299
-0.0302252
-0.0228952
-0.0154673
-0.0157215
-0.0177766
-0.0217454
-0.0273885
-0.0340301
-0.0407487
-0.0467384
-0.0514904
-0.0547655
-0.0564793
-0.0566203
-0.0551988
-0.0523505
-0.048344
-0.0435801
-0.0387294
-0.0331405
-0.0280988
-0.0202786
-0.0155739
-0.0152976
-0.0163374
-0.019087
-0.0236521
-0.0296328
-0.0361699
-0.0423338
-0.0474253
-0.0510369
-0.0529775
-0.0531808
-0.0516884
-0.0485892
-0.0442249
-0.0390525
-0.0337809
-0.0280709
-0.024231
-0.0143845
-0.0152763
-0.0145496
-0.0142602
-0.0154253
-0.018684
-0.0238936
-0.0302301
-0.0366131
-0.0421359
-0.046199
-0.048487
-0.0488641
-0.047351
-0.044019
-0.0392474
-0.0335179
-0.0276407
-0.021629
-0.0180534
-0.0038328
-0.0146615
-0.0136177
-0.0117064
-0.0110806
-0.0129531
-0.0173796
-0.023533
-0.0301691
-0.0361917
-0.0408097
-0.0435767
-0.0442597
-0.0428488
-0.0393749
-0.0341842
-0.0276891
-0.0206821
-0.0132763
-0.00678609
0.0160527
-0.0145828
-0.0126567
-0.00864813
-0.00623435
-0.00690977
-0.0107454
-0.0168172
-0.023739
-0.0302974
-0.0355378
-0.038902
-0.0400334
-0.0388761
-0.0354468
-0.0298951
-0.0222755
-0.0128728
-0.000688675
0.0166944
0.0570634
-0.0117942
-0.0118303
-0.00572587
-0.00177491
-0.00176488
-0.00540451
-0.0115747
-0.0188142
-0.0258745
-0.0316862
-0.0356609
-0.0373604
-0.036684
-0.0333543
-0.0272235
-0.0175414
-0.00314857
0.0204896
0.0607035
0.129821
-0.0295164
-0.0106294
-0.000608703
0.00308086
0.00244828
-0.00155687
-0.00799911
-0.0155527
-0.0229752
-0.0291726
-0.0335306
-0.0355866
-0.0351999
-0.0319547
-0.025227
-0.0128598
0.00942235
0.0511709
0.122877
0.226076
)
;

boundaryField
{
    movingWall
    {
        type            zeroGradient;
    }
    fixedWalls
    {
        type            zeroGradient;
    }
    frontAndBack
    {
        type            empty;
    }
}


// ************************************************************************* //
