/*--------------------------------*- C++ -*----------------------------------*\
| =========                 |                                                 |
| \\      /  F ield         | OpenFOAM: The Open Source CFD Toolbox           |
|  \\    /   O peration     | Version:  2212                                  |
|   \\  /    A nd           | Website:  www.openfoam.com                      |
|    \\/     M anipulation  |                                                 |
\*---------------------------------------------------------------------------*/
FoamFile
{
    version     2.0;
    format      ascii;
    arch        "LSB;label=32;scalar=64";
    class       surfaceScalarField;
    location    "10.5";
    object      phi;
}
// * * * * * * * * * * * * * * * * * * * * * * * * * * * * * * * * * * * * * //

dimensions      [0 3 -1 0 0 0 0];

oriented        oriented;

internalField   nonuniform List<scalar> 
760
(
1.56075e-07
-1.56132e-07
2.93623e-07
-1.37548e-07
3.09988e-07
-1.63644e-08
1.83679e-07
1.26309e-07
-1.2031e-07
3.03988e-07
-6.65928e-07
5.45619e-07
-1.48527e-06
8.1934e-07
-2.49086e-06
1.00559e-06
-3.48034e-06
9.8948e-07
-4.22033e-06
7.39994e-07
-4.54396e-06
3.23629e-07
-4.35364e-06
-1.90319e-07
-3.59375e-06
-7.59885e-07
-2.37899e-06
-1.21477e-06
-9.40026e-07
-1.43896e-06
3.4774e-07
-1.28777e-06
1.08993e-06
-7.4219e-07
1.03307e-06
5.68552e-08
4.60992e-07
5.72085e-07
4.60996e-07
1.25043e-07
-2.81176e-07
7.46025e-08
-8.71069e-08
-2.97032e-07
3.5527e-07
-1.07891e-06
9.0819e-07
-2.31594e-06
1.54102e-06
-3.92741e-06
2.15709e-06
-5.66231e-06
2.55424e-06
-7.20703e-06
2.55031e-06
-8.33693e-06
2.11938e-06
-8.94227e-06
1.34534e-06
-8.9762e-06
3.57553e-07
-8.4162e-06
-7.50318e-07
-7.29362e-06
-1.88246e-06
-5.64203e-06
-2.86636e-06
-3.60582e-06
-3.47518e-06
-1.49024e-06
-3.40335e-06
1.78721e-07
-2.41115e-06
8.58982e-07
-6.2341e-07
5.25703e-07
9.05356e-07
9.86702e-07
-1.27603e-07
-1.53572e-07
-6.33937e-07
4.19227e-07
-1.62494e-06
1.34628e-06
-3.14149e-06
2.42474e-06
-5.05755e-06
3.45707e-06
-7.0734e-06
4.17294e-06
-8.87349e-06
4.35432e-06
-1.02777e-05
3.95456e-06
-1.12345e-05
3.07616e-06
-1.17361e-05
1.84689e-06
-1.17301e-05
3.51597e-07
-1.12712e-05
-1.20923e-06
-1.03385e-05
-2.81516e-06
-8.87785e-06
-4.327e-06
-6.86959e-06
-5.48344e-06
-4.40323e-06
-5.86971e-06
-1.87874e-06
-4.93563e-06
-8.64004e-08
-2.41575e-06
2.94689e-07
5.24264e-07
1.28139e-06
-5.00534e-07
3.46961e-07
-1.56001e-06
1.4787e-06
-3.11953e-06
2.9058e-06
-5.08145e-06
4.38665e-06
-7.18535e-06
5.56097e-06
-9.12335e-06
6.11094e-06
-1.06932e-05
5.92417e-06
-1.18524e-05
5.11377e-06
-1.2629e-05
3.85278e-06
-1.30577e-05
2.27554e-06
-1.31227e-05
4.16645e-07
-1.28832e-05
-1.44874e-06
-1.23004e-05
-3.39798e-06
-1.12725e-05
-5.35491e-06
-9.66879e-06
-7.08714e-06
-7.36466e-06
-8.17384e-06
-4.39878e-06
-7.90151e-06
-1.37807e-06
-5.43646e-06
1.20734e-07
-9.74538e-07
1.40212e-06
-8.61961e-07
1.20892e-06
-2.36175e-06
2.9785e-06
-4.23287e-06
4.77691e-06
-6.28026e-06
6.43404e-06
-8.22269e-06
7.50341e-06
-9.83745e-06
7.7257e-06
-1.10479e-05
7.13459e-06
-1.18805e-05
5.94639e-06
-1.23971e-05
4.36938e-06
-1.26703e-05
2.54874e-06
-1.27909e-05
5.37231e-07
-1.27452e-05
-1.49439e-06
-1.25246e-05
-3.61864e-06
-1.205e-05
-5.8295e-06
-1.11353e-05
-8.00185e-06
-9.49253e-06
-9.8166e-06
-6.82226e-06
-1.05718e-05
-3.22301e-06
-9.0357e-06
-2.6117e-07
-3.93638e-06
1.14095e-06
-1.08712e-06
2.29604e-06
-2.78469e-06
4.67607e-06
-4.67854e-06
6.67076e-06
-6.53664e-06
8.29215e-06
-8.13467e-06
9.10143e-06
-9.3416e-06
8.93263e-06
-1.01534e-05
7.94644e-06
-1.06353e-05
6.42826e-06
-1.08774e-05
4.61148e-06
-1.09794e-05
2.65072e-06
-1.10626e-05
6.20438e-07
-1.11131e-05
-1.44384e-06
-1.11473e-05
-3.58452e-06
-1.11361e-05
-5.84065e-06
-1.09264e-05
-8.21157e-06
-1.01912e-05
-1.05518e-05
-8.43608e-06
-1.23268e-05
-5.24506e-06
-1.22267e-05
-1.15867e-06
-8.02277e-06
-1.77167e-08
-1.11124e-06
3.40729e-06
-2.75939e-06
6.32421e-06
-4.45741e-06
8.36878e-06
-5.99349e-06
9.82823e-06
-7.20753e-06
1.03155e-05
-8.03722e-06
9.76232e-06
-8.52033e-06
8.42954e-06
-8.74384e-06
6.65178e-06
-8.81121e-06
4.67885e-06
-8.81913e-06
2.65864e-06
-8.84968e-06
6.5099e-07
-8.92103e-06
-1.3725e-06
-9.05313e-06
-3.45242e-06
-9.25766e-06
-5.63613e-06
-9.47864e-06
-7.99059e-06
-9.48532e-06
-1.05451e-05
-8.75903e-06
-1.30531e-05
-6.54125e-06
-1.44445e-05
-2.42496e-06
-1.21391e-05
-2.44268e-06
-9.36626e-07
4.34391e-06
-2.34899e-06
7.73658e-06
-3.73696e-06
9.75675e-06
-4.91703e-06
1.10083e-05
-5.78826e-06
1.11867e-05
-6.33385e-06
1.03079e-05
-6.61103e-06
8.70672e-06
-6.71078e-06
6.75152e-06
-6.72892e-06
4.69699e-06
-6.73814e-06
2.66786e-06
-6.77376e-06
6.86617e-07
-6.85257e-06
-1.29369e-06
-6.99548e-06
-3.3095e-06
-7.23315e-06
-5.39846e-06
-7.58317e-06
-7.64056e-06
-7.95558e-06
-1.01727e-05
-7.94137e-06
-1.30674e-05
-6.72255e-06
-1.56633e-05
-3.58984e-06
-1.52718e-05
-6.03252e-06
-6.26059e-07
4.96997e-06
-1.68974e-06
8.80026e-06
-2.724e-06
1.0791e-05
-3.56421e-06
1.18485e-05
-4.15488e-06
1.17774e-05
-4.5062e-06
1.06592e-05
-4.67711e-06
8.87763e-06
-4.74593e-06
6.82034e-06
-4.78476e-06
4.73582e-06
-4.83679e-06
2.71989e-06
-4.91183e-06
7.61657e-07
-5.01603e-06
-1.18948e-06
-5.15916e-06
-3.16638e-06
-5.36971e-06
-5.18791e-06
-5.70288e-06
-7.30739e-06
-6.17287e-06
-9.70274e-06
-6.56299e-06
-1.26772e-05
-6.13291e-06
-1.60934e-05
-3.92709e-06
-1.74776e-05
-9.95961e-06
-2.3327e-07
5.20324e-06
-8.95022e-07
9.46201e-06
-1.56758e-06
1.14636e-05
-2.09813e-06
1.23791e-05
-2.45902e-06
1.21383e-05
-2.67456e-06
1.08748e-05
-2.79295e-06
8.99602e-06
-2.86739e-06
6.89479e-06
-2.94233e-06
4.81075e-06
-3.03956e-06
2.81713e-06
-3.1618e-06
8.83894e-07
-3.30851e-06
-1.04277e-06
-3.47973e-06
-2.99517e-06
-3.68748e-06
-4.98015e-06
-3.9821e-06
-7.01277e-06
-4.44605e-06
-9.23879e-06
-5.02803e-06
-1.20953e-05
-5.12735e-06
-1.59941e-05
-3.56075e-06
-1.90442e-05
-1.35204e-05
1.63763e-07
5.03948e-06
-7.04574e-08
9.69623e-06
-4.03931e-07
1.1797e-05
-6.55467e-07
1.26306e-05
-8.11002e-07
1.22938e-05
-9.01676e-07
1.09655e-05
-9.66847e-07
9.06119e-06
-1.03836e-06
6.9663e-06
-1.13276e-06
4.90515e-06
-1.2578e-06
2.94216e-06
-1.41605e-06
1.04215e-06
-1.60965e-06
-8.49168e-07
-1.837e-06
-2.76782e-06
-2.09572e-06
-4.72143e-06
-2.41297e-06
-6.69552e-06
-2.88012e-06
-8.77164e-06
-3.56274e-06
-1.14126e-05
-4.02715e-06
-1.55297e-05
-3.02687e-06
-2.00445e-05
-1.65472e-05
5.02481e-07
4.537e-06
7.00721e-07
9.49799e-06
7.44121e-07
1.17536e-05
7.79872e-07
1.25948e-05
8.24833e-07
1.22488e-05
8.53706e-07
1.09366e-05
8.46857e-07
9.06804e-06
7.96102e-07
7.01706e-06
7.02235e-07
4.99902e-06
5.66947e-07
3.07745e-06
3.84999e-07
1.2241e-06
1.50202e-07
-6.1437e-07
-1.38982e-07
-2.47863e-06
-4.89191e-07
-4.37122e-06
-9.03933e-07
-6.28078e-06
-1.42656e-06
-8.24902e-06
-2.20456e-06
-1.06346e-05
-2.95402e-06
-1.47802e-05
-2.46097e-06
-2.05375e-05
-1.90082e-05
7.59786e-07
3.77721e-06
1.35958e-06
8.8982e-06
1.75407e-06
1.13591e-05
2.08514e-06
1.22638e-05
2.35969e-06
1.19743e-05
2.5476e-06
1.07487e-05
2.6408e-06
8.97484e-06
2.65e-06
7.00786e-06
2.58915e-06
5.05987e-06
2.46455e-06
3.20204e-06
2.26856e-06
1.42009e-06
1.98707e-06
-3.32882e-07
1.62078e-06
-2.11233e-06
1.16479e-06
-3.91523e-06
6.14906e-07
-5.73089e-06
-7.99579e-08
-7.55416e-06
-9.53706e-07
-9.76089e-06
-1.91684e-06
-1.38171e-05
-1.92415e-06
-2.05302e-05
-2.09323e-05
8.75546e-07
2.90167e-06
1.81904e-06
7.9547e-06
2.56411e-06
1.06141e-05
3.2082e-06
1.16197e-05
3.75881e-06
1.14237e-05
4.17273e-06
1.03348e-05
4.43416e-06
8.71341e-06
4.55705e-06
6.88497e-06
4.56418e-06
5.05274e-06
4.47051e-06
3.29572e-06
4.27378e-06
1.61682e-06
3.94133e-06
-4.28366e-10
3.49397e-06
-1.66497e-06
2.90607e-06
-3.32734e-06
2.17895e-06
-5.00376e-06
1.3318e-06
-6.70701e-06
2.7432e-07
-8.70341e-06
-9.53162e-07
-1.25896e-05
-1.42489e-06
-2.00585e-05
-2.23572e-05
8.11427e-07
2.09024e-06
1.96502e-06
6.80111e-06
3.01268e-06
9.56642e-06
3.99075e-06
1.06416e-05
4.87233e-06
1.05421e-05
5.59144e-06
9.61564e-06
6.10899e-06
8.19587e-06
6.4279e-06
6.56606e-06
6.56886e-06
4.91177e-06
6.54968e-06
3.31491e-06
6.36845e-06
1.79805e-06
6.02247e-06
3.4555e-07
5.47867e-06
-1.12117e-06
4.74458e-06
-2.59326e-06
3.81241e-06
-4.07159e-06
2.71123e-06
-5.60583e-06
1.4017e-06
-7.39388e-06
-1.48933e-07
-1.10389e-05
-9.09043e-07
-1.92984e-05
-2.32663e-05
5.81449e-07
1.50879e-06
1.77026e-06
5.6123e-06
3.11543e-06
8.22125e-06
4.47313e-06
9.28391e-06
5.74587e-06
9.26936e-06
6.83504e-06
8.52647e-06
7.67523e-06
7.35567e-06
8.25373e-06
5.98756e-06
8.58278e-06
4.58272e-06
8.67894e-06
3.21875e-06
8.54879e-06
1.9282e-06
8.18943e-06
7.04916e-07
7.55669e-06
-4.8844e-07
6.66807e-06
-1.70463e-06
5.51094e-06
-2.91447e-06
4.12637e-06
-4.22125e-06
2.58847e-06
-5.85599e-06
9.69062e-07
-9.41953e-06
-1.38929e-07
-1.81904e-05
-2.34052e-05
1.54329e-07
1.35446e-06
1.04868e-06
4.71795e-06
2.5335e-06
6.73642e-06
4.2636e-06
7.55381e-06
5.9936e-06
7.53936e-06
7.53574e-06
6.98434e-06
8.7873e-06
6.10411e-06
9.71846e-06
5.0564e-06
1.03242e-05
3.97697e-06
1.06158e-05
2.92711e-06
1.05993e-05
1.94479e-06
1.02799e-05
1.02425e-06
9.61144e-06
1.80042e-07
8.61649e-06
-7.09675e-07
7.28478e-06
-1.58276e-06
5.66856e-06
-2.60503e-06
3.92907e-06
-4.1165e-06
2.25068e-06
-7.74114e-06
6.56922e-07
-1.65966e-05
-2.27483e-05
-5.19148e-07
1.87361e-06
2.03723e-07
3.99508e-06
1.76789e-06
5.17226e-06
3.84146e-06
5.48024e-06
6.0072e-06
5.37362e-06
7.97805e-06
5.01349e-06
9.61738e-06
4.46478e-06
1.08836e-05
3.79021e-06
1.17591e-05
3.10147e-06
1.22599e-05
2.42625e-06
1.23896e-05
1.81516e-06
1.21676e-05
1.24617e-06
1.16184e-05
7.29229e-07
1.07122e-05
1.96577e-07
9.45365e-06
-3.2421e-07
7.91663e-06
-1.06801e-06
6.28704e-06
-2.48691e-06
4.4668e-06
-5.92091e-06
2.05975e-06
-1.41896e-05
-2.06885e-05
-4.18157e-06
6.05518e-06
-3.64416e-06
3.45767e-06
-1.24381e-06
2.77192e-06
1.56265e-06
2.67377e-06
4.31124e-06
2.62504e-06
6.85485e-06
2.46988e-06
9.07978e-06
2.23985e-06
1.09255e-05
1.94448e-06
1.23734e-05
1.65357e-06
1.34504e-05
1.34926e-06
1.41735e-05
1.09209e-06
1.45874e-05
8.32248e-07
1.46797e-05
6.36894e-07
1.44594e-05
4.16899e-07
1.39225e-05
2.12658e-07
1.3085e-05
-2.30481e-07
1.19347e-05
-1.33659e-06
1.01167e-05
-4.10291e-06
5.63959e-06
-9.71247e-06
-1.50489e-05
6.05518e-06
9.51285e-06
1.22848e-05
1.49585e-05
1.75836e-05
2.00534e-05
2.22933e-05
2.42378e-05
2.58913e-05
2.72406e-05
2.83327e-05
2.91649e-05
2.98018e-05
3.02187e-05
3.04314e-05
3.02009e-05
2.88643e-05
2.47614e-05
1.50489e-05
)
;

boundaryField
{
    movingWall
    {
        type            calculated;
        value           uniform 0;
    }
    fixedWalls
    {
        type            calculated;
        value           uniform 0;
    }
    frontAndBack
    {
        type            empty;
        value           nonuniform List<scalar> 0();
    }
}


// ************************************************************************* //
