/*--------------------------------*- C++ -*----------------------------------*\
| =========                 |                                                 |
| \\      /  F ield         | OpenFOAM: The Open Source CFD Toolbox           |
|  \\    /   O peration     | Version:  2212                                  |
|   \\  /    A nd           | Website:  www.openfoam.com                      |
|    \\/     M anipulation  |                                                 |
\*---------------------------------------------------------------------------*/
FoamFile
{
    version     2.0;
    format      ascii;
    arch        "LSB;label=32;scalar=64";
    class       volScalarField;
    location    "10.5";
    object      T;
}
// * * * * * * * * * * * * * * * * * * * * * * * * * * * * * * * * * * * * * //

dimensions      [0 0 0 1 0 0 0];

internalField   nonuniform List<scalar> 
400
(
0.903262
0.905516
0.910096
0.916846
0.924657
0.931696
0.936645
0.939443
0.940906
0.941881
0.942758
0.943654
0.944603
0.945568
0.946395
0.946824
0.946434
0.944762
0.942042
0.939813
0.906188
0.908938
0.914445
0.922292
0.930518
0.936487
0.93935
0.940345
0.940707
0.940978
0.941483
0.942412
0.943828
0.945648
0.947492
0.94878
0.948623
0.946344
0.942828
0.94028
0.910751
0.914417
0.921213
0.929364
0.935731
0.938437
0.938455
0.937389
0.936021
0.934983
0.934824
0.935927
0.938306
0.941886
0.946008
0.949701
0.951341
0.949295
0.94427
0.941146
0.915212
0.91982
0.927206
0.93383
0.936744
0.935794
0.932734
0.928803
0.924896
0.922006
0.920879
0.922149
0.925659
0.93149
0.938839
0.946547
0.952456
0.953695
0.948075
0.943213
0.918654
0.923817
0.930673
0.934524
0.933514
0.928757
0.922066
0.914663
0.907884
0.902938
0.900701
0.901909
0.906368
0.914248
0.924841
0.93701
0.948596
0.956226
0.95498
0.947092
0.920952
0.926125
0.931568
0.93212
0.927152
0.918519
0.908044
0.897266
0.887874
0.881134
0.877931
0.878846
0.883864
0.893084
0.906059
0.921832
0.938547
0.953084
0.960198
0.952795
0.922281
0.926976
0.930514
0.927783
0.919179
0.906978
0.893146
0.879631
0.868309
0.860398
0.856626
0.857284
0.86247
0.872227
0.886405
0.904432
0.924829
0.94476
0.959611
0.960958
0.92291
0.926882
0.928523
0.922947
0.911247
0.896017
0.879511
0.864037
0.851517
0.843027
0.839041
0.839597
0.844713
0.854392
0.868698
0.887604
0.910334
0.934358
0.954949
0.965342
0.923061
0.926243
0.926229
0.91841
0.904327
0.886842
0.86848
0.851759
0.838566
0.829813
0.825744
0.826257
0.831255
0.840632
0.854437
0.873038
0.896705
0.923798
0.948947
0.963465
0.922905
0.925419
0.924275
0.915072
0.899464
0.880492
0.86092
0.843402
0.82977
0.82079
0.816565
0.81696
0.821831
0.830958
0.84417
0.861831
0.885122
0.914042
0.943538
0.962057
0.922543
0.924572
0.922798
0.912958
0.89663
0.876981
0.856907
0.839055
0.825162
0.815914
0.811386
0.811486
0.816101
0.824963
0.837659
0.854209
0.876214
0.905594
0.9385
0.961156
0.922034
0.923804
0.921992
0.912427
0.89633
0.876829
0.856862
0.839004
0.824936
0.81536
0.810406
0.810038
0.814176
0.822559
0.834643
0.850015
0.870172
0.898924
0.934475
0.960666
0.92137
0.923078
0.92162
0.912986
0.897911
0.879343
0.860165
0.842826
0.828936
0.819229
0.813907
0.812973
0.816399
0.823946
0.835061
0.849084
0.867003
0.894036
0.931291
0.960614
0.920509
0.92235
0.92164
0.914654
0.901515
0.884766
0.867119
0.850849
0.837492
0.827837
0.822186
0.820547
0.822982
0.829258
0.838894
0.851135
0.866548
0.891194
0.929237
0.960918
0.919371
0.92146
0.921483
0.916283
0.905553
0.891322
0.875993
0.861583
0.84947
0.840414
0.83478
0.832559
0.83386
0.838501
0.846103
0.85615
0.868896
0.890355
0.928161
0.961587
0.918014
0.920434
0.921399
0.918257
0.910449
0.899405
0.887076
0.87515
0.864815
0.856755
0.851335
0.848607
0.848602
0.851275
0.856398
0.863725
0.873584
0.891214
0.928122
0.96264
0.916674
0.919043
0.920273
0.918586
0.913447
0.905774
0.896929
0.888156
0.880326
0.873979
0.86935
0.866573
0.865561
0.866415
0.869125
0.873652
0.880921
0.895206
0.930273
0.964431
0.915725
0.918482
0.920418
0.919941
0.917162
0.912618
0.907103
0.90138
0.896001
0.89138
0.887668
0.885037
0.883473
0.883073
0.884091
0.886422
0.891791
0.902803
0.934314
0.966691
0.903288
0.91593
0.916121
0.91592
0.914449
0.912391
0.90999
0.90774
0.905663
0.904134
0.903018
0.902526
0.902582
0.903146
0.904637
0.906535
0.911384
0.91982
0.943773
0.970562
0.932031
0.940286
0.944734
0.947432
0.94891
0.949859
0.950385
0.95091
0.951289
0.951847
0.952341
0.953061
0.953728
0.954622
0.955478
0.956659
0.958151
0.961285
0.967502
0.978493
)
;

boundaryField
{
    movingWall
    {
        type            fixedValue;
        value           uniform 1;
    }
    fixedWalls
    {
        type            zeroGradient;
    }
    frontAndBack
    {
        type            empty;
    }
}


// ************************************************************************* //
