/*--------------------------------*- C++ -*----------------------------------*\
| =========                 |                                                 |
| \\      /  F ield         | OpenFOAM: The Open Source CFD Toolbox           |
|  \\    /   O peration     | Version:  2212                                  |
|   \\  /    A nd           | Website:  www.openfoam.com                      |
|    \\/     M anipulation  |                                                 |
\*---------------------------------------------------------------------------*/
FoamFile
{
    version     2.0;
    format      ascii;
    arch        "LSB;label=32;scalar=64";
    class       surfaceScalarField;
    location    "7.5";
    object      phi;
}
// * * * * * * * * * * * * * * * * * * * * * * * * * * * * * * * * * * * * * //

dimensions      [0 3 -1 0 0 0 0];

oriented        oriented;

internalField   nonuniform List<scalar> 
760
(
1.56013e-07
-1.5605e-07
2.93471e-07
-1.37458e-07
3.09794e-07
-1.63241e-08
1.83486e-07
1.26308e-07
-1.20454e-07
3.03941e-07
-6.65949e-07
5.45495e-07
-1.48507e-06
8.19123e-07
-2.49041e-06
1.00533e-06
-3.4797e-06
9.89291e-07
-4.21964e-06
7.39943e-07
-4.54336e-06
3.23716e-07
-4.35329e-06
-1.90068e-07
-3.59375e-06
-7.59543e-07
-2.37934e-06
-1.21441e-06
-9.4066e-07
-1.43868e-06
3.46976e-07
-1.28764e-06
1.0893e-06
-7.42324e-07
1.03273e-06
5.6572e-08
4.60879e-07
5.7185e-07
4.60879e-07
1.2492e-07
-2.80971e-07
7.43737e-08
-8.69121e-08
-2.97247e-07
3.55298e-07
-1.07898e-06
9.08036e-07
-2.3157e-06
1.54066e-06
-3.92674e-06
2.15654e-06
-5.66122e-06
2.55361e-06
-7.20565e-06
2.54976e-06
-8.33541e-06
2.11905e-06
-8.94077e-06
1.3453e-06
-8.97485e-06
3.57789e-07
-8.41512e-06
-7.49797e-07
-7.29292e-06
-1.88174e-06
-5.64176e-06
-2.86557e-06
-3.60596e-06
-3.47448e-06
-1.49067e-06
-3.40293e-06
1.78144e-07
-2.41114e-06
8.58567e-07
-6.23851e-07
5.25549e-07
9.04867e-07
9.86428e-07
-1.27703e-07
-1.53268e-07
-6.34034e-07
4.19418e-07
-1.62485e-06
1.34612e-06
-3.14102e-06
2.4242e-06
-5.05655e-06
3.45619e-06
-7.07187e-06
4.17186e-06
-8.87153e-06
4.35327e-06
-1.02755e-05
3.95371e-06
-1.12321e-05
3.07564e-06
-1.17336e-05
1.84679e-06
-1.17277e-05
3.51962e-07
-1.1269e-05
-1.2085e-06
-1.03367e-05
-2.8141e-06
-8.87647e-06
-4.32577e-06
-6.86873e-06
-5.48223e-06
-4.40288e-06
-5.86877e-06
-1.8788e-06
-4.93521e-06
-8.66199e-08
-2.41603e-06
2.94607e-07
5.2364e-07
1.28103e-06
-5.00499e-07
3.47231e-07
-1.55979e-06
1.47871e-06
-3.11892e-06
2.90524e-06
-5.08027e-06
4.38555e-06
-7.18357e-06
5.55949e-06
-9.12104e-06
6.10934e-06
-1.06905e-05
5.9227e-06
-1.18493e-05
5.1126e-06
-1.26257e-05
3.85204e-06
-1.30543e-05
2.27533e-06
-1.31194e-05
4.17095e-07
-1.28801e-05
-1.44782e-06
-1.22976e-05
-3.39659e-06
-1.12701e-05
-5.35323e-06
-9.66697e-06
-7.08539e-06
-7.36345e-06
-8.17229e-06
-4.39821e-06
-7.90045e-06
-1.37806e-06
-5.43618e-06
1.20645e-07
-9.75068e-07
1.40168e-06
-8.61764e-07
1.209e-06
-2.36116e-06
2.97811e-06
-4.23172e-06
4.7758e-06
-6.27848e-06
6.43231e-06
-8.22033e-06
7.50133e-06
-9.83459e-06
7.7236e-06
-1.10446e-05
7.1327e-06
-1.18769e-05
5.94487e-06
-1.23932e-05
4.36838e-06
-1.26663e-05
2.54839e-06
-1.27868e-05
5.3767e-07
-1.27414e-05
-1.49328e-06
-1.25211e-05
-3.61692e-06
-1.20469e-05
-5.82737e-06
-1.11327e-05
-7.99957e-06
-9.49057e-06
-9.81446e-06
-6.82099e-06
-1.057e-05
-3.22255e-06
-9.03462e-06
-2.61241e-07
-3.93638e-06
1.14044e-06
-1.08677e-06
2.29576e-06
-2.78381e-06
4.67516e-06
-4.67704e-06
6.66903e-06
-6.53453e-06
8.2898e-06
-8.13201e-06
9.09881e-06
-9.33847e-06
8.93005e-06
-1.01499e-05
7.9441e-06
-1.06313e-05
6.42633e-06
-1.08731e-05
4.61013e-06
-1.09748e-05
2.65014e-06
-1.10579e-05
6.20792e-07
-1.11087e-05
-1.44256e-06
-1.11432e-05
-3.58241e-06
-1.11326e-05
-5.83799e-06
-1.09234e-05
-8.20872e-06
-1.01887e-05
-1.05491e-05
-8.43426e-06
-1.23245e-05
-5.24397e-06
-1.22249e-05
-1.15852e-06
-8.02182e-06
-1.80863e-08
-1.11079e-06
3.40656e-06
-2.75836e-06
6.32272e-06
-4.45579e-06
8.36646e-06
-5.99131e-06
9.82532e-06
-7.20485e-06
1.03123e-05
-8.03406e-06
9.75927e-06
-8.51669e-06
8.42673e-06
-8.7397e-06
6.64934e-06
-8.80658e-06
4.67702e-06
-8.81414e-06
2.65769e-06
-8.84455e-06
6.512e-07
-8.91605e-06
-1.37106e-06
-9.04857e-06
-3.44988e-06
-9.25373e-06
-5.63283e-06
-9.47544e-06
-7.98702e-06
-9.48278e-06
-1.05418e-05
-8.75701e-06
-1.30503e-05
-6.53979e-06
-1.44421e-05
-2.4244e-06
-1.21372e-05
-2.44248e-06
-9.36179e-07
4.34274e-06
-2.348e-06
7.73454e-06
-3.73544e-06
9.7539e-06
-4.91502e-06
1.10049e-05
-5.78578e-06
1.11831e-05
-6.3309e-06
1.03044e-05
-6.60755e-06
8.70338e-06
-6.70672e-06
6.74851e-06
-6.7243e-06
4.6946e-06
-6.73308e-06
2.66647e-06
-6.7685e-06
6.86618e-07
-6.84738e-06
-1.29218e-06
-6.99068e-06
-3.30659e-06
-7.229e-06
-5.3945e-06
-7.57987e-06
-7.63615e-06
-7.95311e-06
-1.01685e-05
-7.93951e-06
-1.30639e-05
-6.72113e-06
-1.56605e-05
-3.5889e-06
-1.52694e-05
-6.03139e-06
-6.25697e-07
4.96843e-06
-1.68893e-06
8.79777e-06
-2.72276e-06
1.07877e-05
-3.56256e-06
1.18447e-05
-4.15283e-06
1.17734e-05
-4.50371e-06
1.06553e-05
-4.67412e-06
8.87378e-06
-4.7424e-06
6.81679e-06
-4.7807e-06
4.73291e-06
-4.83232e-06
2.71809e-06
-4.90713e-06
7.61425e-07
-5.01133e-06
-1.18798e-06
-5.1547e-06
-3.16322e-06
-5.36578e-06
-5.18342e-06
-5.69972e-06
-7.3022e-06
-6.17059e-06
-9.69768e-06
-6.56142e-06
-1.2673e-05
-6.13175e-06
-1.60902e-05
-3.92628e-06
-1.74749e-05
-9.95766e-06
-2.33069e-07
5.2015e-06
-8.94501e-07
9.4592e-06
-1.56676e-06
1.146e-05
-2.09702e-06
1.2375e-05
-2.4576e-06
1.2134e-05
-2.6728e-06
1.08705e-05
-2.79081e-06
8.99179e-06
-2.86484e-06
6.89082e-06
-2.9394e-06
4.80746e-06
-3.03633e-06
2.81503e-06
-3.15836e-06
8.83456e-07
-3.305e-06
-1.04134e-06
-3.47629e-06
-2.99193e-06
-3.68431e-06
-4.97539e-06
-3.97947e-06
-7.00704e-06
-4.44418e-06
-9.23297e-06
-5.02686e-06
-1.20904e-05
-5.12658e-06
-1.59905e-05
-3.56024e-06
-1.90412e-05
-1.35179e-05
1.63751e-07
5.03775e-06
-7.03138e-08
9.69327e-06
-4.03628e-07
1.17933e-05
-6.55008e-07
1.26263e-05
-8.10373e-07
1.22893e-05
-9.00855e-07
1.0961e-05
-9.65822e-07
9.05676e-06
-1.03714e-06
6.96214e-06
-1.13136e-06
4.90168e-06
-1.25624e-06
2.93991e-06
-1.41434e-06
1.04156e-06
-1.60781e-06
-8.47877e-07
-1.83507e-06
-2.76467e-06
-2.0938e-06
-4.71666e-06
-2.41124e-06
-6.68961e-06
-2.87886e-06
-8.76535e-06
-3.56205e-06
-1.14072e-05
-4.02677e-06
-1.55258e-05
-3.02663e-06
-2.00414e-05
-1.65445e-05
5.02263e-07
4.53549e-06
7.00456e-07
9.49508e-06
7.43843e-07
1.17499e-05
7.79595e-07
1.25906e-05
8.24574e-07
1.22443e-05
8.53463e-07
1.09321e-05
8.46609e-07
9.06361e-06
7.95817e-07
7.01293e-06
7.01927e-07
4.99557e-06
5.6665e-07
3.07519e-06
3.84784e-07
1.22343e-06
1.50138e-07
-6.1323e-07
-1.38858e-07
-2.47567e-06
-4.88845e-07
-4.36667e-06
-9.03441e-07
-6.27501e-06
-1.42615e-06
-8.24264e-06
-2.20445e-06
-1.06289e-05
-2.95409e-06
-1.47761e-05
-2.461e-06
-2.05345e-05
-1.90055e-05
7.59364e-07
3.77612e-06
1.3589e-06
8.89554e-06
1.75321e-06
1.13556e-05
2.08411e-06
1.22597e-05
2.35851e-06
1.19699e-05
2.54627e-06
1.07443e-05
2.63928e-06
8.9706e-06
2.64825e-06
7.00396e-06
2.58718e-06
5.05664e-06
2.46247e-06
3.1999e-06
2.2665e-06
1.41939e-06
1.9852e-06
-3.31933e-07
1.61921e-06
-2.10967e-06
1.16359e-06
-3.91106e-06
6.14098e-07
-5.72551e-06
-8.04645e-08
-7.54808e-06
-9.54225e-07
-9.75512e-06
-1.91736e-06
-1.3813e-05
-1.92439e-06
-2.05274e-05
-2.09299e-05
8.74997e-07
2.90113e-06
1.81803e-06
7.9525e-06
2.56274e-06
1.06109e-05
3.2065e-06
1.16159e-05
3.7568e-06
1.14197e-05
4.17039e-06
1.03307e-05
4.43147e-06
8.70952e-06
4.55399e-06
6.88144e-06
4.56078e-06
5.04985e-06
4.46687e-06
3.29381e-06
4.2701e-06
1.61617e-06
3.93786e-06
3.13052e-10
3.49085e-06
-1.66267e-06
2.90346e-06
-3.32367e-06
2.17693e-06
-4.99898e-06
1.33033e-06
-6.70149e-06
2.73274e-07
-8.69806e-06
-9.54003e-07
-1.25857e-05
-1.42529e-06
-2.00561e-05
-2.23552e-05
8.10878e-07
2.09025e-06
1.96382e-06
6.79956e-06
3.01096e-06
9.56378e-06
3.98855e-06
1.06383e-05
4.86967e-06
1.05385e-05
5.58832e-06
9.61207e-06
6.10538e-06
8.19246e-06
6.42381e-06
6.56302e-06
6.56435e-06
4.90931e-06
6.54486e-06
3.31329e-06
6.36354e-06
1.79749e-06
6.01771e-06
3.46146e-07
5.4743e-06
-1.11925e-06
4.7408e-06
-2.59017e-06
3.80936e-06
-4.06755e-06
2.70901e-06
-5.60114e-06
1.40021e-06
-7.38926e-06
-1.49697e-07
-1.10358e-05
-9.0961e-07
-1.92962e-05
-2.32648e-05
5.81034e-07
1.50921e-06
1.76912e-06
5.61148e-06
3.11361e-06
8.21928e-06
4.47065e-06
9.28128e-06
5.74276e-06
9.26643e-06
6.83132e-06
8.5235e-06
7.67092e-06
7.35286e-06
8.24886e-06
5.98508e-06
8.57743e-06
4.58075e-06
8.67325e-06
3.21747e-06
8.54298e-06
1.92776e-06
8.18373e-06
7.05392e-07
7.55141e-06
-4.86927e-07
6.66342e-06
-1.70218e-06
5.50713e-06
-2.91126e-06
4.12358e-06
-4.21758e-06
2.58657e-06
-5.85226e-06
9.67689e-07
-9.41691e-06
-1.39555e-07
-1.8189e-05
-2.34044e-05
1.54096e-07
1.35512e-06
1.04777e-06
4.7178e-06
2.53186e-06
6.7352e-06
4.26118e-06
7.55196e-06
5.99042e-06
7.53719e-06
7.53182e-06
6.9821e-06
8.7827e-06
6.10199e-06
9.71322e-06
5.05455e-06
1.03184e-05
3.97553e-06
1.06097e-05
2.9262e-06
1.05929e-05
1.94453e-06
1.02737e-05
1.02467e-06
9.60568e-06
1.81066e-07
8.61133e-06
-7.0784e-07
7.28054e-06
-1.58046e-06
5.66542e-06
-2.60246e-06
3.92707e-06
-4.11391e-06
2.24952e-06
-7.73937e-06
6.56481e-07
-1.65959e-05
-2.27479e-05
-5.18959e-07
1.87408e-06
2.03433e-07
3.99541e-06
1.7668e-06
5.17183e-06
3.83946e-06
5.47931e-06
6.00424e-06
5.3724e-06
7.9742e-06
5.01215e-06
9.61271e-06
4.46348e-06
1.08782e-05
3.78907e-06
1.17531e-05
3.10062e-06
1.22536e-05
2.42573e-06
1.23831e-05
1.81503e-06
1.21613e-05
1.24641e-06
1.16125e-05
7.29911e-07
1.07069e-05
1.977e-07
9.44943e-06
-3.22947e-07
7.91352e-06
-1.06656e-06
6.28512e-06
-2.4855e-06
4.46581e-06
-5.92006e-06
2.05934e-06
-1.41895e-05
-2.06886e-05
-4.18135e-06
6.05543e-06
-3.64396e-06
3.45801e-06
-1.2441e-06
2.77197e-06
1.56163e-06
2.67358e-06
4.30937e-06
2.62466e-06
6.85214e-06
2.46938e-06
9.07627e-06
2.23934e-06
1.09213e-05
1.94402e-06
1.23687e-05
1.65321e-06
1.34454e-05
1.34904e-06
1.41684e-05
1.09203e-06
1.45825e-05
8.32349e-07
1.46752e-05
6.3717e-07
1.44556e-05
4.17278e-07
1.39196e-05
2.1311e-07
1.30829e-05
-2.29865e-07
1.19335e-05
-1.33615e-06
1.01163e-05
-4.10281e-06
5.63942e-06
-9.71263e-06
-1.50491e-05
6.05543e-06
9.51344e-06
1.22854e-05
1.4959e-05
1.75836e-05
2.0053e-05
2.22924e-05
2.42364e-05
2.58896e-05
2.72386e-05
2.83307e-05
2.9163e-05
2.98002e-05
3.02175e-05
3.04306e-05
3.02007e-05
2.88646e-05
2.47618e-05
1.50491e-05
)
;

boundaryField
{
    movingWall
    {
        type            calculated;
        value           uniform 0;
    }
    fixedWalls
    {
        type            calculated;
        value           uniform 0;
    }
    frontAndBack
    {
        type            empty;
        value           nonuniform List<scalar> 0();
    }
}


// ************************************************************************* //
