/*--------------------------------*- C++ -*----------------------------------*\
| =========                 |                                                 |
| \\      /  F ield         | OpenFOAM: The Open Source CFD Toolbox           |
|  \\    /   O peration     | Version:  2212                                  |
|   \\  /    A nd           | Website:  www.openfoam.com                      |
|    \\/     M anipulation  |                                                 |
\*---------------------------------------------------------------------------*/
FoamFile
{
    version     2.0;
    format      ascii;
    arch        "LSB;label=32;scalar=64";
    class       volVectorField;
    location    "7.5";
    object      U;
}
// * * * * * * * * * * * * * * * * * * * * * * * * * * * * * * * * * * * * * //

dimensions      [0 1 -1 0 0 0 0];

internalField   nonuniform List<vector> 
400
(
(0.00168111 -0.0016831 0)
(0.00483641 -0.00189144 0)
(0.00658747 -0.00120028 0)
(0.0056707 -0.000574834 0)
(0.00156845 0.000184248 0)
(-0.00683129 0.00173934 0)
(-0.020607 0.0047852 0)
(-0.0395351 0.00873349 0)
(-0.0608003 0.0112898 0)
(-0.0791245 0.0105109 0)
(-0.0898007 0.00677469 0)
(-0.0904548 0.00167051 0)
(-0.0802235 -0.00361398 0)
(-0.0599978 -0.00827224 0)
(-0.0335307 -0.010845 0)
(-0.00530613 -0.00979445 0)
(0.01671 -0.00477495 0)
(0.0244604 0.00277438 0)
(0.0161744 0.00647002 0)
(0.00431586 0.00471607 0)
(0.00171917 -0.00506243 0)
(0.00315894 -0.00402947 0)
(-0.000422087 0.00058909 0)
(-0.0113337 0.00644133 0)
(-0.0314255 0.0140476 0)
(-0.0611419 0.0237683 0)
(-0.0968299 0.0330532 0)
(-0.131436 0.0370841 0)
(-0.158945 0.0335117 0)
(-0.176076 0.0233998 0)
(-0.181426 0.00911191 0)
(-0.175059 -0.00698404 0)
(-0.157546 -0.0231658 0)
(-0.129643 -0.0369052 0)
(-0.0936135 -0.0445583 0)
(-0.0522 -0.0418352 0)
(-0.0114098 -0.0263365 0)
(0.016879 -0.00128573 0)
(0.0178663 0.0162172 0)
(0.00554123 0.0148164 0)
(-0.000240921 -0.00577529 0)
(-0.00538382 0.000806393 0)
(-0.019611 0.0142994 0)
(-0.0445007 0.0312306 0)
(-0.080329 0.0494346 0)
(-0.122182 0.0643055 0)
(-0.162319 0.0705309 0)
(-0.195235 0.0660159 0)
(-0.218824 0.0521834 0)
(-0.232491 0.0315326 0)
(-0.236248 0.00642166 0)
(-0.230765 -0.0211023 0)
(-0.216356 -0.0488577 0)
(-0.192517 -0.0732102 0)
(-0.158987 -0.089012 0)
(-0.115731 -0.0892205 0)
(-0.0645612 -0.0670283 0)
(-0.0138269 -0.022674 0)
(0.00947765 0.0179077 0)
(0.00415532 0.0235742 0)
(-0.0034721 0.000459436 0)
(-0.0175138 0.0172436 0)
(-0.043511 0.0414955 0)
(-0.079669 0.068181 0)
(-0.122935 0.0911407 0)
(-0.165819 0.103826 0)
(-0.201882 0.102882 0)
(-0.229199 0.0896552 0)
(-0.248034 0.0673164 0)
(-0.258987 0.038578 0)
(-0.262895 0.00532477 0)
(-0.260565 -0.0311012 0)
(-0.251936 -0.0684327 0)
(-0.235964 -0.103718 0)
(-0.21066 -0.131466 0)
(-0.173322 -0.142872 0)
(-0.121388 -0.125756 0)
(-0.0568416 -0.0708569 0)
(-0.000990255 0.00355393 0)
(0.00474217 0.0282331 0)
(-0.00666172 0.0147872 0)
(-0.0287249 0.0441093 0)
(-0.063278 0.0770824 0)
(-0.10444 0.108899 0)
(-0.14725 0.131183 0)
(-0.184541 0.13817 0)
(-0.212873 0.129479 0)
(-0.23265 0.108727 0)
(-0.245162 0.0797852 0)
(-0.252136 0.0454446 0)
(-0.255254 0.0072486 0)
(-0.255438 -0.0339784 0)
(-0.252463 -0.0770552 0)
(-0.245788 -0.120654 0)
(-0.232601 -0.160789 0)
(-0.208287 -0.189003 0)
(-0.166796 -0.189961 0)
(-0.103436 -0.142872 0)
(-0.0221833 -0.0388626 0)
(0.00737989 0.0270921 0)
(-0.00850884 0.0348733 0)
(-0.0351695 0.0766313 0)
(-0.0730767 0.114934 0)
(-0.113239 0.147675 0)
(-0.150493 0.166004 0)
(-0.179349 0.165941 0)
(-0.198868 0.149734 0)
(-0.210607 0.122481 0)
(-0.21655 0.0885288 0)
(-0.219177 0.0508647 0)
(-0.220443 0.0109631 0)
(-0.221346 -0.0307359 0)
(-0.222083 -0.0746872 0)
(-0.222765 -0.12125 0)
(-0.221202 -0.169194 0)
(-0.21231 -0.213029 0)
(-0.188 -0.238564 0)
(-0.139669 -0.218525 0)
(-0.0628409 -0.118938 0)
(0.00584536 0.0141965 0)
(-0.00829048 0.057 0)
(-0.0353331 0.109997 0)
(-0.07182 0.150472 0)
(-0.107052 0.181155 0)
(-0.13668 0.193846 0)
(-0.15708 0.186452 0)
(-0.168984 0.163292 0)
(-0.174514 0.130514 0)
(-0.176079 0.0928785 0)
(-0.17617 0.0533994 0)
(-0.176279 0.0133211 0)
(-0.177081 -0.0272851 0)
(-0.179119 -0.0695356 0)
(-0.182937 -0.114677 0)
(-0.187898 -0.163807 0)
(-0.190381 -0.21578 0)
(-0.182503 -0.261639 0)
(-0.154262 -0.275165 0)
(-0.099388 -0.205901 0)
(-0.00890784 -0.0146303 0)
(-0.00613357 0.0775903 0)
(-0.029785 0.140542 0)
(-0.061413 0.181202 0)
(-0.0898769 0.20831 0)
(-0.111881 0.214897 0)
(-0.125412 0.200571 0)
(-0.132094 0.171342 0)
(-0.134236 0.134185 0)
(-0.134288 0.0940807 0)
(-0.13418 0.0537332 0)
(-0.134581 0.0138673 0)
(-0.135674 -0.0258604 0)
(-0.137911 -0.0664333 0)
(-0.141985 -0.109035 0)
(-0.148512 -0.155618 0)
(-0.156191 -0.208539 0)
(-0.15906 -0.265876 0)
(-0.14674 -0.308121 0)
(-0.112246 -0.277202 0)
(-0.0309611 -0.0753352 0)
(-0.00272872 0.0936047 0)
(-0.0204133 0.165628 0)
(-0.045143 0.205589 0)
(-0.0663334 0.228573 0)
(-0.0815975 0.229533 0)
(-0.0900832 0.209547 0)
(-0.0937082 0.175797 0)
(-0.0946111 0.135764 0)
(-0.0948789 0.0944291 0)
(-0.0956665 0.054006 0)
(-0.0970115 0.0145938 0)
(-0.0988201 -0.0245557 0)
(-0.101259 -0.0641777 0)
(-0.104834 -0.104927 0)
(-0.110692 -0.148399 0)
(-0.119568 -0.198524 0)
(-0.128334 -0.259769 0)
(-0.126518 -0.323446 0)
(-0.107475 -0.334757 0)
(-0.0373462 -0.163427 0)
(0.00121972 0.102747 0)
(-0.00894013 0.183465 0)
(-0.0256388 0.223139 0)
(-0.0396343 0.242753 0)
(-0.0491105 0.239516 0)
(-0.0539794 0.215542 0)
(-0.0559431 0.178787 0)
(-0.0566486 0.137094 0)
(-0.0576022 0.0953511 0)
(-0.0593386 0.0552383 0)
(-0.0616279 0.0163055 0)
(-0.0643267 -0.0224633 0)
(-0.0674263 -0.0616794 0)
(-0.0711055 -0.101547 0)
(-0.0762969 -0.142738 0)
(-0.0845708 -0.188883 0)
(-0.0960508 -0.248323 0)
(-0.100646 -0.324307 0)
(-0.0951702 -0.37222 0)
(-0.0309218 -0.242571 0)
(0.00511729 0.103912 0)
(0.00295798 0.193062 0)
(-0.00538702 0.233631 0)
(-0.0125016 0.250783 0)
(-0.0168903 0.244695 0)
(-0.0187749 0.218478 0)
(-0.0194597 0.180416 0)
(-0.0199838 0.138345 0)
(-0.0212785 0.0968998 0)
(-0.0235119 0.0573834 0)
(-0.026399 0.019073 0)
(-0.0298808 -0.0191415 0)
(-0.033974 -0.0579194 0)
(-0.0386176 -0.097316 0)
(-0.044358 -0.137253 0)
(-0.052424 -0.18012 0)
(-0.0657488 -0.235611 0)
(-0.0742191 -0.318078 0)
(-0.0811977 -0.396722 0)
(-0.0229415 -0.307126 0)
(0.00845454 0.0974389 0)
(0.0142171 0.194054 0)
(0.0141006 0.237153 0)
(0.0137067 0.253563 0)
(0.0143299 0.246479 0)
(0.0155272 0.219771 0)
(0.0163874 0.181722 0)
(0.0164417 0.140012 0)
(0.0153037 0.0990846 0)
(0.0130258 0.0601804 0)
(0.00985782 0.0226135 0)
(0.00575092 -0.0147297 0)
(0.000562145 -0.0526386 0)
(-0.00556018 -0.091213 0)
(-0.0130245 -0.130085 0)
(-0.0219712 -0.170257 0)
(-0.0377137 -0.220649 0)
(-0.0487329 -0.304436 0)
(-0.0679058 -0.408467 0)
(-0.0144598 -0.360008 0)
(0.0103242 0.0844647 0)
(0.0234105 0.18646 0)
(0.0310722 0.233277 0)
(0.0370003 0.250109 0)
(0.0426603 0.243265 0)
(0.0476131 0.21748 0)
(0.0510481 0.180718 0)
(0.0527211 0.140317 0)
(0.0525862 0.100567 0)
(0.0508535 0.0627785 0)
(0.0477418 0.0264424 0)
(0.0431347 -0.00950162 0)
(0.0368646 -0.0459485 0)
(0.0290545 -0.0830569 0)
(0.0189069 -0.120461 0)
(0.0075869 -0.158392 0)
(-0.0118235 -0.204359 0)
(-0.0242496 -0.286437 0)
(-0.0558495 -0.410976 0)
(-0.00613932 -0.401858 0)
(0.00987233 0.0672217 0)
(0.0290177 0.170656 0)
(0.0443393 0.22219 0)
(0.0568781 0.241278 0)
(0.0681682 0.236346 0)
(0.0778515 0.212984 0)
(0.0850685 0.178693 0)
(0.0895184 0.140357 0)
(0.091278 0.102208 0)
(0.0906479 0.0657894 0)
(0.0879591 0.0309643 0)
(0.0829102 -0.00328688 0)
(0.0753994 -0.0375019 0)
(0.0657135 -0.072259 0)
(0.0524715 -0.107364 0)
(0.0375473 -0.142701 0)
(0.0131146 -0.184191 0)
(6.42671e-05 -0.263201 0)
(-0.044806 -0.406681 0)
(0.0027628 -0.436242 0)
(0.00692552 0.0493934 0)
(0.0293509 0.148942 0)
(0.0510927 0.203606 0)
(0.069966 0.224516 0)
(0.0874372 0.221655 0)
(0.103127 0.201496 0)
(0.115791 0.170904 0)
(0.12475 0.136019 0)
(0.129915 0.100831 0)
(0.13153 0.0670183 0)
(0.129862 0.0348303 0)
(0.124937 0.00344172 0)
(0.11631 -0.0274316 0)
(0.104583 -0.0586494 0)
(0.0875006 -0.0902558 0)
(0.0683217 -0.122863 0)
(0.0382699 -0.160784 0)
(0.0238412 -0.237108 0)
(-0.0344502 -0.398934 0)
(0.0134708 -0.464409 0)
(0.00238541 0.034631 0)
(0.023629 0.123884 0)
(0.0509373 0.179921 0)
(0.0766623 0.202911 0)
(0.101321 0.202595 0)
(0.124198 0.186193 0)
(0.143645 0.160138 0)
(0.158447 0.129713 0)
(0.168185 0.0985286 0)
(0.173069 0.0682752 0)
(0.17304 0.039549 0)
(0.16881 0.0119435 0)
(0.158977 -0.014886 0)
(0.145249 -0.041674 0)
(0.123957 -0.0687027 0)
(0.100428 -0.0974956 0)
(0.0645876 -0.132651 0)
(0.046987 -0.207417 0)
(-0.0227167 -0.387063 0)
(0.028527 -0.485544 0)
(-0.00342509 0.0286241 0)
(0.0100635 0.101496 0)
(0.0370928 0.148676 0)
(0.0689496 0.169432 0)
(0.101836 0.170648 0)
(0.133549 0.158356 0)
(0.161539 0.137923 0)
(0.184077 0.113524 0)
(0.200118 0.0882433 0)
(0.210036 0.0636112 0)
(0.212957 0.0403724 0)
(0.210701 0.018408 0)
(0.200439 -0.00265672 0)
(0.185813 -0.0232816 0)
(0.161008 -0.0439382 0)
(0.134403 -0.0676949 0)
(0.0928873 -0.101646 0)
(0.0698562 -0.17998 0)
(-0.00437876 -0.370039 0)
(0.0521557 -0.491634 0)
(-0.0140048 0.0185275 0)
(-0.0075149 0.0881785 0)
(0.0192079 0.124184 0)
(0.0564309 0.1373 0)
(0.0975745 0.136887 0)
(0.137947 0.127702 0)
(0.174191 0.113046 0)
(0.204026 0.0952701 0)
(0.225914 0.0768024 0)
(0.241 0.0586598 0)
(0.247032 0.0417956 0)
(0.247946 0.0261101 0)
(0.238611 0.0117562 0)
(0.226799 -0.00202787 0)
(0.201812 -0.0160616 0)
(0.177842 -0.0349954 0)
(0.133512 -0.0677743 0)
(0.107819 -0.145985 0)
(0.0374629 -0.326117 0)
(0.0923636 -0.455871 0)
(-0.106014 0.0824252 0)
(-0.0777552 0.0689973 0)
(-0.0485686 0.0733663 0)
(0.00377087 0.0778797 0)
(0.0572753 0.0782096 0)
(0.109996 0.0739437 0)
(0.157154 0.0666089 0)
(0.199507 0.0572061 0)
(0.23161 0.0475334 0)
(0.259756 0.0378808 0)
(0.275481 0.0292184 0)
(0.290635 0.0212367 0)
(0.290992 0.0144838 0)
(0.295109 0.00810368 0)
(0.278819 0.00113872 0)
(0.271616 -0.00999907 0)
(0.232317 -0.035556 0)
(0.21813 -0.0954141 0)
(0.150206 -0.229723 0)
(0.170672 -0.341457 0)
(0.129972 0.103746 0)
(0.158326 0.0752331 0)
(0.212174 0.0532337 0)
(0.270682 0.0416277 0)
(0.323255 0.0359163 0)
(0.37569 0.0319504 0)
(0.420278 0.0289173 0)
(0.465589 0.0255813 0)
(0.498679 0.0229034 0)
(0.533924 0.0197114 0)
(0.55336 0.0175492 0)
(0.579169 0.0146119 0)
(0.585309 0.0131678 0)
(0.603653 0.0103494 0)
(0.59508 0.00938744 0)
(0.603589 0.00500328 0)
(0.567788 9.19714e-05 0)
(0.547618 -0.0183144 0)
(0.435699 -0.0504145 0)
(0.336758 -0.101387 0)
)
;

boundaryField
{
    movingWall
    {
        type            fixedValue;
        value           uniform (1 0 0);
    }
    fixedWalls
    {
        type            noSlip;
    }
    frontAndBack
    {
        type            empty;
    }
}


// ************************************************************************* //
