/*--------------------------------*- C++ -*----------------------------------*\
| =========                 |                                                 |
| \\      /  F ield         | OpenFOAM: The Open Source CFD Toolbox           |
|  \\    /   O peration     | Version:  2212                                  |
|   \\  /    A nd           | Website:  www.openfoam.com                      |
|    \\/     M anipulation  |                                                 |
\*---------------------------------------------------------------------------*/
FoamFile
{
    version     2.0;
    format      ascii;
    arch        "LSB;label=32;scalar=64";
    class       volScalarField;
    location    "7.7";
    object      p;
}
// * * * * * * * * * * * * * * * * * * * * * * * * * * * * * * * * * * * * * //

dimensions      [0 2 -2 0 0 0 0];

internalField   nonuniform List<scalar> 
400
(
7.46562e-07
-0.000150159
-0.000534124
-0.0010712
-0.00173179
-0.00249309
-0.00318406
-0.00359655
-0.0035643
-0.00293311
-0.00154777
0.000619855
0.00324987
0.00551457
0.00653499
0.00592525
0.00400542
0.0021535
0.00111455
0.00104539
0.000116716
-5.76475e-05
-0.000376499
-0.000763602
-0.00124345
-0.00188744
-0.00270532
-0.00354238
-0.00407867
-0.00393708
-0.0028453
-0.000824046
0.00168999
0.00396173
0.00512622
0.00474568
0.00310664
0.00137873
0.000597158
0.000688033
0.000536731
0.00026536
-7.68366e-05
-0.000559102
-0.00134662
-0.00257964
-0.00421763
-0.00598164
-0.0073999
-0.00794102
-0.00726153
-0.00545968
-0.00288969
-0.000192769
0.00179399
0.00243072
0.00171258
0.000506229
-0.000391928
-0.00038884
0.00115198
0.000741406
0.000192205
-0.000774227
-0.00245003
-0.00493587
-0.00799201
-0.0111161
-0.0136979
-0.0151709
-0.0152008
-0.0138342
-0.0112886
-0.00802474
-0.00474832
-0.00220591
-0.000866509
-0.000702267
-0.00128479
-0.00191422
0.00158289
0.000973513
-2.269e-05
-0.00192319
-0.00500454
-0.00917622
-0.0139078
-0.0184717
-0.0222064
-0.024642
-0.0255173
-0.024712
-0.0223537
-0.0187351
-0.0142976
-0.00964991
-0.00558728
-0.00294474
-0.00218941
-0.00401379
0.0012926
0.000444609
-0.00119702
-0.00430266
-0.00900115
-0.014874
-0.0210631
-0.0267026
-0.0311761
-0.0341618
-0.0355279
-0.0351724
-0.0331813
-0.0297051
-0.0248881
-0.018952
-0.0124985
-0.00694332
-0.00439672
-0.00651953
-4.90329e-05
-0.00114779
-0.00349851
-0.00779372
-0.0139263
-0.0211044
-0.0282222
-0.03439
-0.0391077
-0.0422088
-0.0436956
-0.0435867
-0.0419506
-0.0388593
-0.0342945
-0.0281442
-0.0205293
-0.012696
-0.00784987
-0.00774376
-0.00245065
-0.00374173
-0.00669653
-0.0119084
-0.0190309
-0.0269683
-0.0344858
-0.0407562
-0.0454239
-0.0484472
-0.0499086
-0.0499002
-0.0485014
-0.0457627
-0.0416407
-0.0359093
-0.0283124
-0.0193617
-0.0118162
-0.00797654
-0.00553683
-0.00691368
-0.0102602
-0.016015
-0.0236465
-0.0318726
-0.0394289
-0.0455852
-0.050105
-0.0530216
-0.054449
-0.0544893
-0.0532172
-0.0506941
-0.0469352
-0.0417904
-0.0348511
-0.0259355
-0.0167011
-0.00998935
-0.0087318
-0.0100831
-0.0135927
-0.0195334
-0.0272724
-0.0354673
-0.0428863
-0.0488781
-0.0532726
-0.0561265
-0.0575483
-0.0576196
-0.0564035
-0.0539746
-0.05042
-0.0457352
-0.0396144
-0.0315093
-0.0223107
-0.0143323
-0.0115012
-0.0127542
-0.0162132
-0.0220441
-0.0295915
-0.0375669
-0.0447984
-0.050665
-0.0550029
-0.05785
-0.0592901
-0.0593816
-0.0581747
-0.0557492
-0.052253
-0.0478249
-0.0424097
-0.0353664
-0.0271857
-0.0191696
-0.0135458
-0.0146143
-0.0178492
-0.0233047
-0.0304148
-0.0380405
-0.045089
-0.0509146
-0.0552882
-0.0581953
-0.0596806
-0.059783
-0.0585434
-0.0560426
-0.0524812
-0.0481104
-0.0431855
-0.0370401
-0.0300194
-0.0224067
-0.0148336
-0.0155634
-0.0183452
-0.0231998
-0.0296778
-0.0368573
-0.0437369
-0.0496062
-0.0541153
-0.0571572
-0.0587239
-0.058831
-0.0575143
-0.054877
-0.0511445
-0.0466301
-0.0419461
-0.0362858
-0.0302149
-0.0228863
-0.0154641
-0.0157179
-0.0177713
-0.0217371
-0.027376
-0.0340124
-0.0407254
-0.0467095
-0.0514565
-0.0547278
-0.0564395
-0.0565806
-0.0551615
-0.0523177
-0.0483172
-0.0435598
-0.0387152
-0.0331309
-0.0280912
-0.0202725
-0.0155709
-0.0152946
-0.0163333
-0.0190807
-0.0236423
-0.0296186
-0.0361506
-0.0423093
-0.047396
-0.051004
-0.0529426
-0.0531461
-0.0516561
-0.0485614
-0.0442031
-0.0390373
-0.0337718
-0.0280663
-0.0242275
-0.0143827
-0.0152737
-0.0145472
-0.0142575
-0.0154214
-0.0186777
-0.0238836
-0.0302155
-0.0365937
-0.042112
-0.0461716
-0.0484578
-0.048835
-0.0473243
-0.0439969
-0.0392314
-0.0335085
-0.0276373
-0.0216299
-0.0180562
-0.00383619
-0.0146595
-0.013616
-0.0117052
-0.0110793
-0.0129504
-0.017374
-0.0235235
-0.0301551
-0.0361733
-0.0407879
-0.043553
-0.0442361
-0.0428275
-0.0393581
-0.0341735
-0.0276852
-0.0206844
-0.0132833
-0.0067956
0.0160444
-0.0145815
-0.0126558
-0.00864836
-0.00623556
-0.00691052
-0.010744
-0.0168123
-0.0237298
-0.030284
-0.035521
-0.0388832
-0.0400147
-0.0388595
-0.0354344
-0.0298885
-0.0222758
-0.0128799
-0.000701044
0.0166797
0.0570512
-0.0117938
-0.0118303
-0.00572769
-0.00177826
-0.00176823
-0.00540613
-0.0115731
-0.0188085
-0.0258646
-0.0316728
-0.0356454
-0.0373446
-0.0366699
-0.0333441
-0.0272192
-0.017544
-0.00315822
0.0204745
0.060687
0.129807
-0.0295156
-0.01063
-0.000611448
0.00307653
0.00244384
-0.00155971
-0.00799882
-0.0155484
-0.0229667
-0.0291605
-0.0335162
-0.0355717
-0.0351866
-0.031945
-0.0252226
-0.0128618
0.00941349
0.0511571
0.122863
0.226064
)
;

boundaryField
{
    movingWall
    {
        type            zeroGradient;
    }
    fixedWalls
    {
        type            zeroGradient;
    }
    frontAndBack
    {
        type            empty;
    }
}


// ************************************************************************* //
