/*--------------------------------*- C++ -*----------------------------------*\
| =========                 |                                                 |
| \\      /  F ield         | OpenFOAM: The Open Source CFD Toolbox           |
|  \\    /   O peration     | Version:  2212                                  |
|   \\  /    A nd           | Website:  www.openfoam.com                      |
|    \\/     M anipulation  |                                                 |
\*---------------------------------------------------------------------------*/
FoamFile
{
    version     2.0;
    format      ascii;
    arch        "LSB;label=32;scalar=64";
    class       surfaceScalarField;
    location    "7.7";
    object      phi;
}
// * * * * * * * * * * * * * * * * * * * * * * * * * * * * * * * * * * * * * //

dimensions      [0 3 -1 0 0 0 0];

oriented        oriented;

internalField   nonuniform List<scalar> 
760
(
1.56011e-07
-1.56078e-07
2.93491e-07
-1.3748e-07
3.09825e-07
-1.63335e-08
1.83518e-07
1.26307e-07
-1.2043e-07
3.03949e-07
-6.65947e-07
5.45517e-07
-1.48511e-06
8.19162e-07
-2.49049e-06
1.00538e-06
-3.47981e-06
9.89325e-07
-4.21977e-06
7.39952e-07
-4.54347e-06
3.237e-07
-4.35335e-06
-1.90113e-07
-3.59375e-06
-7.59604e-07
-2.37928e-06
-1.21447e-06
-9.40548e-07
-1.43873e-06
3.47112e-07
-1.28766e-06
1.08941e-06
-7.42299e-07
1.03279e-06
5.66222e-08
4.609e-07
5.7189e-07
4.60899e-07
1.24937e-07
-2.81016e-07
7.441e-08
-8.69531e-08
-2.97213e-07
3.5529e-07
-1.07897e-06
9.08063e-07
-2.31574e-06
1.54072e-06
-3.92686e-06
2.15664e-06
-5.66142e-06
2.55372e-06
-7.2059e-06
2.54986e-06
-8.33569e-06
2.11911e-06
-8.94104e-06
1.34531e-06
-8.97509e-06
3.57747e-07
-8.41531e-06
-7.49891e-07
-7.29305e-06
-1.88187e-06
-5.64181e-06
-2.86571e-06
-3.60593e-06
-3.47461e-06
-1.49059e-06
-3.403e-06
1.78246e-07
-2.41114e-06
8.5864e-07
-6.23771e-07
5.25578e-07
9.04955e-07
9.86477e-07
-1.27688e-07
-1.53328e-07
-6.3402e-07
4.19379e-07
-1.62487e-06
1.34614e-06
-3.14111e-06
2.42429e-06
-5.05673e-06
3.45635e-06
-7.07215e-06
4.17206e-06
-8.87189e-06
4.35346e-06
-1.02759e-05
3.95387e-06
-1.12325e-05
3.07573e-06
-1.1734e-05
1.84681e-06
-1.17282e-05
3.51897e-07
-1.12694e-05
-1.20863e-06
-1.0337e-05
-2.81429e-06
-8.87672e-06
-4.32599e-06
-6.86888e-06
-5.48244e-06
-4.40294e-06
-5.86894e-06
-1.87879e-06
-4.93529e-06
-8.65815e-08
-2.41598e-06
2.94621e-07
5.23752e-07
1.2811e-06
-5.00507e-07
3.47179e-07
-1.55983e-06
1.47871e-06
-3.11903e-06
2.90534e-06
-5.08048e-06
4.38575e-06
-7.18389e-06
5.55975e-06
-9.12145e-06
6.10962e-06
-1.0691e-05
5.92296e-06
-1.18499e-05
5.11281e-06
-1.26263e-05
3.85217e-06
-1.30549e-05
2.27537e-06
-1.312e-05
4.17013e-07
-1.28806e-05
-1.44799e-06
-1.22981e-05
-3.39684e-06
-1.12706e-05
-5.35353e-06
-9.6673e-06
-7.0857e-06
-7.36367e-06
-8.17257e-06
-4.39831e-06
-7.90064e-06
-1.37806e-06
-5.43623e-06
1.20661e-07
-9.74973e-07
1.40176e-06
-8.61801e-07
1.20898e-06
-2.36127e-06
2.97818e-06
-4.23193e-06
4.776e-06
-6.2788e-06
6.43262e-06
-8.22075e-06
7.5017e-06
-9.8351e-06
7.72397e-06
-1.10452e-05
7.13304e-06
-1.18775e-05
5.94514e-06
-1.23939e-05
4.36856e-06
-1.2667e-05
2.54845e-06
-1.27876e-05
5.3759e-07
-1.27421e-05
-1.49348e-06
-1.25217e-05
-3.61723e-06
-1.20475e-05
-5.82775e-06
-1.11332e-05
-7.99998e-06
-9.49092e-06
-9.81484e-06
-6.82122e-06
-1.05703e-05
-3.22264e-06
-9.03481e-06
-2.61229e-07
-3.93638e-06
1.14053e-06
-1.08683e-06
2.29581e-06
-2.78397e-06
4.67532e-06
-4.67731e-06
6.66934e-06
-6.53491e-06
8.29022e-06
-8.13249e-06
9.09928e-06
-9.33903e-06
8.93051e-06
-1.01505e-05
7.94452e-06
-1.0632e-05
6.42668e-06
-1.08739e-05
4.61037e-06
-1.09756e-05
2.65024e-06
-1.10588e-05
6.20727e-07
-1.11095e-05
-1.44279e-06
-1.11439e-05
-3.58278e-06
-1.11332e-05
-5.83847e-06
-1.09239e-05
-8.20923e-06
-1.01892e-05
-1.05496e-05
-8.43459e-06
-1.23249e-05
-5.24416e-06
-1.22252e-05
-1.15855e-06
-8.02199e-06
-1.80195e-08
-1.11087e-06
3.40669e-06
-2.75854e-06
6.32299e-06
-4.45608e-06
8.36687e-06
-5.9917e-06
9.82584e-06
-7.20533e-06
1.03129e-05
-8.03463e-06
9.75981e-06
-8.51734e-06
8.42723e-06
-8.74044e-06
6.64978e-06
-8.80741e-06
4.67734e-06
-8.81503e-06
2.65786e-06
-8.84547e-06
6.51161e-07
-8.91693e-06
-1.37132e-06
-9.04938e-06
-3.45034e-06
-9.25443e-06
-5.63342e-06
-9.47601e-06
-7.98766e-06
-9.48323e-06
-1.05424e-05
-8.75737e-06
-1.30508e-05
-6.54005e-06
-1.44426e-05
-2.4245e-06
-1.21375e-05
-2.44252e-06
-9.36259e-07
4.34295e-06
-2.34818e-06
7.73491e-06
-3.73572e-06
9.75441e-06
-4.91538e-06
1.10055e-05
-5.78622e-06
1.11837e-05
-6.33143e-06
1.0305e-05
-6.60817e-06
8.70397e-06
-6.70744e-06
6.74905e-06
-6.72512e-06
4.69502e-06
-6.73398e-06
2.66672e-06
-6.76944e-06
6.86615e-07
-6.84831e-06
-1.29245e-06
-6.99153e-06
-3.30711e-06
-7.22974e-06
-5.39521e-06
-7.58046e-06
-7.63694e-06
-7.95355e-06
-1.01693e-05
-7.93984e-06
-1.30645e-05
-6.72138e-06
-1.5661e-05
-3.58907e-06
-1.52699e-05
-6.03159e-06
-6.25762e-07
4.96871e-06
-1.68907e-06
8.79822e-06
-2.72298e-06
1.07883e-05
-3.56285e-06
1.18454e-05
-4.15319e-06
1.17741e-05
-4.50416e-06
1.0656e-05
-4.67465e-06
8.87447e-06
-4.74303e-06
6.81742e-06
-4.78142e-06
4.73342e-06
-4.83312e-06
2.71841e-06
-4.90797e-06
7.61463e-07
-5.01217e-06
-1.18825e-06
-5.15549e-06
-3.16379e-06
-5.36648e-06
-5.18422e-06
-5.70028e-06
-7.30313e-06
-6.17099e-06
-9.69858e-06
-6.5617e-06
-1.26738e-05
-6.13195e-06
-1.60908e-05
-3.92642e-06
-1.74754e-05
-9.95801e-06
-2.33104e-07
5.20181e-06
-8.94594e-07
9.45971e-06
-1.56691e-06
1.14606e-05
-2.09722e-06
1.23757e-05
-2.45786e-06
1.21347e-05
-2.67312e-06
1.08712e-05
-2.79119e-06
8.99254e-06
-2.8653e-06
6.89152e-06
-2.93992e-06
4.80804e-06
-3.03691e-06
2.8154e-06
-3.15897e-06
8.8353e-07
-3.30562e-06
-1.0416e-06
-3.4769e-06
-2.99251e-06
-3.68487e-06
-4.97624e-06
-3.97994e-06
-7.00806e-06
-4.44451e-06
-9.23401e-06
-5.02707e-06
-1.20912e-05
-5.12671e-06
-1.59911e-05
-3.56033e-06
-1.90418e-05
-1.35183e-05
1.63753e-07
5.03806e-06
-7.03387e-08
9.6938e-06
-4.03681e-07
1.1794e-05
-6.55089e-07
1.26271e-05
-8.10483e-07
1.22901e-05
-9.00999e-07
1.09618e-05
-9.66003e-07
9.05755e-06
-1.03736e-06
6.96288e-06
-1.1316e-06
4.90229e-06
-1.25651e-06
2.94031e-06
-1.41464e-06
1.04166e-06
-1.60813e-06
-8.48111e-07
-1.83541e-06
-2.76523e-06
-2.09414e-06
-4.71751e-06
-2.41155e-06
-6.69066e-06
-2.87908e-06
-8.76647e-06
-3.56217e-06
-1.14081e-05
-4.02684e-06
-1.55264e-05
-3.02667e-06
-2.00419e-05
-1.6545e-05
5.02303e-07
4.53576e-06
7.00504e-07
9.4956e-06
7.43894e-07
1.17506e-05
7.79646e-07
1.25913e-05
8.24622e-07
1.22451e-05
8.53509e-07
1.09329e-05
8.46656e-07
9.0644e-06
7.95871e-07
7.01366e-06
7.01985e-07
4.99618e-06
5.66706e-07
3.07559e-06
3.84825e-07
1.22354e-06
1.50152e-07
-6.13437e-07
-1.38877e-07
-2.4762e-06
-4.88905e-07
-4.36748e-06
-9.03527e-07
-6.27604e-06
-1.42622e-06
-8.24378e-06
-2.20446e-06
-1.06299e-05
-2.95407e-06
-1.47768e-05
-2.461e-06
-2.0535e-05
-1.9006e-05
7.5944e-07
3.77632e-06
1.35903e-06
8.89601e-06
1.75336e-06
1.13562e-05
2.0843e-06
1.22604e-05
2.35873e-06
1.19707e-05
2.54651e-06
1.07451e-05
2.63955e-06
8.97136e-06
2.64857e-06
7.00465e-06
2.58753e-06
5.05721e-06
2.46284e-06
3.20028e-06
2.26687e-06
1.41951e-06
1.98554e-06
-3.32106e-07
1.61949e-06
-2.11015e-06
1.16381e-06
-3.91181e-06
6.14243e-07
-5.72647e-06
-8.0374e-08
-7.54916e-06
-9.54132e-07
-9.75615e-06
-1.91727e-06
-1.38137e-05
-1.92435e-06
-2.05279e-05
-2.09304e-05
8.75096e-07
2.90122e-06
1.81821e-06
7.95289e-06
2.56299e-06
1.06115e-05
3.20681e-06
1.16166e-05
3.75716e-06
1.14204e-05
4.17081e-06
1.03314e-05
4.43195e-06
8.71021e-06
4.55454e-06
6.88207e-06
4.56139e-06
5.05036e-06
4.46752e-06
3.29415e-06
4.27076e-06
1.61628e-06
3.93847e-06
1.77817e-10
3.4914e-06
-1.66308e-06
2.90393e-06
-3.32433e-06
2.17729e-06
-4.99983e-06
1.33059e-06
-6.70247e-06
2.7346e-07
-8.69901e-06
-9.53854e-07
-1.25864e-05
-1.42522e-06
-2.00566e-05
-2.23556e-05
8.10976e-07
2.09025e-06
1.96404e-06
6.79984e-06
3.01126e-06
9.56425e-06
3.98894e-06
1.06389e-05
4.87015e-06
1.05392e-05
5.58888e-06
9.6127e-06
6.10603e-06
8.19306e-06
6.42454e-06
6.56356e-06
6.56515e-06
4.90975e-06
6.54572e-06
3.31358e-06
6.36441e-06
1.79759e-06
6.01856e-06
3.46038e-07
5.47507e-06
-1.1196e-06
4.74147e-06
-2.59072e-06
3.80991e-06
-4.06827e-06
2.70941e-06
-5.60197e-06
1.40048e-06
-7.39008e-06
-1.49561e-07
-1.10364e-05
-9.09509e-07
-1.92966e-05
-2.32651e-05
5.81108e-07
1.50914e-06
1.76932e-06
5.61162e-06
3.11394e-06
8.21963e-06
4.47109e-06
9.28175e-06
5.74331e-06
9.26695e-06
6.83198e-06
8.52403e-06
7.67169e-06
7.35336e-06
8.24973e-06
5.98552e-06
8.57838e-06
4.5811e-06
8.67426e-06
3.21769e-06
8.54401e-06
1.92784e-06
8.18475e-06
7.05305e-07
7.55235e-06
-4.87197e-07
6.66424e-06
-1.70262e-06
5.50781e-06
-2.91183e-06
4.12407e-06
-4.21823e-06
2.58691e-06
-5.85292e-06
9.67934e-07
-9.41737e-06
-1.39443e-07
-1.81892e-05
-2.34045e-05
1.54138e-07
1.355e-06
1.04794e-06
4.71783e-06
2.53215e-06
6.73542e-06
4.26162e-06
7.55229e-06
5.99099e-06
7.53758e-06
7.53252e-06
6.9825e-06
8.78352e-06
6.10236e-06
9.71416e-06
5.05488e-06
1.03195e-05
3.97578e-06
1.06108e-05
2.92636e-06
1.05941e-05
1.94457e-06
1.02748e-05
1.02459e-06
9.6067e-06
1.80883e-07
8.61225e-06
-7.08167e-07
7.28129e-06
-1.58087e-06
5.66597e-06
-2.60292e-06
3.92742e-06
-4.11437e-06
2.24973e-06
-7.73968e-06
6.5656e-07
-1.65961e-05
-2.2748e-05
-5.18992e-07
1.87399e-06
2.03486e-07
3.99535e-06
1.767e-06
5.1719e-06
3.83981e-06
5.47947e-06
6.00477e-06
5.37262e-06
7.97488e-06
5.01239e-06
9.61354e-06
4.46371e-06
1.08791e-05
3.78927e-06
1.17542e-05
3.10077e-06
1.22547e-05
2.42582e-06
1.23842e-05
1.81505e-06
1.21625e-05
1.24636e-06
1.16135e-05
7.29788e-07
1.07079e-05
1.97499e-07
9.45018e-06
-3.23171e-07
7.91407e-06
-1.06681e-06
6.28546e-06
-2.48575e-06
4.46598e-06
-5.92021e-06
2.05942e-06
-1.41895e-05
-2.06886e-05
-4.18139e-06
6.05538e-06
-3.64399e-06
3.45795e-06
-1.24405e-06
2.77196e-06
1.56181e-06
2.67361e-06
4.30971e-06
2.62472e-06
6.85262e-06
2.46947e-06
9.0769e-06
2.23943e-06
1.09221e-05
1.9441e-06
1.23696e-05
1.65328e-06
1.34463e-05
1.34908e-06
1.41693e-05
1.09204e-06
1.45833e-05
8.3233e-07
1.4676e-05
6.37121e-07
1.44563e-05
4.1721e-07
1.39201e-05
2.1303e-07
1.30833e-05
-2.29973e-07
1.19337e-05
-1.33623e-06
1.01164e-05
-4.10283e-06
5.63945e-06
-9.7126e-06
-1.50491e-05
6.05538e-06
9.51334e-06
1.22853e-05
1.49589e-05
1.75836e-05
2.00531e-05
2.22925e-05
2.42366e-05
2.58899e-05
2.7239e-05
2.8331e-05
2.91634e-05
2.98005e-05
3.02177e-05
3.04307e-05
3.02008e-05
2.88645e-05
2.47617e-05
1.50491e-05
)
;

boundaryField
{
    movingWall
    {
        type            calculated;
        value           uniform 0;
    }
    fixedWalls
    {
        type            calculated;
        value           uniform 0;
    }
    frontAndBack
    {
        type            empty;
        value           nonuniform List<scalar> 0();
    }
}


// ************************************************************************* //
