/*--------------------------------*- C++ -*----------------------------------*\
| =========                 |                                                 |
| \\      /  F ield         | OpenFOAM: The Open Source CFD Toolbox           |
|  \\    /   O peration     | Version:  2212                                  |
|   \\  /    A nd           | Website:  www.openfoam.com                      |
|    \\/     M anipulation  |                                                 |
\*---------------------------------------------------------------------------*/
FoamFile
{
    version     2.0;
    format      ascii;
    arch        "LSB;label=32;scalar=64";
    class       volScalarField;
    location    "12.9";
    object      p;
}
// * * * * * * * * * * * * * * * * * * * * * * * * * * * * * * * * * * * * * //

dimensions      [0 2 -2 0 0 0 0];

internalField   nonuniform List<scalar> 
400
(
3.11249e-07
-0.0001507
-0.000534784
-0.00107199
-0.00173272
-0.0024942
-0.00318533
-0.00359791
-0.00356568
-0.00293441
-0.00154885
0.000619115
0.00324934
0.00551385
0.00653352
0.00592262
0.0040018
0.00214937
0.00111036
0.00104131
0.000116186
-5.82315e-05
-0.000377178
-0.000764355
-0.00124428
-0.00188841
-0.00270653
-0.00354387
-0.00408036
-0.00393878
-0.00284677
-0.000825174
0.0016891
0.00396066
0.00512445
0.00474283
0.00310271
0.00137446
0.000592871
0.000683916
0.000536304
0.000264833
-7.74607e-05
-0.000559821
-0.00134754
-0.00258094
-0.00421952
-0.00598421
-0.00740303
-0.00794435
-0.00726465
-0.00546242
-0.00289204
-0.00019501
0.0017914
0.00242741
0.00170846
0.000501761
-0.00039643
-0.000393138
0.00115182
0.000741131
0.000191739
-0.000775003
-0.00245141
-0.00493822
-0.00799563
-0.011121
-0.0137039
-0.0151775
-0.0152074
-0.0138404
-0.0112941
-0.00802957
-0.00475274
-0.00221024
-0.000870917
-0.000706758
-0.00128937
-0.00191869
0.00158322
0.000973614
-2.30205e-05
-0.00192433
-0.00500702
-0.00918056
-0.0139143
-0.0184804
-0.0222168
-0.0246535
-0.0255292
-0.0247234
-0.022364
-0.018744
-0.0143051
-0.00965623
-0.00559265
-0.00294945
-0.0021938
-0.00401853
0.00129328
0.000444926
-0.00119751
-0.00430468
-0.00900546
-0.0148812
-0.0210734
-0.0267159
-0.0311919
-0.0341793
-0.0355461
-0.0351901
-0.0331974
-0.0297192
-0.0248999
-0.0189614
-0.0125058
-0.00694888
-0.00440143
-0.00652474
-4.83983e-05
-0.00114767
-0.00349965
-0.00779718
-0.013933
-0.021115
-0.0282369
-0.0344085
-0.0391294
-0.0422328
-0.0437205
-0.0436111
-0.0419733
-0.0388793
-0.0343113
-0.0281576
-0.0205395
-0.0127033
-0.0078553
-0.00774849
-0.00245059
-0.00374231
-0.00669882
-0.0119138
-0.0190404
-0.0269825
-0.0345049
-0.04078
-0.0454516
-0.0484778
-0.0499406
-0.0499318
-0.0485311
-0.045789
-0.0416629
-0.0359271
-0.0283261
-0.0193715
-0.0118227
-0.00798101
-0.00553777
-0.00691538
-0.0102639
-0.0160223
-0.0236587
-0.0318902
-0.0394521
-0.0456138
-0.0501383
-0.0530585
-0.0544877
-0.0545278
-0.0532535
-0.0507265
-0.0469627
-0.0418126
-0.0348683
-0.0259481
-0.0167096
-0.00999498
-0.00873391
-0.0100861
-0.0135979
-0.0195426
-0.0272869
-0.0354878
-0.0429129
-0.0489107
-0.0533104
-0.0561684
-0.0575924
-0.0576636
-0.0564452
-0.054012
-0.0504519
-0.045761
-0.0396346
-0.0315245
-0.0223217
-0.0143403
-0.0115043
-0.0127581
-0.0162195
-0.0220547
-0.0296076
-0.0375892
-0.0448272
-0.0507001
-0.0550436
-0.0578951
-0.0593375
-0.059429
-0.0582197
-0.0557897
-0.0522875
-0.0478529
-0.0424316
-0.0353831
-0.0271984
-0.0191798
-0.0135495
-0.0146188
-0.0178561
-0.0233158
-0.0304313
-0.0380633
-0.0451184
-0.0509504
-0.0553298
-0.0582413
-0.059729
-0.0598314
-0.0585893
-0.0560838
-0.0525162
-0.0481386
-0.0432073
-0.0370567
-0.0300323
-0.0224176
-0.0148375
-0.015568
-0.018352
-0.0232104
-0.0296936
-0.0368792
-0.0437651
-0.0496407
-0.0541555
-0.0572016
-0.0587707
-0.0588778
-0.0575585
-0.0549164
-0.0511776
-0.0466562
-0.0419658
-0.0363004
-0.0302264
-0.0228962
-0.0154678
-0.0157222
-0.0177774
-0.0217464
-0.0273898
-0.0340318
-0.0407508
-0.0467409
-0.0514933
-0.0547687
-0.0564827
-0.0566237
-0.055202
-0.0523533
-0.0483464
-0.043582
-0.0387308
-0.0331416
-0.0280998
-0.0202794
-0.0155744
-0.0152982
-0.0163381
-0.0190878
-0.0236531
-0.0296342
-0.0361718
-0.0423361
-0.0474279
-0.0510398
-0.0529805
-0.0531838
-0.0516913
-0.0485916
-0.0442269
-0.039054
-0.0337819
-0.0280716
-0.0242316
-0.014385
-0.0152768
-0.0145501
-0.0142608
-0.015426
-0.0186849
-0.0238947
-0.0302315
-0.0366149
-0.042138
-0.0462014
-0.0484896
-0.0488666
-0.0473534
-0.0440211
-0.039249
-0.033519
-0.0276413
-0.0216293
-0.0180535
-0.00383289
-0.014662
-0.0136182
-0.0117068
-0.011081
-0.0129536
-0.0173803
-0.0235341
-0.0301705
-0.0361934
-0.0408117
-0.0435789
-0.0442619
-0.0428508
-0.0393765
-0.0341853
-0.0276897
-0.0206822
-0.0132761
-0.00678572
0.016053
-0.0145832
-0.0126572
-0.00864846
-0.0062346
-0.00691006
-0.0107458
-0.0168179
-0.02374
-0.0302987
-0.0355394
-0.0389038
-0.0400352
-0.0388777
-0.0354481
-0.0298959
-0.0222758
-0.0128726
-0.000688076
0.0166951
0.057064
-0.0117946
-0.0118307
-0.00572609
-0.001775
-0.00176497
-0.00540472
-0.0115752
-0.018815
-0.0258756
-0.0316876
-0.0356624
-0.037362
-0.0366854
-0.0333554
-0.0272242
-0.0175415
-0.00314817
0.0204904
0.0607045
0.129821
-0.0295168
-0.0106297
-0.000608846
0.00308084
0.00244827
-0.001557
-0.00799947
-0.0155534
-0.0229762
-0.0291739
-0.033532
-0.0355881
-0.0352012
-0.0319558
-0.0252276
-0.01286
0.00942268
0.0511716
0.122878
0.226076
)
;

boundaryField
{
    movingWall
    {
        type            zeroGradient;
    }
    fixedWalls
    {
        type            zeroGradient;
    }
    frontAndBack
    {
        type            empty;
    }
}


// ************************************************************************* //
