/*--------------------------------*- C++ -*----------------------------------*\
| =========                 |                                                 |
| \\      /  F ield         | OpenFOAM: The Open Source CFD Toolbox           |
|  \\    /   O peration     | Version:  2212                                  |
|   \\  /    A nd           | Website:  www.openfoam.com                      |
|    \\/     M anipulation  |                                                 |
\*---------------------------------------------------------------------------*/
FoamFile
{
    version     2.0;
    format      ascii;
    arch        "LSB;label=32;scalar=64";
    class       volScalarField;
    location    "12.9";
    object      T;
}
// * * * * * * * * * * * * * * * * * * * * * * * * * * * * * * * * * * * * * //

dimensions      [0 0 0 1 0 0 0];

internalField   nonuniform List<scalar> 
400
(
0.941401
0.942672
0.945257
0.949081
0.953533
0.957583
0.960475
0.962146
0.963043
0.963651
0.964202
0.964771
0.965378
0.966004
0.96655
0.966858
0.966667
0.965699
0.964106
0.962801
0.943033
0.944592
0.947717
0.952185
0.956904
0.96037
0.962061
0.962652
0.962858
0.963014
0.963323
0.963909
0.96481
0.965977
0.967172
0.968035
0.96801
0.966679
0.964594
0.963091
0.945584
0.947677
0.951556
0.956225
0.959893
0.96145
0.96141
0.960699
0.959806
0.95913
0.959018
0.959712
0.961223
0.963503
0.966139
0.968525
0.969647
0.968491
0.96549
0.963628
0.948084
0.950725
0.954953
0.958739
0.960366
0.959694
0.957715
0.955191
0.952695
0.95085
0.950129
0.950932
0.95316
0.956862
0.96153
0.966436
0.970232
0.97114
0.967807
0.96489
0.950007
0.952965
0.956868
0.958999
0.958238
0.955182
0.950905
0.946189
0.941876
0.93873
0.937309
0.938078
0.940914
0.945919
0.952641
0.960356
0.967706
0.972591
0.971981
0.967238
0.951277
0.954224
0.957259
0.957381
0.954162
0.948656
0.941982
0.935125
0.929146
0.924856
0.922819
0.923406
0.926607
0.932479
0.94073
0.950742
0.961331
0.970533
0.975095
0.970676
0.951988
0.954627
0.956487
0.954581
0.94908
0.941308
0.932499
0.923893
0.916674
0.911627
0.909221
0.909646
0.912962
0.919193
0.928231
0.939701
0.952648
0.965264
0.974649
0.975607
0.952295
0.954483
0.955166
0.951488
0.944029
0.934326
0.923809
0.913942
0.905945
0.900518
0.897971
0.898331
0.901611
0.907805
0.916945
0.928998
0.943452
0.958684
0.971698
0.978249
0.952328
0.95403
0.953682
0.948594
0.939621
0.928479
0.916769
0.906093
0.897654
0.89205
0.889446
0.88978
0.892989
0.899001
0.907838
0.91972
0.934794
0.951995
0.96791
0.977068
0.952188
0.953488
0.952436
0.94647
0.936523
0.924428
0.911939
0.900743
0.892014
0.886259
0.883552
0.88381
0.88694
0.892798
0.901268
0.912567
0.927427
0.945809
0.964486
0.976175
0.951935
0.952951
0.951509
0.945129
0.934716
0.922186
0.909371
0.897955
0.889055
0.883125
0.880221
0.88029
0.883258
0.888949
0.897094
0.907696
0.921755
0.940452
0.961303
0.975605
0.951601
0.952482
0.951024
0.944804
0.934528
0.922089
0.909339
0.897918
0.888905
0.882763
0.879586
0.879355
0.882016
0.887401
0.895156
0.90501
0.917904
0.936219
0.958754
0.975294
0.951181
0.952051
0.950828
0.945179
0.935539
0.923692
0.911448
0.900361
0.891466
0.885242
0.88183
0.881234
0.883438
0.888286
0.895418
0.90441
0.915884
0.933119
0.956743
0.97526
0.950647
0.951631
0.950899
0.946278
0.93785
0.927156
0.91589
0.905492
0.896944
0.890759
0.887138
0.88609
0.887657
0.891687
0.897869
0.905719
0.915594
0.931318
0.955444
0.97545
0.949946
0.951111
0.950864
0.947362
0.940443
0.931345
0.921558
0.912353
0.904609
0.898815
0.895209
0.893789
0.894627
0.897606
0.902482
0.908925
0.917096
0.930795
0.954768
0.975872
0.949114
0.950512
0.950892
0.948692
0.943609
0.936522
0.928641
0.921023
0.914421
0.909269
0.905805
0.904063
0.904064
0.905782
0.909069
0.91377
0.920091
0.931351
0.954746
0.976536
0.948287
0.94966
0.950237
0.948973
0.945579
0.940623
0.934952
0.929342
0.924338
0.920284
0.917328
0.915557
0.914916
0.91547
0.917212
0.92012
0.924779
0.933899
0.956112
0.977665
0.947702
0.949349
0.950402
0.949929
0.948036
0.945062
0.9415
0.937824
0.934379
0.931425
0.929054
0.927377
0.926383
0.926134
0.926791
0.928288
0.931716
0.938731
0.958671
0.979089
0.939866
0.947642
0.947659
0.947425
0.94641
0.945041
0.943468
0.942003
0.940655
0.939661
0.938934
0.938606
0.938629
0.938977
0.939914
0.941112
0.944179
0.949519
0.96465
0.98153
0.957757
0.96287
0.965612
0.967261
0.968148
0.968708
0.969006
0.969307
0.969522
0.969851
0.970143
0.970579
0.970985
0.971534
0.972064
0.972797
0.973731
0.975698
0.979616
0.986523
)
;

boundaryField
{
    movingWall
    {
        type            fixedValue;
        value           uniform 1;
    }
    fixedWalls
    {
        type            zeroGradient;
    }
    frontAndBack
    {
        type            empty;
    }
}


// ************************************************************************* //
