/*--------------------------------*- C++ -*----------------------------------*\
| =========                 |                                                 |
| \\      /  F ield         | OpenFOAM: The Open Source CFD Toolbox           |
|  \\    /   O peration     | Version:  2212                                  |
|   \\  /    A nd           | Website:  www.openfoam.com                      |
|    \\/     M anipulation  |                                                 |
\*---------------------------------------------------------------------------*/
FoamFile
{
    version     2.0;
    format      ascii;
    arch        "LSB;label=32;scalar=64";
    class       volScalarField;
    location    "14.6";
    object      p;
}
// * * * * * * * * * * * * * * * * * * * * * * * * * * * * * * * * * * * * * //

dimensions      [0 2 -2 0 0 0 0];

internalField   nonuniform List<scalar> 
400
(
1.5593e-07
-0.00015087
-0.000534952
-0.00107215
-0.00173288
-0.00249436
-0.00318549
-0.00359807
-0.00356585
-0.00293457
-0.00154901
0.000618947
0.00324917
0.00551368
0.00653335
0.00592244
0.00400161
0.00214917
0.00111016
0.00104111
0.000116014
-5.84038e-05
-0.000377346
-0.000764518
-0.00124443
-0.00188856
-0.00270669
-0.00354403
-0.00408053
-0.00393895
-0.00284693
-0.000825335
0.00168893
0.0039605
0.00512428
0.00474264
0.00310251
0.00137426
0.000592671
0.000683721
0.000536129
0.00026466
-7.76293e-05
-0.000559986
-0.0013477
-0.0025811
-0.00421968
-0.00598438
-0.00740321
-0.00794453
-0.00726482
-0.00546259
-0.00289221
-0.00019519
0.00179122
0.00242722
0.00170827
0.000501561
-0.00039663
-0.000393334
0.00115165
0.000740959
0.00019157
-0.000775171
-0.00245158
-0.0049384
-0.0079958
-0.0111212
-0.0137041
-0.0151777
-0.0152076
-0.0138406
-0.0112943
-0.00802977
-0.00475294
-0.00221043
-0.000871115
-0.000706956
-0.00128957
-0.00191889
0.00158305
0.000973443
-2.31894e-05
-0.0019245
-0.00500721
-0.00918076
-0.0139145
-0.0184806
-0.022217
-0.0246538
-0.0255295
-0.0247237
-0.0223642
-0.0187442
-0.0143054
-0.00965645
-0.00559285
-0.00294964
-0.002194
-0.00401873
0.00129311
0.000444757
-0.00119768
-0.00430486
-0.00900565
-0.0148814
-0.0210736
-0.0267162
-0.0311922
-0.0341796
-0.0355464
-0.0351904
-0.0331977
-0.0297195
-0.0249001
-0.0189617
-0.012506
-0.00694909
-0.00440163
-0.00652494
-4.8563e-05
-0.00114783
-0.00349983
-0.00779737
-0.0139332
-0.0211152
-0.0282372
-0.0344088
-0.0391298
-0.0422331
-0.0437209
-0.0436115
-0.0419737
-0.0388796
-0.0343116
-0.0281579
-0.0205397
-0.0127035
-0.00785551
-0.00774869
-0.00245075
-0.00374248
-0.006699
-0.011914
-0.0190406
-0.0269828
-0.0345052
-0.0407803
-0.045452
-0.0484783
-0.049941
-0.0499323
-0.0485315
-0.0457894
-0.0416632
-0.0359275
-0.0283263
-0.0193717
-0.011823
-0.00798121
-0.00553794
-0.00691556
-0.0102641
-0.0160226
-0.023659
-0.0318905
-0.0394524
-0.0456142
-0.0501388
-0.053059
-0.0544882
-0.0545283
-0.053254
-0.0507269
-0.0469631
-0.0418129
-0.0348686
-0.0259484
-0.0167098
-0.00999519
-0.00873409
-0.0100863
-0.0135981
-0.0195428
-0.0272872
-0.0354881
-0.0429133
-0.0489111
-0.0533109
-0.056169
-0.0575929
-0.0576642
-0.0564457
-0.0540124
-0.0504523
-0.0457614
-0.0396349
-0.0315248
-0.0223219
-0.0143405
-0.0115044
-0.0127583
-0.0162197
-0.0220549
-0.0296079
-0.0375896
-0.0448276
-0.0507006
-0.0550441
-0.0578957
-0.059338
-0.0594296
-0.0582203
-0.0557902
-0.052288
-0.0478533
-0.0424319
-0.0353834
-0.0271987
-0.01918
-0.0135497
-0.014619
-0.0178563
-0.023316
-0.0304316
-0.0380636
-0.0451188
-0.0509509
-0.0553303
-0.0582418
-0.0597295
-0.0598319
-0.0585898
-0.0560843
-0.0525166
-0.048139
-0.0432076
-0.037057
-0.0300325
-0.0224178
-0.0148377
-0.0155682
-0.0183522
-0.0232107
-0.0296939
-0.0368795
-0.0437655
-0.0496411
-0.054156
-0.0572022
-0.0587713
-0.0588784
-0.057559
-0.0549169
-0.0511781
-0.0466566
-0.0419661
-0.0363007
-0.0302266
-0.0228964
-0.015468
-0.0157224
-0.0177776
-0.0217466
-0.0273901
-0.0340321
-0.0407512
-0.0467413
-0.0514938
-0.0547692
-0.0564832
-0.0566242
-0.0552025
-0.0523538
-0.0483468
-0.0435824
-0.0387311
-0.0331418
-0.0281
-0.0202796
-0.0155746
-0.0152984
-0.0163383
-0.019088
-0.0236534
-0.0296345
-0.0361721
-0.0423364
-0.0474283
-0.0510403
-0.052981
-0.0531843
-0.0516917
-0.0485921
-0.0442273
-0.0390543
-0.0337821
-0.0280718
-0.0242318
-0.0143852
-0.015277
-0.0145503
-0.014261
-0.0154262
-0.0186851
-0.0238949
-0.0302318
-0.0366152
-0.0421384
-0.0462019
-0.04849
-0.0488671
-0.0473538
-0.0440214
-0.0392493
-0.0335192
-0.0276414
-0.0216295
-0.0180536
-0.00383303
-0.0146622
-0.0136184
-0.011707
-0.0110812
-0.0129538
-0.0173805
-0.0235343
-0.0301708
-0.0361937
-0.040812
-0.0435792
-0.0442622
-0.0428511
-0.0393768
-0.0341856
-0.0276899
-0.0206824
-0.0132762
-0.00678579
0.0160529
-0.0145834
-0.0126573
-0.00864862
-0.00623475
-0.00691021
-0.010746
-0.0168181
-0.0237403
-0.030299
-0.0355397
-0.0389041
-0.0400355
-0.038878
-0.0354484
-0.0298961
-0.022276
-0.0128726
-0.000688132
0.0166951
0.0570639
-0.0117947
-0.0118309
-0.00572623
-0.00177513
-0.00176511
-0.00540487
-0.0115754
-0.0188152
-0.0258759
-0.0316879
-0.0356627
-0.0373623
-0.0366857
-0.0333557
-0.0272244
-0.0175417
-0.00314825
0.0204903
0.0607044
0.129821
-0.029517
-0.0106299
-0.000608988
0.00308071
0.00244814
-0.00155713
-0.00799963
-0.0155536
-0.0229765
-0.0291741
-0.0335323
-0.0355884
-0.0352015
-0.0319561
-0.0252278
-0.0128601
0.00942259
0.0511716
0.122878
0.226076
)
;

boundaryField
{
    movingWall
    {
        type            zeroGradient;
    }
    fixedWalls
    {
        type            zeroGradient;
    }
    frontAndBack
    {
        type            empty;
    }
}


// ************************************************************************* //
