/*--------------------------------*- C++ -*----------------------------------*\
| =========                 |                                                 |
| \\      /  F ield         | OpenFOAM: The Open Source CFD Toolbox           |
|  \\    /   O peration     | Version:  2212                                  |
|   \\  /    A nd           | Website:  www.openfoam.com                      |
|    \\/     M anipulation  |                                                 |
\*---------------------------------------------------------------------------*/
FoamFile
{
    version     2.0;
    format      ascii;
    arch        "LSB;label=32;scalar=64";
    class       volScalarField;
    location    "14.6";
    object      T;
}
// * * * * * * * * * * * * * * * * * * * * * * * * * * * * * * * * * * * * * //

dimensions      [0 0 0 1 0 0 0];

internalField   nonuniform List<scalar> 
400
(
0.958208
0.959095
0.960896
0.963562
0.966673
0.969514
0.971552
0.972739
0.973382
0.973819
0.974216
0.974627
0.975068
0.975523
0.975922
0.976152
0.976025
0.975344
0.974219
0.973297
0.959342
0.96043
0.96261
0.965732
0.969037
0.971476
0.972672
0.973091
0.973235
0.973344
0.973565
0.973988
0.97464
0.975487
0.976357
0.97699
0.976987
0.976048
0.974569
0.973504
0.961114
0.962577
0.965289
0.968558
0.971131
0.972223
0.972184
0.971663
0.971011
0.970517
0.970434
0.970935
0.972028
0.973679
0.97559
0.977324
0.978152
0.977346
0.975213
0.97389
0.96285
0.964699
0.967659
0.970308
0.971438
0.970937
0.969498
0.967666
0.965856
0.964518
0.963995
0.964576
0.966187
0.968865
0.972243
0.975795
0.978551
0.979233
0.97687
0.974793
0.964185
0.966256
0.968983
0.970458
0.969882
0.967664
0.964563
0.961147
0.958024
0.955747
0.954718
0.955275
0.957327
0.960949
0.965811
0.971391
0.976708
0.98025
0.979846
0.976469
0.965063
0.967122
0.969229
0.969268
0.966926
0.962937
0.958103
0.953138
0.948809
0.945703
0.944228
0.944653
0.946972
0.951224
0.957197
0.96444
0.972097
0.978749
0.982058
0.978919
0.965549
0.967385
0.968648
0.967233
0.963245
0.957617
0.951237
0.945005
0.939775
0.936118
0.934375
0.934683
0.937087
0.941602
0.948149
0.956453
0.965819
0.97494
0.981721
0.982435
0.965751
0.967263
0.967681
0.964991
0.959588
0.952561
0.944944
0.937796
0.932
0.928065
0.926218
0.92648
0.928859
0.93335
0.939975
0.948705
0.959167
0.970184
0.979587
0.984317
0.965762
0.966926
0.966602
0.962895
0.956397
0.948326
0.939844
0.932107
0.925988
0.921924
0.920034
0.920277
0.922605
0.926967
0.933375
0.941987
0.952903
0.965348
0.976852
0.983464
0.965652
0.966529
0.9657
0.961358
0.954154
0.945393
0.936344
0.928228
0.921898
0.917722
0.915757
0.915945
0.918217
0.922468
0.928612
0.936805
0.94757
0.960874
0.974376
0.982819
0.965464
0.966141
0.965031
0.960388
0.952846
0.943769
0.934484
0.926207
0.919751
0.915448
0.91334
0.913391
0.915545
0.919675
0.925585
0.933274
0.943464
0.957
0.972076
0.982407
0.96522
0.965805
0.964686
0.960156
0.95271
0.943699
0.934461
0.92618
0.919643
0.915186
0.91288
0.912712
0.914644
0.918553
0.924179
0.931327
0.940675
0.953937
0.970234
0.982182
0.964916
0.9655
0.964553
0.960432
0.953443
0.944861
0.935989
0.927952
0.921501
0.916986
0.914509
0.914078
0.915677
0.919195
0.92437
0.930893
0.939212
0.951696
0.968781
0.982157
0.964532
0.965205
0.964617
0.961235
0.955121
0.947372
0.939209
0.931673
0.925475
0.920989
0.918362
0.917602
0.918739
0.921663
0.926147
0.931842
0.939003
0.950395
0.967843
0.982295
0.964029
0.964838
0.964604
0.962029
0.957003
0.950408
0.943317
0.936647
0.931034
0.926832
0.924217
0.923187
0.923796
0.925957
0.929493
0.934167
0.940092
0.950018
0.967356
0.982599
0.963433
0.964415
0.964642
0.963008
0.959305
0.954163
0.948451
0.942931
0.938146
0.934412
0.931901
0.930638
0.93064
0.931886
0.93427
0.93768
0.942264
0.950423
0.967341
0.983078
0.96284
0.963806
0.96418
0.963226
0.960743
0.957142
0.953028
0.948961
0.945335
0.942397
0.940255
0.938972
0.938507
0.938911
0.940174
0.942284
0.945662
0.952269
0.968329
0.983894
0.962421
0.963591
0.964315
0.963937
0.962541
0.960372
0.957782
0.955115
0.952616
0.950475
0.948757
0.947542
0.946822
0.946643
0.94712
0.948205
0.950688
0.955767
0.970179
0.984922
0.956764
0.962337
0.962327
0.962136
0.961385
0.960381
0.959233
0.958166
0.957185
0.956461
0.955931
0.95569
0.955704
0.955953
0.956629
0.957494
0.95971
0.963569
0.974499
0.986684
0.969632
0.973304
0.97527
0.97645
0.977081
0.977476
0.977684
0.977896
0.978045
0.978278
0.978485
0.978796
0.979086
0.97948
0.97986
0.980386
0.981059
0.982477
0.985306
0.990288
)
;

boundaryField
{
    movingWall
    {
        type            fixedValue;
        value           uniform 1;
    }
    fixedWalls
    {
        type            zeroGradient;
    }
    frontAndBack
    {
        type            empty;
    }
}


// ************************************************************************* //
