/*--------------------------------*- C++ -*----------------------------------*\
| =========                 |                                                 |
| \\      /  F ield         | OpenFOAM: The Open Source CFD Toolbox           |
|  \\    /   O peration     | Version:  2212                                  |
|   \\  /    A nd           | Website:  www.openfoam.com                      |
|    \\/     M anipulation  |                                                 |
\*---------------------------------------------------------------------------*/
FoamFile
{
    version     2.0;
    format      ascii;
    arch        "LSB;label=32;scalar=64";
    class       volScalarField;
    location    "8.9";
    object      T;
}
// * * * * * * * * * * * * * * * * * * * * * * * * * * * * * * * * * * * * * //

dimensions      [0 0 0 1 0 0 0];

internalField   nonuniform List<scalar> 
400
(
0.860726
0.864268
0.871434
0.881951
0.894044
0.904828
0.912284
0.916384
0.91845
0.9198
0.920998
0.922206
0.923467
0.924728
0.92577
0.926231
0.925512
0.922939
0.918817
0.915432
0.865374
0.86966
0.878225
0.890384
0.90303
0.912083
0.91634
0.917806
0.918366
0.918785
0.919503
0.920774
0.922678
0.925094
0.927499
0.929086
0.928621
0.925151
0.919911
0.916088
0.872591
0.878258
0.888761
0.901314
0.911059
0.915208
0.915392
0.914059
0.912297
0.910958
0.910785
0.912295
0.915508
0.920313
0.92581
0.930653
0.93259
0.92934
0.921923
0.917296
0.87963
0.886722
0.898107
0.908335
0.912955
0.911892
0.907875
0.902666
0.897454
0.893597
0.892102
0.893831
0.898575
0.906444
0.916351
0.926702
0.934514
0.935768
0.927384
0.920253
0.885076
0.893029
0.903667
0.909834
0.908844
0.902537
0.893603
0.883675
0.874568
0.867924
0.864921
0.866554
0.872563
0.883188
0.89749
0.913935
0.929576
0.939718
0.937413
0.925874
0.888759
0.896784
0.905423
0.906878
0.900373
0.888806
0.874757
0.86027
0.847657
0.838615
0.834322
0.83555
0.842282
0.854665
0.872124
0.893404
0.916018
0.935705
0.94513
0.934185
0.890965
0.898356
0.904326
0.90117
0.88968
0.873303
0.854736
0.836595
0.821435
0.810857
0.805824
0.806711
0.813644
0.826698
0.845702
0.869932
0.897445
0.924439
0.944598
0.946044
0.892099
0.898491
0.901816
0.894718
0.879026
0.858584
0.836445
0.815722
0.799005
0.787692
0.782396
0.783147
0.789967
0.802875
0.821985
0.847316
0.877887
0.910341
0.938293
0.95245
0.892499
0.897778
0.898809
0.88864
0.869737
0.846281
0.82168
0.799334
0.781761
0.770131
0.764744
0.765443
0.772094
0.784565
0.802949
0.827792
0.859537
0.896061
0.93013
0.949891
0.892416
0.896728
0.896191
0.884152
0.86321
0.837775
0.811582
0.788209
0.770082
0.758176
0.752596
0.753142
0.759618
0.77174
0.789299
0.812822
0.843978
0.88289
0.922811
0.947994
0.892003
0.895584
0.894171
0.881303
0.859414
0.833083
0.806238
0.782439
0.763984
0.751736
0.74576
0.745917
0.752051
0.763812
0.780667
0.80267
0.832035
0.871489
0.915975
0.946773
0.891349
0.894496
0.893001
0.880552
0.859007
0.832885
0.806192
0.782392
0.763707
0.751025
0.744487
0.744023
0.749524
0.760651
0.77669
0.797105
0.823952
0.8625
0.910527
0.946116
0.890451
0.893425
0.892381
0.88125
0.861126
0.836261
0.81062
0.787502
0.769042
0.756178
0.749146
0.747931
0.75249
0.762511
0.777268
0.795886
0.819715
0.855903
0.906207
0.946049
0.889251
0.892314
0.892229
0.883381
0.865922
0.843517
0.819919
0.79821
0.780437
0.767622
0.760143
0.757987
0.761236
0.769577
0.782378
0.798634
0.81911
0.852064
0.903423
0.946468
0.887644
0.890973
0.891823
0.885435
0.871288
0.85229
0.831792
0.812545
0.796403
0.78436
0.776884
0.773949
0.775692
0.781869
0.791975
0.805321
0.822243
0.850908
0.901952
0.94738
0.885715
0.889422
0.891457
0.887861
0.877723
0.863061
0.846605
0.830674
0.816883
0.806143
0.798931
0.795309
0.79531
0.798869
0.805681
0.815412
0.828499
0.852033
0.901888
0.948816
0.883828
0.887444
0.889755
0.888085
0.881571
0.871484
0.859732
0.848036
0.83759
0.829124
0.822953
0.819251
0.817901
0.819031
0.822627
0.82863
0.838288
0.857368
0.904785
0.951255
0.882487
0.886541
0.889716
0.889617
0.886277
0.88043
0.87319
0.865611
0.85846
0.852303
0.847352
0.843837
0.841745
0.841198
0.842548
0.84564
0.852816
0.867576
0.910255
0.954333
0.865526
0.883382
0.883973
0.88404
0.882318
0.879744
0.876663
0.87375
0.871047
0.869063
0.867623
0.867013
0.867136
0.867932
0.869977
0.87256
0.879136
0.890559
0.923086
0.959608
0.90543
0.91697
0.923231
0.927076
0.929234
0.930651
0.931476
0.932285
0.932885
0.933719
0.934453
0.935493
0.936449
0.937714
0.938916
0.940564
0.942618
0.946915
0.955387
0.970431
)
;

boundaryField
{
    movingWall
    {
        type            fixedValue;
        value           uniform 1;
    }
    fixedWalls
    {
        type            zeroGradient;
    }
    frontAndBack
    {
        type            empty;
    }
}


// ************************************************************************* //
