/*--------------------------------*- C++ -*----------------------------------*\
| =========                 |                                                 |
| \\      /  F ield         | OpenFOAM: The Open Source CFD Toolbox           |
|  \\    /   O peration     | Version:  2212                                  |
|   \\  /    A nd           | Website:  www.openfoam.com                      |
|    \\/     M anipulation  |                                                 |
\*---------------------------------------------------------------------------*/
FoamFile
{
    version     2.0;
    format      ascii;
    arch        "LSB;label=32;scalar=64";
    class       volVectorField;
    location    "8.9";
    object      U;
}
// * * * * * * * * * * * * * * * * * * * * * * * * * * * * * * * * * * * * * //

dimensions      [0 1 -1 0 0 0 0];

internalField   nonuniform List<vector> 
400
(
(0.00168155 -0.00168373 0)
(0.00483805 -0.00189212 0)
(0.00659027 -0.00120065 0)
(0.00567387 -0.000575069 0)
(0.00157133 0.000184041 0)
(-0.00682969 0.00173937 0)
(-0.0206081 0.00478612 0)
(-0.0395401 0.00873555 0)
(-0.0608093 0.0112921 0)
(-0.0791354 0.0105122 0)
(-0.0898109 0.00677455 0)
(-0.0904622 0.00166927 0)
(-0.080226 -0.00361601 0)
(-0.059995 -0.00827445 0)
(-0.0335231 -0.0108468 0)
(-0.00529553 -0.00979514 0)
(0.016721 -0.00477346 0)
(0.0244686 0.00277638 0)
(0.0161779 0.00647184 0)
(0.0043164 0.00471695 0)
(0.00172016 -0.00506474 0)
(0.00316178 -0.0040319 0)
(-0.000418238 0.000588019 0)
(-0.0113308 0.00644164 0)
(-0.0314262 0.0140497 0)
(-0.0611487 0.023773 0)
(-0.0968441 0.0330603 0)
(-0.131456 0.0370913 0)
(-0.158969 0.0335165 0)
(-0.1761 0.0234012 0)
(-0.181448 0.00910981 0)
(-0.175077 -0.006989 0)
(-0.15756 -0.0231728 0)
(-0.129651 -0.0369128 0)
(-0.0936151 -0.0445647 0)
(-0.0521958 -0.0418385 0)
(-0.0114021 -0.0263349 0)
(0.0168876 -0.00128037 0)
(0.0178711 0.0162227 0)
(0.00554202 0.0148194 0)
(-0.000239899 -0.00577942 0)
(-0.00538182 0.000802668 0)
(-0.01961 0.0142995 0)
(-0.044504 0.0312354 0)
(-0.08034 0.0494442 0)
(-0.122202 0.0643187 0)
(-0.162347 0.0705446 0)
(-0.195269 0.0660272 0)
(-0.218861 0.0521902 0)
(-0.232529 0.0315338 0)
(-0.236285 0.00641727 0)
(-0.2308 -0.0211118 0)
(-0.216387 -0.048871 0)
(-0.192542 -0.073225 0)
(-0.159005 -0.0890253 0)
(-0.115742 -0.0892292 0)
(-0.0645635 -0.0670296 0)
(-0.0138225 -0.0226665 0)
(0.00948075 0.0179166 0)
(0.00415542 0.0235791 0)
(-0.00347206 0.000454514 0)
(-0.017515 0.0172413 0)
(-0.0435164 0.0415007 0)
(-0.0796821 0.0681939 0)
(-0.122958 0.0911594 0)
(-0.165851 0.103847 0)
(-0.201922 0.102902 0)
(-0.229245 0.0896703 0)
(-0.248084 0.0673254 0)
(-0.259039 0.0385797 0)
(-0.262947 0.00531856 0)
(-0.260614 -0.031115 0)
(-0.251982 -0.0684526 0)
(-0.236004 -0.103741 0)
(-0.210693 -0.131489 0)
(-0.173346 -0.14289 0)
(-0.121402 -0.125765 0)
(-0.0568449 -0.0708546 0)
(-0.000987621 0.00356405 0)
(0.00474227 0.0282394 0)
(-0.00666277 0.0147841 0)
(-0.02873 0.0441121 0)
(-0.0632904 0.0770955 0)
(-0.104463 0.108921 0)
(-0.147282 0.13121 0)
(-0.184583 0.138198 0)
(-0.212921 0.129505 0)
(-0.232705 0.108747 0)
(-0.245222 0.0797975 0)
(-0.252198 0.0454479 0)
(-0.255317 0.00724172 0)
(-0.255499 -0.0339953 0)
(-0.25252 -0.0770803 0)
(-0.245839 -0.120684 0)
(-0.232644 -0.160821 0)
(-0.208322 -0.189032 0)
(-0.166821 -0.189983 0)
(-0.10345 -0.142882 0)
(-0.0221829 -0.0388557 0)
(0.00738165 0.0270998 0)
(-0.00851094 0.0348749 0)
(-0.035178 0.0766414 0)
(-0.0730945 0.114956 0)
(-0.113267 0.147707 0)
(-0.150531 0.166039 0)
(-0.179395 0.165976 0)
(-0.19892 0.149765 0)
(-0.210666 0.122507 0)
(-0.216615 0.0885458 0)
(-0.219246 0.0508709 0)
(-0.220515 0.0109567 0)
(-0.221416 -0.0307549 0)
(-0.222149 -0.074717 0)
(-0.222823 -0.121288 0)
(-0.221252 -0.169234 0)
(-0.212351 -0.213067 0)
(-0.188032 -0.238597 0)
(-0.139692 -0.218548 0)
(-0.0628506 -0.118946 0)
(0.00584857 0.0142023 0)
(-0.00829314 0.0570078 0)
(-0.0353434 0.110016 0)
(-0.0718402 0.150503 0)
(-0.107082 0.181195 0)
(-0.136719 0.19389 0)
(-0.157126 0.186494 0)
(-0.169037 0.163331 0)
(-0.174575 0.130546 0)
(-0.176148 0.0929015 0)
(-0.176246 0.0534097 0)
(-0.176359 0.0133157 0)
(-0.177159 -0.027307 0)
(-0.179192 -0.0695723 0)
(-0.183002 -0.114724 0)
(-0.187952 -0.163857 0)
(-0.190424 -0.215827 0)
(-0.182537 -0.26168 0)
(-0.154288 -0.275199 0)
(-0.0994064 -0.205923 0)
(-0.00890838 -0.0146263 0)
(-0.00613606 0.0776048 0)
(-0.0297951 0.140569 0)
(-0.0614325 0.181241 0)
(-0.0899053 0.208358 0)
(-0.111916 0.214948 0)
(-0.125454 0.200621 0)
(-0.132144 0.171389 0)
(-0.134296 0.134226 0)
(-0.134357 0.0941114 0)
(-0.134256 0.0537493 0)
(-0.134662 0.0138642 0)
(-0.135755 -0.0258849 0)
(-0.137988 -0.0664776 0)
(-0.142053 -0.109093 0)
(-0.148568 -0.155681 0)
(-0.156235 -0.208598 0)
(-0.159092 -0.265926 0)
(-0.146764 -0.308162 0)
(-0.112264 -0.277234 0)
(-0.0309679 -0.0753431 0)
(-0.00273039 0.0936255 0)
(-0.0204214 0.165663 0)
(-0.0451592 0.205635 0)
(-0.0663568 0.228628 0)
(-0.0816271 0.22959 0)
(-0.0901187 0.209603 0)
(-0.0937511 0.175851 0)
(-0.0946627 0.135814 0)
(-0.0949393 0.0944685 0)
(-0.095734 0.0540289 0)
(-0.0970834 0.014594 0)
(-0.0988931 -0.024581 0)
(-0.10133 -0.0642273 0)
(-0.104898 -0.104996 0)
(-0.110745 -0.148476 0)
(-0.119609 -0.198598 0)
(-0.128363 -0.259829 0)
(-0.126537 -0.323494 0)
(-0.10749 -0.334799 0)
(-0.0373529 -0.163455 0)
(0.00121942 0.102773 0)
(-0.00894489 0.183506 0)
(-0.0256495 0.223192 0)
(-0.0396502 0.242814 0)
(-0.0491309 0.239579 0)
(-0.0540043 0.215605 0)
(-0.0559738 0.178849 0)
(-0.0566862 0.137152 0)
(-0.0576464 0.0953982 0)
(-0.0593878 0.0552672 0)
(-0.0616803 0.0163094 0)
(-0.0643805 -0.0224877 0)
(-0.0674794 -0.0617312 0)
(-0.0711553 -0.101621 0)
(-0.0763403 -0.142826 0)
(-0.0846045 -0.18897 0)
(-0.096074 -0.248394 0)
(-0.100659 -0.324361 0)
(-0.0951795 -0.372266 0)
(-0.0309253 -0.242608 0)
(0.00511874 0.103939 0)
(0.00295757 0.193107 0)
(-0.00539063 0.233688 0)
(-0.0125082 0.250848 0)
(-0.0168995 0.244763 0)
(-0.0187866 0.218545 0)
(-0.0194747 0.180483 0)
(-0.0200026 0.138408 0)
(-0.0213005 0.096952 0)
(-0.0235361 0.0574168 0)
(-0.0264247 0.0190805 0)
(-0.0299079 -0.0191632 0)
(-0.0340022 -0.0579698 0)
(-0.0386459 -0.0973912 0)
(-0.0443848 -0.137345 0)
(-0.0524459 -0.180216 0)
(-0.0657641 -0.235693 0)
(-0.0742248 -0.318138 0)
(-0.081202 -0.396771 0)
(-0.022943 -0.307168 0)
(0.00845803 0.097465 0)
(0.0142216 0.1941 0)
(0.0141048 0.237211 0)
(0.0137104 0.253629 0)
(0.0143334 0.246549 0)
(0.0155306 0.219841 0)
(0.0163905 0.181792 0)
(0.0164444 0.140077 0)
(0.0153066 0.0991391 0)
(0.0130294 0.0602163 0)
(0.00986155 0.022624 0)
(0.00575352 -0.0147481 0)
(0.000562258 -0.0526855 0)
(-0.00556287 -0.0912851 0)
(-0.0130302 -0.130176 0)
(-0.0219773 -0.170356 0)
(-0.0377183 -0.220736 0)
(-0.0487306 -0.304499 0)
(-0.0679049 -0.408515 0)
(-0.0144593 -0.36005 0)
(0.0103294 0.0844858 0)
(0.0234199 0.186505 0)
(0.0310841 0.233334 0)
(0.0370142 0.250174 0)
(0.0426765 0.243334 0)
(0.0476316 0.217549 0)
(0.051069 0.180786 0)
(0.0527448 0.140381 0)
(0.0526132 0.10062 0)
(0.0508836 0.062814 0)
(0.0477737 0.0264541 0)
(0.0431658 -0.0095169 0)
(0.0368926 -0.045991 0)
(0.0290778 -0.0831237 0)
(0.0189235 -0.120547 0)
(0.00759819 -0.158488 0)
(-0.0118164 -0.204449 0)
(-0.0242395 -0.286501 0)
(-0.0558443 -0.411022 0)
(-0.00613764 -0.401898 0)
(0.00987801 0.0672347 0)
(0.029031 0.170695 0)
(0.0443579 0.222243 0)
(0.0569013 0.24134 0)
(0.0681959 0.236412 0)
(0.077884 0.21305 0)
(0.085106 0.178757 0)
(0.0895613 0.140417 0)
(0.0913264 0.102257 0)
(0.0907011 0.0658227 0)
(0.0880155 0.0309765 0)
(0.0829663 -0.00329915 0)
(0.075452 -0.0375388 0)
(0.0657602 -0.0723182 0)
(0.052509 -0.107442 0)
(0.0375759 -0.14279 0)
(0.0131339 -0.184277 0)
(8.10591e-05 -0.263262 0)
(-0.0447973 -0.406722 0)
(0.00276567 -0.436276 0)
(0.00692971 0.049397 0)
(0.0293657 0.148972 0)
(0.0511158 0.203652 0)
(0.0699962 0.224572 0)
(0.087474 0.221715 0)
(0.10317 0.201556 0)
(0.115842 0.170962 0)
(0.124808 0.136071 0)
(0.12998 0.100874 0)
(0.131601 0.0670471 0)
(0.129937 0.034841 0)
(0.125013 0.0034314 0)
(0.116382 -0.0274629 0)
(0.104649 -0.0586999 0)
(0.0875556 -0.0903223 0)
(0.0683653 -0.12294 0)
(0.0383001 -0.160861 0)
(0.0238614 -0.237163 0)
(-0.0344392 -0.398969 0)
(0.0134751 -0.464434 0)
(0.00238704 0.034627 0)
(0.0236418 0.123903 0)
(0.0509613 0.179957 0)
(0.0766959 0.202958 0)
(0.101364 0.202647 0)
(0.12425 0.186246 0)
(0.143706 0.160189 0)
(0.158516 0.129757 0)
(0.168263 0.0985649 0)
(0.173153 0.0682995 0)
(0.173128 0.0395585 0)
(0.1689 0.011936 0)
(0.159063 -0.0149103 0)
(0.145329 -0.0417144 0)
(0.124025 -0.0687565 0)
(0.100483 -0.0975582 0)
(0.0646267 -0.132714 0)
(0.0470089 -0.20746 0)
(-0.0227039 -0.387086 0)
(0.0285332 -0.48556 0)
(-0.0034261 0.0286144 0)
(0.0100725 0.101502 0)
(0.0371139 0.148701 0)
(0.0689819 0.169468 0)
(0.101879 0.17069 0)
(0.133602 0.158399 0)
(0.161603 0.137963 0)
(0.184151 0.113559 0)
(0.200202 0.0882711 0)
(0.210128 0.0636292 0)
(0.213052 0.0403785 0)
(0.210799 0.0184014 0)
(0.200533 -0.00267689 0)
(0.185901 -0.0233136 0)
(0.161084 -0.0439795 0)
(0.134464 -0.0677415 0)
(0.09293 -0.101693 0)
(0.0698772 -0.180014 0)
(-0.00436701 -0.370054 0)
(0.0521615 -0.491642 0)
(-0.0140111 0.0185182 0)
(-0.00751588 0.0881763 0)
(0.01922 0.124196 0)
(0.0564557 0.137322 0)
(0.0976127 0.136914 0)
(0.137999 0.127732 0)
(0.174255 0.113075 0)
(0.204103 0.0952955 0)
(0.226 0.0768223 0)
(0.241095 0.0586729 0)
(0.24713 0.0418002 0)
(0.248046 0.026106 0)
(0.238706 0.0117426 0)
(0.226889 -0.00204856 0)
(0.201888 -0.0160886 0)
(0.177902 -0.0350248 0)
(0.133553 -0.0678033 0)
(0.10784 -0.146002 0)
(0.0374722 -0.326119 0)
(0.0923674 -0.455871 0)
(-0.106019 0.0824186 0)
(-0.0777595 0.0689915 0)
(-0.048568 0.0733701 0)
(0.00378098 0.0778898 0)
(0.0572972 0.0782236 0)
(0.110031 0.0739594 0)
(0.157201 0.0666241 0)
(0.199565 0.0572194 0)
(0.231677 0.0475434 0)
(0.25983 0.0378868 0)
(0.275558 0.0292196 0)
(0.290713 0.0212335 0)
(0.291065 0.0144761 0)
(0.295176 0.00809285 0)
(0.278873 0.00112488 0)
(0.271658 -0.0100126 0)
(0.232346 -0.0355677 0)
(0.218142 -0.095419 0)
(0.150208 -0.229723 0)
(0.170672 -0.341455 0)
(0.129969 0.103745 0)
(0.158321 0.0752285 0)
(0.212166 0.0532284 0)
(0.270674 0.0416234 0)
(0.32325 0.0359135 0)
(0.375692 0.0319489 0)
(0.420287 0.0289167 0)
(0.465606 0.0255811 0)
(0.498702 0.022903 0)
(0.533952 0.0197107 0)
(0.55339 0.0175478 0)
(0.5792 0.01461 0)
(0.585338 0.0131652 0)
(0.603677 0.0103463 0)
(0.595098 0.00938394 0)
(0.603599 0.00500017 0)
(0.567791 8.9508e-05 0)
(0.547614 -0.0183157 0)
(0.435692 -0.0504144 0)
(0.336754 -0.101386 0)
)
;

boundaryField
{
    movingWall
    {
        type            fixedValue;
        value           uniform (1 0 0);
    }
    fixedWalls
    {
        type            noSlip;
    }
    frontAndBack
    {
        type            empty;
    }
}


// ************************************************************************* //
