/*--------------------------------*- C++ -*----------------------------------*\
| =========                 |                                                 |
| \\      /  F ield         | OpenFOAM: The Open Source CFD Toolbox           |
|  \\    /   O peration     | Version:  2212                                  |
|   \\  /    A nd           | Website:  www.openfoam.com                      |
|    \\/     M anipulation  |                                                 |
\*---------------------------------------------------------------------------*/
FoamFile
{
    version     2.0;
    format      ascii;
    arch        "LSB;label=32;scalar=64";
    class       volScalarField;
    location    "19.7";
    object      T;
}
// * * * * * * * * * * * * * * * * * * * * * * * * * * * * * * * * * * * * * //

dimensions      [0 0 0 1 0 0 0];

internalField   nonuniform List<scalar> 
400
(
0.984411
0.984737
0.985395
0.98637
0.98751
0.988554
0.989306
0.989748
0.989988
0.990153
0.990302
0.990457
0.990624
0.990796
0.990948
0.991037
0.990993
0.990742
0.990325
0.989984
0.984826
0.985224
0.986022
0.987165
0.988379
0.989278
0.989721
0.989876
0.989929
0.989969
0.990052
0.990211
0.990457
0.990778
0.991108
0.991349
0.991353
0.991006
0.990457
0.990062
0.985472
0.986008
0.987002
0.988202
0.989148
0.98955
0.989532
0.989332
0.989085
0.988897
0.988865
0.989053
0.989466
0.99009
0.990812
0.99147
0.991787
0.991492
0.990699
0.990207
0.986105
0.986783
0.987869
0.988841
0.989252
0.989059
0.988513
0.98782
0.987135
0.986629
0.986432
0.98665
0.987259
0.98827
0.989545
0.990887
0.99193
0.992195
0.991318
0.990545
0.986591
0.987351
0.98835
0.988885
0.98866
0.987821
0.986648
0.985357
0.984177
0.983317
0.982928
0.983139
0.983914
0.985281
0.987117
0.989222
0.991229
0.992569
0.992428
0.99117
0.98691
0.987664
0.988431
0.98843
0.987542
0.986034
0.984208
0.982332
0.980697
0.979523
0.978966
0.979127
0.980003
0.98161
0.983865
0.9866
0.989489
0.991998
0.993251
0.992083
0.987084
0.987754
0.988205
0.987659
0.986151
0.984024
0.981614
0.97926
0.977283
0.975901
0.975241
0.975358
0.976267
0.977974
0.980448
0.983585
0.987121
0.990561
0.993119
0.993395
0.987154
0.987702
0.987836
0.986811
0.98477
0.982115
0.979236
0.976535
0.974343
0.972855
0.972157
0.972256
0.973155
0.974854
0.977359
0.980658
0.98461
0.988768
0.992314
0.994096
0.987154
0.987572
0.987427
0.986019
0.983564
0.980515
0.977309
0.974384
0.97207
0.970532
0.969817
0.969908
0.97079
0.97244
0.974864
0.97812
0.982244
0.986943
0.991282
0.993775
0.98711
0.987421
0.987086
0.985439
0.982717
0.979406
0.975986
0.972917
0.970522
0.968942
0.968198
0.968269
0.969129
0.970738
0.973062
0.976161
0.98023
0.985254
0.990349
0.993531
0.987037
0.987274
0.986834
0.985073
0.982223
0.978793
0.975283
0.972152
0.96971
0.968081
0.967283
0.967302
0.968118
0.969681
0.971917
0.974826
0.978679
0.983792
0.989481
0.993376
0.986944
0.987149
0.986706
0.984986
0.982172
0.978766
0.975274
0.972142
0.969669
0.967982
0.967109
0.967046
0.967777
0.969256
0.971385
0.97409
0.977625
0.982636
0.988786
0.993291
0.986829
0.987035
0.986658
0.985092
0.982449
0.979206
0.975852
0.972813
0.970372
0.968663
0.967726
0.967562
0.968168
0.969499
0.971457
0.973925
0.977072
0.98179
0.988238
0.993282
0.986685
0.986927
0.986686
0.985398
0.983084
0.980155
0.97707
0.97422
0.971876
0.970178
0.969184
0.968897
0.969327
0.970433
0.97213
0.974284
0.976994
0.981299
0.987885
0.993333
0.986497
0.986791
0.986686
0.9857
0.983796
0.981303
0.978622
0.976101
0.973978
0.972389
0.9714
0.97101
0.97124
0.972058
0.973396
0.975164
0.977406
0.981158
0.987701
0.993448
0.986274
0.986635
0.986705
0.986075
0.984669
0.982723
0.980564
0.978477
0.976668
0.975256
0.974306
0.973829
0.973829
0.974301
0.975203
0.976493
0.978227
0.981311
0.987696
0.993629
0.986051
0.986407
0.986535
0.986162
0.985216
0.983851
0.982295
0.980757
0.979386
0.978275
0.977465
0.97698
0.976805
0.976958
0.977436
0.978234
0.979512
0.982009
0.988069
0.993936
0.985895
0.986329
0.986591
0.986437
0.985901
0.985076
0.984095
0.983085
0.98214
0.98133
0.980681
0.980222
0.97995
0.979882
0.980063
0.980473
0.981412
0.983331
0.988767
0.994324
0.983763
0.98585
0.985839
0.98576
0.985471
0.985088
0.984651
0.984246
0.983874
0.983599
0.983398
0.983306
0.98331
0.983403
0.983658
0.983983
0.984819
0.986275
0.990396
0.994988
0.988596
0.989974
0.990711
0.991152
0.991387
0.991533
0.991609
0.991687
0.991742
0.991828
0.991905
0.992021
0.992129
0.992276
0.992419
0.992616
0.992869
0.993403
0.994469
0.996345
)
;

boundaryField
{
    movingWall
    {
        type            fixedValue;
        value           uniform 1;
    }
    fixedWalls
    {
        type            zeroGradient;
    }
    frontAndBack
    {
        type            empty;
    }
}


// ************************************************************************* //
