/*--------------------------------*- C++ -*----------------------------------*\
| =========                 |                                                 |
| \\      /  F ield         | OpenFOAM: The Open Source CFD Toolbox           |
|  \\    /   O peration     | Version:  2212                                  |
|   \\  /    A nd           | Website:  www.openfoam.com                      |
|    \\/     M anipulation  |                                                 |
\*---------------------------------------------------------------------------*/
FoamFile
{
    version     2.0;
    format      ascii;
    arch        "LSB;label=32;scalar=64";
    class       volVectorField;
    location    "19.7";
    object      U;
}
// * * * * * * * * * * * * * * * * * * * * * * * * * * * * * * * * * * * * * //

dimensions      [0 1 -1 0 0 0 0];

internalField   nonuniform List<vector> 
400
(
(0.00168207 -0.00168347 0)
(0.00483916 -0.00189211 0)
(0.00659147 -0.00120069 0)
(0.0056751 -0.000575128 0)
(0.00157247 0.000183965 0)
(-0.00682901 0.00173938 0)
(-0.0206084 0.00478646 0)
(-0.0395419 0.00873632 0)
(-0.0608126 0.011293 0)
(-0.0791395 0.0105127 0)
(-0.0898148 0.0067745 0)
(-0.0904649 0.0016688 0)
(-0.0802269 -0.00361679 0)
(-0.0599939 -0.0082753 0)
(-0.0335201 -0.0108474 0)
(-0.00529138 -0.0097954 0)
(0.0167253 -0.00477287 0)
(0.0244718 0.00277715 0)
(0.0161792 0.00647252 0)
(0.00431662 0.00471727 0)
(0.0017207 -0.00506491 0)
(0.00316313 -0.00403236 0)
(-0.000416583 0.0005878 0)
(-0.0113295 0.00644179 0)
(-0.0314262 0.0140504 0)
(-0.0611511 0.0237747 0)
(-0.0968492 0.033063 0)
(-0.131463 0.0370941 0)
(-0.158977 0.0335184 0)
(-0.176109 0.0234017 0)
(-0.181456 0.00910903 0)
(-0.175084 -0.00699089 0)
(-0.157565 -0.0231756 0)
(-0.129654 -0.0369157 0)
(-0.0936156 -0.0445672 0)
(-0.0521941 -0.0418397 0)
(-0.011399 -0.0263342 0)
(0.016891 -0.00127827 0)
(0.0178729 0.0162248 0)
(0.00554235 0.0148205 0)
(-0.000239433 -0.00578063 0)
(-0.00538085 0.00080158 0)
(-0.0196094 0.0142997 0)
(-0.044505 0.0312372 0)
(-0.0803439 0.0494478 0)
(-0.12221 0.0643238 0)
(-0.162357 0.07055 0)
(-0.195281 0.0660316 0)
(-0.218875 0.0521929 0)
(-0.232544 0.0315344 0)
(-0.2363 0.00641565 0)
(-0.230814 -0.0211154 0)
(-0.216399 -0.0488761 0)
(-0.192552 -0.0732307 0)
(-0.159012 -0.0890304 0)
(-0.115746 -0.0892326 0)
(-0.0645643 -0.0670301 0)
(-0.0138207 -0.0226636 0)
(0.00948197 0.01792 0)
(0.00415548 0.0235811 0)
(-0.00347197 0.000452861 0)
(-0.0175153 0.0172407 0)
(-0.0435181 0.0415027 0)
(-0.0796867 0.0681988 0)
(-0.122967 0.0911666 0)
(-0.165864 0.103855 0)
(-0.201937 0.102909 0)
(-0.229263 0.0896762 0)
(-0.248104 0.067329 0)
(-0.259059 0.0385805 0)
(-0.262967 0.00531627 0)
(-0.260634 -0.0311203 0)
(-0.252 -0.0684602 0)
(-0.236019 -0.10375 0)
(-0.210705 -0.131498 0)
(-0.173356 -0.142897 0)
(-0.121408 -0.125769 0)
(-0.0568461 -0.0708536 0)
(-0.000986583 0.00356802 0)
(0.00474231 0.0282419 0)
(-0.00666312 0.014783 0)
(-0.0287318 0.0441132 0)
(-0.0632949 0.0771005 0)
(-0.104471 0.10893 0)
(-0.147295 0.131221 0)
(-0.184598 0.138209 0)
(-0.21294 0.129515 0)
(-0.232726 0.108755 0)
(-0.245245 0.0798025 0)
(-0.252222 0.0454493 0)
(-0.255341 0.00723918 0)
(-0.255523 -0.0340018 0)
(-0.252542 -0.07709 0)
(-0.245859 -0.120696 0)
(-0.232661 -0.160833 0)
(-0.208335 -0.189044 0)
(-0.166831 -0.189991 0)
(-0.103455 -0.142885 0)
(-0.0221827 -0.0388529 0)
(0.00738234 0.0271029 0)
(-0.00851171 0.0348755 0)
(-0.0351811 0.0766453 0)
(-0.073101 0.114965 0)
(-0.113278 0.147719 0)
(-0.150546 0.166053 0)
(-0.179413 0.16599 0)
(-0.198941 0.149778 0)
(-0.210689 0.122517 0)
(-0.216641 0.0885527 0)
(-0.219273 0.0508735 0)
(-0.220543 0.0109544 0)
(-0.221444 -0.0307621 0)
(-0.222174 -0.0747286 0)
(-0.222846 -0.121302 0)
(-0.221271 -0.169249 0)
(-0.212367 -0.213082 0)
(-0.188045 -0.238609 0)
(-0.1397 -0.218557 0)
(-0.0628543 -0.118949 0)
(0.00584984 0.0142047 0)
(-0.00829415 0.0570107 0)
(-0.0353473 0.110023 0)
(-0.0718479 0.150515 0)
(-0.107094 0.181211 0)
(-0.136734 0.193907 0)
(-0.157144 0.186511 0)
(-0.169058 0.163346 0)
(-0.174599 0.130559 0)
(-0.176175 0.0929107 0)
(-0.176275 0.0534139 0)
(-0.176389 0.0133138 0)
(-0.17719 -0.0273154 0)
(-0.179221 -0.0695866 0)
(-0.183028 -0.114742 0)
(-0.187973 -0.163876 0)
(-0.190441 -0.215845 0)
(-0.182551 -0.261696 0)
(-0.154298 -0.275212 0)
(-0.0994136 -0.205931 0)
(-0.00890857 -0.0146247 0)
(-0.00613701 0.0776103 0)
(-0.0297989 0.140579 0)
(-0.06144 0.181257 0)
(-0.0899162 0.208377 0)
(-0.11193 0.214968 0)
(-0.125471 0.200641 0)
(-0.132164 0.171407 0)
(-0.134319 0.134242 0)
(-0.134384 0.0941237 0)
(-0.134286 0.0537559 0)
(-0.134694 0.0138632 0)
(-0.135787 -0.0258944 0)
(-0.138018 -0.0664949 0)
(-0.14208 -0.109116 0)
(-0.14859 -0.155706 0)
(-0.156252 -0.208621 0)
(-0.159104 -0.265945 0)
(-0.146773 -0.308178 0)
(-0.112272 -0.277247 0)
(-0.0309705 -0.0753461 0)
(-0.00273104 0.0936333 0)
(-0.0204245 0.165676 0)
(-0.0451654 0.205653 0)
(-0.0663659 0.22865 0)
(-0.0816387 0.229613 0)
(-0.0901326 0.209626 0)
(-0.0937679 0.175873 0)
(-0.0946829 0.135833 0)
(-0.094963 0.0944842 0)
(-0.0957605 0.0540381 0)
(-0.0971115 0.0145943 0)
(-0.0989216 -0.0245908 0)
(-0.101357 -0.0642466 0)
(-0.104923 -0.105022 0)
(-0.110766 -0.148506 0)
(-0.119625 -0.198627 0)
(-0.128375 -0.259853 0)
(-0.126544 -0.323513 0)
(-0.107495 -0.334815 0)
(-0.0373556 -0.163466 0)
(0.00121929 0.102782 0)
(-0.00894675 0.183522 0)
(-0.0256536 0.223212 0)
(-0.0396564 0.242838 0)
(-0.0491388 0.239604 0)
(-0.0540141 0.21563 0)
(-0.0559859 0.178873 0)
(-0.0567009 0.137175 0)
(-0.0576636 0.0954169 0)
(-0.0594071 0.0552788 0)
(-0.0617008 0.0163111 0)
(-0.0644015 -0.0224971 0)
(-0.0675001 -0.0617513 0)
(-0.0711747 -0.10165 0)
(-0.0763574 -0.14286 0)
(-0.0846178 -0.189004 0)
(-0.0960831 -0.248423 0)
(-0.100664 -0.324382 0)
(-0.0951832 -0.372284 0)
(-0.0309266 -0.242623 0)
(0.00511927 0.10395 0)
(0.00295739 0.193124 0)
(-0.00539205 0.233709 0)
(-0.0125108 0.250873 0)
(-0.0169031 0.244789 0)
(-0.0187912 0.218572 0)
(-0.0194806 0.18051 0)
(-0.0200099 0.138432 0)
(-0.0213091 0.0969726 0)
(-0.0235455 0.0574301 0)
(-0.0264348 0.0190836 0)
(-0.0299185 -0.0191716 0)
(-0.0340132 -0.0579895 0)
(-0.038657 -0.0974205 0)
(-0.0443953 -0.137381 0)
(-0.0524545 -0.180253 0)
(-0.0657701 -0.235725 0)
(-0.074227 -0.318162 0)
(-0.0812037 -0.39679 0)
(-0.0229436 -0.307185 0)
(0.00845935 0.0974749 0)
(0.0142234 0.194118 0)
(0.0141063 0.237233 0)
(0.0137118 0.253654 0)
(0.0143348 0.246576 0)
(0.0155319 0.219869 0)
(0.0163916 0.181819 0)
(0.0164454 0.140103 0)
(0.0153077 0.0991606 0)
(0.0130308 0.0602305 0)
(0.00986301 0.0226282 0)
(0.00575453 -0.0147551 0)
(0.000562293 -0.0527037 0)
(-0.00556393 -0.0913132 0)
(-0.0130325 -0.130211 0)
(-0.0219797 -0.170395 0)
(-0.0377202 -0.220771 0)
(-0.0487297 -0.304523 0)
(-0.0679046 -0.408534 0)
(-0.0144592 -0.360067 0)
(0.0103314 0.0844938 0)
(0.0234235 0.186522 0)
(0.0310887 0.233356 0)
(0.0370196 0.250199 0)
(0.0426827 0.243361 0)
(0.0476387 0.217576 0)
(0.0510772 0.180813 0)
(0.0527541 0.140406 0)
(0.0526237 0.100641 0)
(0.0508954 0.0628281 0)
(0.0477862 0.0264589 0)
(0.043178 -0.00952276 0)
(0.0369036 -0.0460076 0)
(0.0290869 -0.0831497 0)
(0.0189299 -0.120581 0)
(0.0076026 -0.158526 0)
(-0.0118137 -0.204484 0)
(-0.0242355 -0.286526 0)
(-0.0558423 -0.411039 0)
(-0.00613699 -0.401914 0)
(0.00988019 0.0672397 0)
(0.0290361 0.17071 0)
(0.044365 0.222263 0)
(0.0569102 0.241364 0)
(0.0682067 0.236438 0)
(0.0778966 0.213076 0)
(0.0851206 0.178783 0)
(0.089578 0.14044 0)
(0.0913453 0.102276 0)
(0.0907219 0.0658359 0)
(0.0880376 0.0309814 0)
(0.0829883 -0.00330384 0)
(0.0754726 -0.0375532 0)
(0.0657786 -0.0723413 0)
(0.0525237 -0.107472 0)
(0.0375871 -0.142824 0)
(0.0131414 -0.18431 0)
(8.76299e-05 -0.263286 0)
(-0.0447939 -0.406738 0)
(0.00276679 -0.436289 0)
(0.00693132 0.0493984 0)
(0.0293714 0.148983 0)
(0.0511248 0.20367 0)
(0.0700078 0.224594 0)
(0.0874882 0.221738 0)
(0.103187 0.20158 0)
(0.115861 0.170984 0)
(0.12483 0.136092 0)
(0.130005 0.100891 0)
(0.131629 0.0670584 0)
(0.129966 0.0348453 0)
(0.125043 0.00342745 0)
(0.11641 -0.027475 0)
(0.104675 -0.0587197 0)
(0.0875771 -0.0903483 0)
(0.0683824 -0.12297 0)
(0.0383119 -0.16089 0)
(0.0238694 -0.237184 0)
(-0.034435 -0.398983 0)
(0.0134768 -0.464444 0)
(0.00238766 0.0346255 0)
(0.0236467 0.12391 0)
(0.0509706 0.179971 0)
(0.0767089 0.202976 0)
(0.10138 0.202667 0)
(0.12427 0.186266 0)
(0.143729 0.160208 0)
(0.158543 0.129775 0)
(0.168293 0.0985793 0)
(0.173186 0.0683091 0)
(0.173163 0.0395623 0)
(0.168935 0.0119332 0)
(0.159097 -0.0149198 0)
(0.145361 -0.0417302 0)
(0.124052 -0.0687776 0)
(0.100505 -0.0975827 0)
(0.064642 -0.132738 0)
(0.0470174 -0.207477 0)
(-0.0226989 -0.387095 0)
(0.0285356 -0.485566 0)
(-0.00342649 0.0286107 0)
(0.0100759 0.101505 0)
(0.0371221 0.148711 0)
(0.0689943 0.169482 0)
(0.101896 0.170706 0)
(0.133623 0.158415 0)
(0.161628 0.137979 0)
(0.18418 0.113573 0)
(0.200234 0.0882821 0)
(0.210163 0.0636363 0)
(0.21309 0.040381 0)
(0.210837 0.0183989 0)
(0.20057 -0.00268475 0)
(0.185935 -0.0233261 0)
(0.161113 -0.0439957 0)
(0.134488 -0.0677598 0)
(0.0929467 -0.101711 0)
(0.0698855 -0.180028 0)
(-0.00436243 -0.370059 0)
(0.0521638 -0.491645 0)
(-0.0140135 0.0185146 0)
(-0.00751629 0.0881754 0)
(0.0192247 0.1242 0)
(0.0564653 0.137331 0)
(0.0976274 0.136925 0)
(0.138019 0.127743 0)
(0.17428 0.113086 0)
(0.204133 0.0953054 0)
(0.226034 0.0768301 0)
(0.241132 0.0586781 0)
(0.247169 0.041802 0)
(0.248085 0.0261044 0)
(0.238744 0.0117372 0)
(0.226924 -0.00205664 0)
(0.201918 -0.0160991 0)
(0.177926 -0.0350364 0)
(0.13357 -0.0678146 0)
(0.107848 -0.146008 0)
(0.0374759 -0.32612 0)
(0.0923689 -0.455871 0)
(-0.106021 0.0824161 0)
(-0.0777611 0.0689892 0)
(-0.0485678 0.0733715 0)
(0.00378483 0.0778937 0)
(0.0573057 0.0782291 0)
(0.110044 0.0739655 0)
(0.157219 0.0666301 0)
(0.199587 0.0572246 0)
(0.231703 0.0475473 0)
(0.259859 0.0378892 0)
(0.275588 0.0292201 0)
(0.290744 0.0212322 0)
(0.291094 0.0144731 0)
(0.295202 0.00808859 0)
(0.278894 0.00111946 0)
(0.271674 -0.010018 0)
(0.232357 -0.0355722 0)
(0.218147 -0.0954209 0)
(0.150209 -0.229723 0)
(0.170672 -0.341455 0)
(0.129968 0.103744 0)
(0.158319 0.0752267 0)
(0.212163 0.0532263 0)
(0.270671 0.0416217 0)
(0.323248 0.0359124 0)
(0.375692 0.0319484 0)
(0.42029 0.0289164 0)
(0.465612 0.025581 0)
(0.49871 0.0229029 0)
(0.533962 0.0197104 0)
(0.553402 0.0175473 0)
(0.579212 0.0146092 0)
(0.585349 0.0131641 0)
(0.603686 0.010345 0)
(0.595104 0.00938256 0)
(0.603603 0.00499895 0)
(0.567792 8.85547e-05 0)
(0.547612 -0.0183163 0)
(0.435689 -0.0504144 0)
(0.336753 -0.101385 0)
)
;

boundaryField
{
    movingWall
    {
        type            fixedValue;
        value           uniform (1 0 0);
    }
    fixedWalls
    {
        type            noSlip;
    }
    frontAndBack
    {
        type            empty;
    }
}


// ************************************************************************* //
