/*--------------------------------*- C++ -*----------------------------------*\
| =========                 |                                                 |
| \\      /  F ield         | OpenFOAM: The Open Source CFD Toolbox           |
|  \\    /   O peration     | Version:  2212                                  |
|   \\  /    A nd           | Website:  www.openfoam.com                      |
|    \\/     M anipulation  |                                                 |
\*---------------------------------------------------------------------------*/
FoamFile
{
    version     2.0;
    format      ascii;
    arch        "LSB;label=32;scalar=64";
    class       volScalarField;
    location    "11.5";
    object      p;
}
// * * * * * * * * * * * * * * * * * * * * * * * * * * * * * * * * * * * * * //

dimensions      [0 2 -2 0 0 0 0];

internalField   nonuniform List<scalar> 
400
(
4.69639e-07
-0.000150526
-0.000534608
-0.00107181
-0.00173254
-0.00249402
-0.00318515
-0.00359772
-0.00356549
-0.00293422
-0.00154866
0.000619287
0.00324951
0.00551403
0.00653372
0.00592285
0.00400205
0.00214963
0.00111062
0.00104156
0.00011636
-5.80558e-05
-0.000377003
-0.000764179
-0.0012441
-0.00188823
-0.00270635
-0.00354368
-0.00408017
-0.00393858
-0.00284658
-0.000824988
0.00168928
0.00396085
0.00512466
0.00474306
0.00310297
0.00137473
0.000593135
0.000684174
0.000536478
0.000265008
-7.72852e-05
-0.000559646
-0.00134736
-0.00258075
-0.00421932
-0.005984
-0.0074028
-0.00794411
-0.00726441
-0.00546219
-0.00289182
-0.000194797
0.00179163
0.00242765
0.00170872
0.00050203
-0.000396161
-0.000392875
0.00115199
0.000741304
0.000191914
-0.000774825
-0.00245122
-0.00493801
-0.00799538
-0.0111208
-0.0137036
-0.0151772
-0.0152071
-0.0138401
-0.0112938
-0.0080293
-0.00475247
-0.00220997
-0.000870649
-0.000706489
-0.0012891
-0.00191843
0.00158339
0.000973781
-2.2845e-05
-0.00192414
-0.00500681
-0.00918031
-0.013914
-0.01848
-0.0222164
-0.0246531
-0.0255288
-0.024723
-0.0223636
-0.0187436
-0.0143048
-0.00965592
-0.00559236
-0.00294917
-0.00219354
-0.00401825
0.00129344
0.000445088
-0.00119733
-0.00430446
-0.0090052
-0.0148808
-0.021073
-0.0267155
-0.0311914
-0.0341787
-0.0355455
-0.0351895
-0.0331969
-0.0297187
-0.0248994
-0.0189611
-0.0125054
-0.00694859
-0.00440115
-0.00652445
-4.82412e-05
-0.0011475
-0.00349946
-0.00779693
-0.0139327
-0.0211146
-0.0282364
-0.0344079
-0.0391287
-0.042232
-0.0437198
-0.0436104
-0.0419726
-0.0388786
-0.0343108
-0.0281571
-0.0205391
-0.012703
-0.00785501
-0.00774821
-0.00245042
-0.00374213
-0.00669861
-0.0119135
-0.01904
-0.026982
-0.0345042
-0.0407792
-0.0454508
-0.048477
-0.0499396
-0.0499309
-0.0485302
-0.0457882
-0.0416622
-0.0359266
-0.0283256
-0.0193711
-0.0118224
-0.00798074
-0.00553759
-0.00691518
-0.0102637
-0.016022
-0.0236583
-0.0318896
-0.0394514
-0.0456129
-0.0501374
-0.0530575
-0.0544866
-0.0545267
-0.0532525
-0.0507256
-0.0469619
-0.0418119
-0.0348677
-0.0259477
-0.0167092
-0.00999468
-0.0087337
-0.0100858
-0.0135977
-0.0195422
-0.0272864
-0.0354872
-0.0429121
-0.0489097
-0.0533094
-0.0561673
-0.0575912
-0.0576624
-0.056444
-0.0540109
-0.0504509
-0.0457603
-0.039634
-0.031524
-0.0223212
-0.0143399
-0.011504
-0.0127578
-0.0162192
-0.0220543
-0.0296071
-0.0375886
-0.0448263
-0.0506991
-0.0550425
-0.0578939
-0.0593362
-0.0594277
-0.0582185
-0.0557885
-0.0522865
-0.0478521
-0.0424309
-0.0353825
-0.0271979
-0.0191793
-0.0135492
-0.0146186
-0.0178558
-0.0233153
-0.0304308
-0.0380626
-0.0451175
-0.0509494
-0.0553286
-0.05824
-0.0597276
-0.05983
-0.058588
-0.0560826
-0.0525152
-0.0481378
-0.0432066
-0.0370562
-0.0300318
-0.0224172
-0.0148373
-0.0155677
-0.0183517
-0.02321
-0.0296931
-0.0368785
-0.0437643
-0.0496397
-0.0541544
-0.0572004
-0.0587694
-0.0588765
-0.0575572
-0.0549153
-0.0511767
-0.0466555
-0.0419651
-0.0362999
-0.0302259
-0.0228958
-0.0154676
-0.0157219
-0.0177771
-0.021746
-0.0273893
-0.0340312
-0.04075
-0.04674
-0.0514923
-0.0547676
-0.0564815
-0.0566225
-0.0552009
-0.0523523
-0.0483456
-0.0435813
-0.0387303
-0.0331412
-0.0280994
-0.0202791
-0.0155742
-0.015298
-0.0163378
-0.0190875
-0.0236527
-0.0296337
-0.0361711
-0.0423353
-0.047427
-0.0510388
-0.0529794
-0.0531828
-0.0516903
-0.0485908
-0.0442262
-0.0390534
-0.0337815
-0.0280714
-0.0242313
-0.0143848
-0.0152766
-0.0145499
-0.0142605
-0.0154257
-0.0186845
-0.0238943
-0.030231
-0.0366142
-0.0421372
-0.0462006
-0.0484887
-0.0488657
-0.0473525
-0.0440203
-0.0392484
-0.0335186
-0.027641
-0.0216292
-0.0180534
-0.00383279
-0.0146618
-0.013618
-0.0117066
-0.0110808
-0.0129534
-0.01738
-0.0235337
-0.03017
-0.0361928
-0.040811
-0.0435781
-0.0442611
-0.0428501
-0.0393759
-0.0341849
-0.0276895
-0.0206821
-0.0132761
-0.0067858
0.016053
-0.014583
-0.012657
-0.00864829
-0.00623446
-0.00690991
-0.0107456
-0.0168176
-0.0237396
-0.0302982
-0.0355388
-0.0389031
-0.0400346
-0.0388771
-0.0354476
-0.0298956
-0.0222757
-0.0128726
-0.000688231
0.0166949
0.0570638
-0.0117944
-0.0118305
-0.00572596
-0.00177491
-0.00176489
-0.0054046
-0.011575
-0.0188147
-0.0258752
-0.0316871
-0.0356619
-0.0373614
-0.0366849
-0.033355
-0.0272239
-0.0175414
-0.00314825
0.0204902
0.0607042
0.129821
-0.0295166
-0.0106296
-0.00060874
0.0030809
0.00244833
-0.00155691
-0.0079993
-0.0155531
-0.0229758
-0.0291734
-0.0335315
-0.0355875
-0.0352007
-0.0319554
-0.0252274
-0.0128599
0.00942263
0.0511714
0.122878
0.226076
)
;

boundaryField
{
    movingWall
    {
        type            zeroGradient;
    }
    fixedWalls
    {
        type            zeroGradient;
    }
    frontAndBack
    {
        type            empty;
    }
}


// ************************************************************************* //
