/*--------------------------------*- C++ -*----------------------------------*\
| =========                 |                                                 |
| \\      /  F ield         | OpenFOAM: The Open Source CFD Toolbox           |
|  \\    /   O peration     | Version:  2212                                  |
|   \\  /    A nd           | Website:  www.openfoam.com                      |
|    \\/     M anipulation  |                                                 |
\*---------------------------------------------------------------------------*/
FoamFile
{
    version     2.0;
    format      ascii;
    arch        "LSB;label=32;scalar=64";
    class       surfaceScalarField;
    location    "11.5";
    object      phi;
}
// * * * * * * * * * * * * * * * * * * * * * * * * * * * * * * * * * * * * * //

dimensions      [0 3 -1 0 0 0 0];

oriented        oriented;

internalField   nonuniform List<scalar> 
760
(
1.56085e-07
-1.56127e-07
2.93632e-07
-1.37547e-07
3.09997e-07
-1.63643e-08
1.83687e-07
1.26309e-07
-1.20303e-07
3.0399e-07
-6.65926e-07
5.45623e-07
-1.48528e-06
8.19349e-07
-2.49087e-06
1.0056e-06
-3.48036e-06
9.89488e-07
-4.22036e-06
7.39996e-07
-4.54398e-06
3.23625e-07
-4.35365e-06
-1.90329e-07
-3.59375e-06
-7.59899e-07
-2.37897e-06
-1.21478e-06
-9.4e-07
-1.43897e-06
3.47771e-07
-1.28777e-06
1.08996e-06
-7.42184e-07
1.03309e-06
5.68657e-08
4.60999e-07
5.72091e-07
4.60999e-07
1.25051e-07
-2.81179e-07
7.46145e-08
-8.71102e-08
-2.9702e-07
3.55271e-07
-1.07891e-06
9.08196e-07
-2.31595e-06
1.54103e-06
-3.92743e-06
2.15711e-06
-5.66235e-06
2.55426e-06
-7.20708e-06
2.55033e-06
-8.33699e-06
2.11939e-06
-8.94233e-06
1.34534e-06
-8.97625e-06
3.57544e-07
-8.41624e-06
-7.50339e-07
-7.29365e-06
-1.88249e-06
-5.64204e-06
-2.86639e-06
-3.60581e-06
-3.4752e-06
-1.49022e-06
-3.40336e-06
1.78744e-07
-2.41115e-06
8.58999e-07
-6.23389e-07
5.25713e-07
9.05377e-07
9.86712e-07
-1.27598e-07
-1.53581e-07
-6.3393e-07
4.19222e-07
-1.62494e-06
1.34628e-06
-3.14151e-06
2.42476e-06
-5.05759e-06
3.45711e-06
-7.07346e-06
4.17298e-06
-8.87356e-06
4.35437e-06
-1.02778e-05
3.9546e-06
-1.12346e-05
3.07618e-06
-1.17362e-05
1.8469e-06
-1.17302e-05
3.51584e-07
-1.12713e-05
-1.20926e-06
-1.03386e-05
-2.8152e-06
-8.87791e-06
-4.32705e-06
-6.86962e-06
-5.48349e-06
-4.40324e-06
-5.86975e-06
-1.87874e-06
-4.93565e-06
-8.63923e-08
-2.41574e-06
2.94693e-07
5.24292e-07
1.28141e-06
-5.00533e-07
3.46952e-07
-1.56002e-06
1.4787e-06
-3.11955e-06
2.90582e-06
-5.08149e-06
4.3867e-06
-7.18541e-06
5.56103e-06
-9.12344e-06
6.11101e-06
-1.06933e-05
5.92424e-06
-1.18525e-05
5.11382e-06
-1.26292e-05
3.85281e-06
-1.30578e-05
2.27555e-06
-1.31229e-05
4.16628e-07
-1.28833e-05
-1.44878e-06
-1.23005e-05
-3.39803e-06
-1.12726e-05
-5.35498e-06
-9.66886e-06
-7.08721e-06
-7.36471e-06
-8.1739e-06
-4.3988e-06
-7.90155e-06
-1.37807e-06
-5.43647e-06
1.20738e-07
-9.74515e-07
1.40214e-06
-8.61967e-07
1.20892e-06
-2.36177e-06
2.97851e-06
-4.23291e-06
4.77696e-06
-6.28033e-06
6.43411e-06
-8.22279e-06
7.50349e-06
-9.83757e-06
7.72579e-06
-1.1048e-05
7.13467e-06
-1.18806e-05
5.94646e-06
-1.23973e-05
4.36943e-06
-1.26705e-05
2.54876e-06
-1.27911e-05
5.37215e-07
-1.27454e-05
-1.49443e-06
-1.25247e-05
-3.61871e-06
-1.20501e-05
-5.82959e-06
-1.11354e-05
-8.00194e-06
-9.49261e-06
-9.81668e-06
-6.82231e-06
-1.05718e-05
-3.22303e-06
-9.03575e-06
-2.61167e-07
-3.93638e-06
1.14098e-06
-1.08714e-06
2.29606e-06
-2.78473e-06
4.6761e-06
-4.67859e-06
6.67083e-06
-6.53673e-06
8.29225e-06
-8.13477e-06
9.10154e-06
-9.34172e-06
8.93274e-06
-1.01536e-05
7.94654e-06
-1.06355e-05
6.42835e-06
-1.08776e-05
4.61154e-06
-1.09796e-05
2.65074e-06
-1.10628e-05
6.20425e-07
-1.11133e-05
-1.4439e-06
-1.11474e-05
-3.5846e-06
-1.11363e-05
-5.84076e-06
-1.09265e-05
-8.21169e-06
-1.01913e-05
-1.05519e-05
-8.43616e-06
-1.23269e-05
-5.2451e-06
-1.22268e-05
-1.15868e-06
-8.02281e-06
-1.77009e-08
-1.11126e-06
3.40732e-06
-2.75943e-06
6.32427e-06
-4.45747e-06
8.36887e-06
-5.99358e-06
9.82836e-06
-7.20764e-06
1.03156e-05
-8.03735e-06
9.76244e-06
-8.52048e-06
8.42966e-06
-8.74401e-06
6.65188e-06
-8.8114e-06
4.67893e-06
-8.81934e-06
2.65868e-06
-8.8499e-06
6.50983e-07
-8.92124e-06
-1.37256e-06
-9.05332e-06
-3.45252e-06
-9.25782e-06
-5.63626e-06
-9.47877e-06
-7.99074e-06
-9.48543e-06
-1.05453e-05
-8.75911e-06
-1.30533e-05
-6.54131e-06
-1.44446e-05
-2.42499e-06
-1.21391e-05
-2.44269e-06
-9.36644e-07
4.34396e-06
-2.34903e-06
7.73666e-06
-3.73702e-06
9.75686e-06
-4.91711e-06
1.10084e-05
-5.78836e-06
1.11868e-05
-6.33398e-06
1.03081e-05
-6.61117e-06
8.70686e-06
-6.71094e-06
6.75165e-06
-6.72911e-06
4.69709e-06
-6.73835e-06
2.66792e-06
-6.77398e-06
6.86619e-07
-6.85279e-06
-1.29375e-06
-6.99568e-06
-3.30962e-06
-7.23332e-06
-5.39863e-06
-7.58331e-06
-7.64075e-06
-7.95569e-06
-1.01729e-05
-7.94144e-06
-1.30675e-05
-6.72261e-06
-1.56634e-05
-3.58988e-06
-1.52719e-05
-6.03257e-06
-6.26074e-07
4.97003e-06
-1.68978e-06
8.80036e-06
-2.72405e-06
1.07911e-05
-3.56427e-06
1.18487e-05
-4.15496e-06
1.17775e-05
-4.5063e-06
1.06594e-05
-4.67723e-06
8.8778e-06
-4.74608e-06
6.8205e-06
-4.78493e-06
4.73594e-06
-4.83697e-06
2.71997e-06
-4.91202e-06
7.61669e-07
-5.01623e-06
-1.18954e-06
-5.15934e-06
-3.16651e-06
-5.36988e-06
-5.18809e-06
-5.70302e-06
-7.30761e-06
-6.17296e-06
-9.70295e-06
-6.56306e-06
-1.26774e-05
-6.13296e-06
-1.60935e-05
-3.92712e-06
-1.74777e-05
-9.95969e-06
-2.33279e-07
5.20331e-06
-8.95044e-07
9.46213e-06
-1.56762e-06
1.14637e-05
-2.09817e-06
1.23792e-05
-2.45908e-06
1.21384e-05
-2.67463e-06
1.0875e-05
-2.79304e-06
8.9962e-06
-2.8675e-06
6.89496e-06
-2.94245e-06
4.81089e-06
-3.0397e-06
2.81722e-06
-3.16195e-06
8.83915e-07
-3.30866e-06
-1.04282e-06
-3.47987e-06
-2.9953e-06
-3.68761e-06
-4.98035e-06
-3.98221e-06
-7.01301e-06
-4.44613e-06
-9.23903e-06
-5.02808e-06
-1.20955e-05
-5.12738e-06
-1.59942e-05
-3.56077e-06
-1.90443e-05
-1.35205e-05
1.63764e-07
5.03955e-06
-7.04635e-08
9.69635e-06
-4.03944e-07
1.17972e-05
-6.55487e-07
1.26308e-05
-8.11028e-07
1.2294e-05
-9.01711e-07
1.09656e-05
-9.6689e-07
9.06138e-06
-1.03841e-06
6.96648e-06
-1.13282e-06
4.9053e-06
-1.25786e-06
2.94226e-06
-1.41612e-06
1.04217e-06
-1.60972e-06
-8.49221e-07
-1.83708e-06
-2.76795e-06
-2.0958e-06
-4.72163e-06
-2.41305e-06
-6.69577e-06
-2.88017e-06
-8.77191e-06
-3.56277e-06
-1.14129e-05
-4.02716e-06
-1.55298e-05
-3.02688e-06
-2.00446e-05
-1.65473e-05
5.0249e-07
4.53706e-06
7.00731e-07
9.49811e-06
7.44132e-07
1.17538e-05
7.79882e-07
1.2595e-05
8.24844e-07
1.2249e-05
8.53716e-07
1.09368e-05
8.46867e-07
9.06823e-06
7.96113e-07
7.01724e-06
7.02248e-07
4.99917e-06
5.66959e-07
3.07755e-06
3.85008e-07
1.22413e-06
1.50204e-07
-6.14417e-07
-1.38988e-07
-2.47875e-06
-4.89206e-07
-4.37141e-06
-9.03954e-07
-6.28102e-06
-1.42657e-06
-8.24929e-06
-2.20456e-06
-1.06349e-05
-2.95402e-06
-1.47804e-05
-2.46097e-06
-2.05377e-05
-1.90083e-05
7.59803e-07
3.77726e-06
1.35961e-06
8.89831e-06
1.75411e-06
1.13593e-05
2.08518e-06
1.22639e-05
2.35974e-06
1.19745e-05
2.54765e-06
1.07489e-05
2.64087e-06
8.97502e-06
2.65007e-06
7.00803e-06
2.58923e-06
5.06001e-06
2.46464e-06
3.20214e-06
2.26865e-06
1.42012e-06
1.98715e-06
-3.32921e-07
1.62084e-06
-2.11245e-06
1.16484e-06
-3.91541e-06
6.1494e-07
-5.73112e-06
-7.99369e-08
-7.55441e-06
-9.53684e-07
-9.76113e-06
-1.91682e-06
-1.38172e-05
-1.92414e-06
-2.05303e-05
-2.09324e-05
8.75568e-07
2.90169e-06
1.81908e-06
7.95479e-06
2.56417e-06
1.06142e-05
3.20827e-06
1.16198e-05
3.75889e-06
1.14238e-05
4.17282e-06
1.03349e-05
4.43427e-06
8.71357e-06
4.55718e-06
6.88512e-06
4.56432e-06
5.05286e-06
4.47066e-06
3.2958e-06
4.27393e-06
1.61684e-06
3.94147e-06
-4.58454e-10
3.4941e-06
-1.66507e-06
2.90618e-06
-3.32749e-06
2.17903e-06
-5.00396e-06
1.33186e-06
-6.70724e-06
2.74364e-07
-8.70363e-06
-9.53128e-07
-1.25897e-05
-1.42488e-06
-2.00586e-05
-2.23573e-05
8.11449e-07
2.09024e-06
1.96507e-06
6.80117e-06
3.01275e-06
9.56652e-06
3.99084e-06
1.06417e-05
4.87244e-06
1.05422e-05
5.59157e-06
9.61579e-06
6.10914e-06
8.19601e-06
6.42807e-06
6.56619e-06
6.56905e-06
4.91188e-06
6.54988e-06
3.31497e-06
6.36865e-06
1.79807e-06
6.02267e-06
3.45526e-07
5.47885e-06
-1.12125e-06
4.74474e-06
-2.59338e-06
3.81254e-06
-4.07176e-06
2.71132e-06
-5.60602e-06
1.40177e-06
-7.39408e-06
-1.48902e-07
-1.10391e-05
-9.0902e-07
-1.92985e-05
-2.32663e-05
5.81466e-07
1.50877e-06
1.77031e-06
5.61233e-06
3.1155e-06
8.22133e-06
4.47323e-06
9.28402e-06
5.74599e-06
9.26948e-06
6.83519e-06
8.5266e-06
7.67541e-06
7.35579e-06
8.25393e-06
5.98766e-06
8.58301e-06
4.58281e-06
8.67918e-06
3.2188e-06
8.54904e-06
1.92822e-06
8.18967e-06
7.04897e-07
7.55692e-06
-4.88503e-07
6.66826e-06
-1.70473e-06
5.5111e-06
-2.9146e-06
4.12649e-06
-4.22141e-06
2.58855e-06
-5.85614e-06
9.69119e-07
-9.41964e-06
-1.38903e-07
-1.81904e-05
-2.34052e-05
1.54339e-07
1.35443e-06
1.04871e-06
4.71796e-06
2.53357e-06
6.73647e-06
4.2637e-06
7.55389e-06
5.99373e-06
7.53945e-06
7.5359e-06
6.98443e-06
8.78749e-06
6.1042e-06
9.71868e-06
5.05648e-06
1.03245e-05
3.97703e-06
1.06161e-05
2.92715e-06
1.05995e-05
1.9448e-06
1.02802e-05
1.02423e-06
9.61169e-06
1.79999e-07
8.61671e-06
-7.09751e-07
7.28496e-06
-1.58285e-06
5.66869e-06
-2.60514e-06
3.92916e-06
-4.11661e-06
2.25073e-06
-7.74122e-06
6.56937e-07
-1.65967e-05
-2.27483e-05
-5.19156e-07
1.87359e-06
2.03734e-07
3.99507e-06
1.76793e-06
5.17228e-06
3.84154e-06
5.48027e-06
6.00732e-06
5.37367e-06
7.9782e-06
5.01355e-06
9.61757e-06
4.46483e-06
1.08838e-05
3.79025e-06
1.17593e-05
3.10151e-06
1.22602e-05
2.42628e-06
1.23898e-05
1.81517e-06
1.21679e-05
1.24616e-06
1.16187e-05
7.29201e-07
1.07124e-05
1.96531e-07
9.45382e-06
-3.24262e-07
7.91675e-06
-1.06807e-06
6.28712e-06
-2.48697e-06
4.46684e-06
-5.92094e-06
2.05977e-06
-1.41896e-05
-2.06885e-05
-4.18158e-06
6.05517e-06
-3.64417e-06
3.45765e-06
-1.2438e-06
2.77191e-06
1.56269e-06
2.67378e-06
4.31131e-06
2.62505e-06
6.85497e-06
2.4699e-06
9.07993e-06
2.23987e-06
1.09257e-05
1.9445e-06
1.23736e-05
1.65358e-06
1.34506e-05
1.34927e-06
1.41737e-05
1.0921e-06
1.45876e-05
8.32244e-07
1.46799e-05
6.36883e-07
1.44596e-05
4.16883e-07
1.39227e-05
2.12639e-07
1.30851e-05
-2.30506e-07
1.19347e-05
-1.33661e-06
1.01167e-05
-4.10292e-06
5.63959e-06
-9.71247e-06
-1.50489e-05
6.05517e-06
9.51282e-06
1.22847e-05
1.49585e-05
1.75836e-05
2.00535e-05
2.22933e-05
2.42378e-05
2.58914e-05
2.72407e-05
2.83328e-05
2.9165e-05
2.98019e-05
3.02188e-05
3.04314e-05
3.02009e-05
2.88643e-05
2.47614e-05
1.50489e-05
)
;

boundaryField
{
    movingWall
    {
        type            calculated;
        value           uniform 0;
    }
    fixedWalls
    {
        type            calculated;
        value           uniform 0;
    }
    frontAndBack
    {
        type            empty;
        value           nonuniform List<scalar> 0();
    }
}


// ************************************************************************* //
