/*--------------------------------*- C++ -*----------------------------------*\
| =========                 |                                                 |
| \\      /  F ield         | OpenFOAM: The Open Source CFD Toolbox           |
|  \\    /   O peration     | Version:  2212                                  |
|   \\  /    A nd           | Website:  www.openfoam.com                      |
|    \\/     M anipulation  |                                                 |
\*---------------------------------------------------------------------------*/
FoamFile
{
    version     2.0;
    format      ascii;
    arch        "LSB;label=32;scalar=64";
    class       volScalarField;
    location    "11.5";
    object      T;
}
// * * * * * * * * * * * * * * * * * * * * * * * * * * * * * * * * * * * * * //

dimensions      [0 0 0 1 0 0 0];

internalField   nonuniform List<scalar> 
400
(
0.921878
0.923632
0.927198
0.932464
0.938578
0.944114
0.948036
0.950279
0.951468
0.952266
0.952988
0.95373
0.954519
0.955327
0.956027
0.956408
0.956126
0.954809
0.952652
0.950885
0.924142
0.926289
0.930588
0.936726
0.943186
0.947902
0.950183
0.950977
0.951259
0.951471
0.951881
0.952647
0.953821
0.955336
0.956881
0.957981
0.957905
0.956101
0.953295
0.951267
0.927678
0.930549
0.935873
0.942268
0.947278
0.949404
0.949382
0.948473
0.947322
0.946449
0.946309
0.947219
0.949189
0.952159
0.955587
0.958675
0.960091
0.9585
0.954475
0.951975
0.931139
0.934756
0.940549
0.945741
0.947996
0.947158
0.944597
0.941321
0.938074
0.935672
0.934735
0.935785
0.938692
0.943521
0.949609
0.956001
0.960926
0.96204
0.957555
0.95365
0.933806
0.937857
0.94322
0.946187
0.945265
0.941298
0.935735
0.929592
0.923972
0.919872
0.918019
0.919022
0.922719
0.929246
0.938016
0.948085
0.957676
0.964023
0.963122
0.95678
0.935577
0.939624
0.943836
0.944131
0.939969
0.9328
0.924108
0.915172
0.907384
0.901795
0.899141
0.899903
0.90407
0.911719
0.922473
0.935534
0.949358
0.961377
0.9673
0.961372
0.936584
0.940232
0.94289
0.940506
0.933351
0.923228
0.911754
0.900543
0.891146
0.884578
0.881447
0.881999
0.886311
0.894417
0.906184
0.92113
0.938018
0.954496
0.966762
0.967951
0.93704
0.940096
0.941202
0.936485
0.926772
0.914135
0.900439
0.887595
0.877193
0.870138
0.866826
0.867294
0.871553
0.879605
0.891492
0.907182
0.92602
0.9459
0.962908
0.97148
0.937121
0.939534
0.939283
0.932719
0.921032
0.906522
0.89128
0.877391
0.866422
0.859142
0.855759
0.856191
0.860357
0.868165
0.879648
0.895101
0.914733
0.937167
0.957955
0.969934
0.936964
0.938838
0.937661
0.929952
0.916998
0.901251
0.884999
0.870441
0.859101
0.851628
0.848114
0.848448
0.85251
0.860114
0.871112
0.885797
0.905133
0.929095
0.953484
0.968769
0.936648
0.938137
0.936446
0.928202
0.914647
0.898336
0.881664
0.866823
0.855264
0.847566
0.843798
0.843887
0.847737
0.855123
0.865696
0.879466
0.897748
0.922105
0.949323
0.968025
0.936219
0.937515
0.935798
0.927772
0.914401
0.898211
0.881626
0.86678
0.855075
0.847103
0.842981
0.84268
0.846132
0.85312
0.863185
0.875979
0.892736
0.916584
0.945995
0.96762
0.935671
0.936935
0.935518
0.92825
0.915717
0.900299
0.884371
0.869959
0.858405
0.850326
0.845897
0.845125
0.847984
0.854274
0.863531
0.875204
0.890108
0.912541
0.943367
0.967576
0.934966
0.936362
0.935577
0.929661
0.918719
0.904807
0.89015
0.87663
0.865524
0.857492
0.852792
0.851432
0.853465
0.858695
0.866719
0.876909
0.889732
0.91019
0.941671
0.967826
0.934038
0.935656
0.935492
0.931045
0.922085
0.910256
0.897524
0.885553
0.875487
0.867959
0.863275
0.86143
0.862518
0.866385
0.872715
0.881079
0.891685
0.909504
0.940785
0.968378
0.932935
0.934843
0.93548
0.932735
0.926181
0.916982
0.906737
0.896829
0.888244
0.881548
0.877044
0.87478
0.874781
0.87701
0.881276
0.887377
0.895581
0.910223
0.940755
0.969246
0.931842
0.933713
0.93459
0.933058
0.928711
0.922299
0.914936
0.907643
0.901138
0.895866
0.892023
0.889719
0.888882
0.889599
0.891858
0.895629
0.901677
0.913538
0.942537
0.970724
0.931069
0.93328
0.93476
0.934247
0.931857
0.928032
0.923423
0.918656
0.914181
0.910341
0.907258
0.905076
0.90378
0.903453
0.904303
0.906244
0.910702
0.919835
0.945878
0.972588
0.920814
0.931106
0.931192
0.930952
0.929678
0.92793
0.925909
0.92402
0.92228
0.920998
0.920061
0.919643
0.919681
0.92014
0.921368
0.922934
0.92694
0.933913
0.953691
0.975781
0.944361
0.951106
0.954732
0.956921
0.95811
0.958865
0.959276
0.959688
0.959984
0.960428
0.960822
0.961404
0.961944
0.962671
0.96337
0.964336
0.965562
0.968141
0.973267
0.982318
)
;

boundaryField
{
    movingWall
    {
        type            fixedValue;
        value           uniform 1;
    }
    fixedWalls
    {
        type            zeroGradient;
    }
    frontAndBack
    {
        type            empty;
    }
}


// ************************************************************************* //
