/*--------------------------------*- C++ -*----------------------------------*\
| =========                 |                                                 |
| \\      /  F ield         | OpenFOAM: The Open Source CFD Toolbox           |
|  \\    /   O peration     | Version:  2212                                  |
|   \\  /    A nd           | Website:  www.openfoam.com                      |
|    \\/     M anipulation  |                                                 |
\*---------------------------------------------------------------------------*/
FoamFile
{
    version     2.0;
    format      ascii;
    arch        "LSB;label=32;scalar=64";
    class       volVectorField;
    location    "11.5";
    object      U;
}
// * * * * * * * * * * * * * * * * * * * * * * * * * * * * * * * * * * * * * //

dimensions      [0 1 -1 0 0 0 0];

internalField   nonuniform List<vector> 
400
(
(0.00168182 -0.00168377 0)
(0.00483879 -0.00189226 0)
(0.00659128 -0.00120074 0)
(0.00567497 -0.000575138 0)
(0.00157234 0.000183972 0)
(-0.00682911 0.00173938 0)
(-0.0206084 0.00478644 0)
(-0.0395418 0.00873626 0)
(-0.0608124 0.0112929 0)
(-0.0791392 0.0105126 0)
(-0.0898144 0.0067745 0)
(-0.0904647 0.00166884 0)
(-0.0802269 -0.00361672 0)
(-0.0599941 -0.00827522 0)
(-0.0335205 -0.0108474 0)
(-0.00529182 -0.00979538 0)
(0.0167248 -0.00477294 0)
(0.0244715 0.00277707 0)
(0.0161791 0.00647245 0)
(0.0043166 0.00471724 0)
(0.00172056 -0.00506529 0)
(0.00316286 -0.00403258 0)
(-0.000416832 0.000587713 0)
(-0.0113297 0.00644175 0)
(-0.0314263 0.0140504 0)
(-0.061151 0.0237746 0)
(-0.0968489 0.0330627 0)
(-0.131463 0.0370938 0)
(-0.158977 0.0335182 0)
(-0.176108 0.0234017 0)
(-0.181455 0.00910909 0)
(-0.175084 -0.00699072 0)
(-0.157565 -0.0231753 0)
(-0.129653 -0.0369154 0)
(-0.0936156 -0.0445669 0)
(-0.0521943 -0.0418396 0)
(-0.0113993 -0.0263343 0)
(0.0168906 -0.00127849 0)
(0.0178727 0.0162246 0)
(0.00554232 0.0148204 0)
(-0.000239516 -0.00578074 0)
(-0.00538105 0.000801484 0)
(-0.0196096 0.0142996 0)
(-0.0445051 0.031237 0)
(-0.0803437 0.0494475 0)
(-0.122209 0.0643233 0)
(-0.162356 0.0705494 0)
(-0.19528 0.0660311 0)
(-0.218874 0.0521926 0)
(-0.232543 0.0315343 0)
(-0.236298 0.00641577 0)
(-0.230812 -0.0211151 0)
(-0.216397 -0.0488757 0)
(-0.192551 -0.0732302 0)
(-0.159011 -0.08903 0)
(-0.115745 -0.0892322 0)
(-0.0645643 -0.0670301 0)
(-0.0138209 -0.0226639 0)
(0.00948184 0.0179197 0)
(0.00415547 0.0235809 0)
(-0.00347202 0.000452869 0)
(-0.0175154 0.0172406 0)
(-0.0435181 0.0415025 0)
(-0.0796865 0.0681983 0)
(-0.122966 0.0911659 0)
(-0.165862 0.103854 0)
(-0.201936 0.102909 0)
(-0.229261 0.0896756 0)
(-0.248102 0.0673285 0)
(-0.259057 0.0385804 0)
(-0.262965 0.00531645 0)
(-0.260632 -0.0311198 0)
(-0.251998 -0.0684595 0)
(-0.236018 -0.103749 0)
(-0.210704 -0.131497 0)
(-0.173355 -0.142896 0)
(-0.121407 -0.125769 0)
(-0.056846 -0.0708537 0)
(-0.000986698 0.00356761 0)
(0.00474231 0.0282416 0)
(-0.00666312 0.014783 0)
(-0.0287318 0.044113 0)
(-0.0632946 0.0771001 0)
(-0.10447 0.108929 0)
(-0.147294 0.13122 0)
(-0.184597 0.138208 0)
(-0.212938 0.129513 0)
(-0.232724 0.108754 0)
(-0.245242 0.0798019 0)
(-0.252219 0.0454491 0)
(-0.255339 0.00723937 0)
(-0.25552 -0.0340012 0)
(-0.25254 -0.0770891 0)
(-0.245857 -0.120695 0)
(-0.232659 -0.160832 0)
(-0.208334 -0.189043 0)
(-0.16683 -0.18999 0)
(-0.103454 -0.142885 0)
(-0.0221828 -0.0388532 0)
(0.00738226 0.0271026 0)
(-0.00851166 0.0348754 0)
(-0.0351809 0.076645 0)
(-0.0731006 0.114964 0)
(-0.113277 0.147718 0)
(-0.150545 0.166052 0)
(-0.179411 0.165988 0)
(-0.198939 0.149777 0)
(-0.210687 0.122516 0)
(-0.216638 0.0885519 0)
(-0.219271 0.0508731 0)
(-0.22054 0.0109546 0)
(-0.221441 -0.0307614 0)
(-0.222172 -0.0747274 0)
(-0.222844 -0.121301 0)
(-0.221269 -0.169248 0)
(-0.212365 -0.21308 0)
(-0.188043 -0.238608 0)
(-0.139699 -0.218556 0)
(-0.062854 -0.118948 0)
(0.0058497 0.0142044 0)
(-0.00829406 0.0570105 0)
(-0.035347 0.110022 0)
(-0.0718472 0.150514 0)
(-0.107093 0.181209 0)
(-0.136733 0.193905 0)
(-0.157142 0.186509 0)
(-0.169056 0.163344 0)
(-0.174596 0.130558 0)
(-0.176172 0.0929096 0)
(-0.176272 0.0534134 0)
(-0.176386 0.0133139 0)
(-0.177187 -0.0273146 0)
(-0.179218 -0.0695851 0)
(-0.183025 -0.11474 0)
(-0.187971 -0.163874 0)
(-0.190439 -0.215843 0)
(-0.182549 -0.261694 0)
(-0.154297 -0.275211 0)
(-0.0994128 -0.20593 0)
(-0.00890856 -0.0146248 0)
(-0.00613693 0.0776098 0)
(-0.0297986 0.140579 0)
(-0.0614393 0.181255 0)
(-0.0899151 0.208375 0)
(-0.111929 0.214966 0)
(-0.125469 0.200639 0)
(-0.132162 0.171405 0)
(-0.134316 0.13424 0)
(-0.134381 0.0941223 0)
(-0.134283 0.0537551 0)
(-0.13469 0.0138632 0)
(-0.135784 -0.0258934 0)
(-0.138015 -0.0664931 0)
(-0.142077 -0.109114 0)
(-0.148588 -0.155704 0)
(-0.15625 -0.208619 0)
(-0.159103 -0.265943 0)
(-0.146772 -0.308177 0)
(-0.112271 -0.277246 0)
(-0.0309702 -0.0753458 0)
(-0.00273098 0.0936327 0)
(-0.0204243 0.165675 0)
(-0.0451648 0.205652 0)
(-0.066365 0.228648 0)
(-0.0816375 0.229611 0)
(-0.0901312 0.209623 0)
(-0.0937661 0.17587 0)
(-0.0946807 0.135831 0)
(-0.0949605 0.0944824 0)
(-0.0957577 0.0540371 0)
(-0.0971085 0.0145942 0)
(-0.0989186 -0.0245898 0)
(-0.101354 -0.0642446 0)
(-0.10492 -0.105019 0)
(-0.110764 -0.148503 0)
(-0.119623 -0.198624 0)
(-0.128373 -0.259851 0)
(-0.126543 -0.323511 0)
(-0.107495 -0.334814 0)
(-0.0373553 -0.163465 0)
(0.00121931 0.102782 0)
(-0.00894657 0.18352 0)
(-0.0256532 0.22321 0)
(-0.0396558 0.242835 0)
(-0.049138 0.239602 0)
(-0.0540131 0.215627 0)
(-0.0559846 0.178871 0)
(-0.0566994 0.137172 0)
(-0.0576618 0.0954148 0)
(-0.0594051 0.0552775 0)
(-0.0616987 0.0163108 0)
(-0.0643993 -0.0224962 0)
(-0.067498 -0.0617493 0)
(-0.0711727 -0.101647 0)
(-0.0763556 -0.142856 0)
(-0.0846164 -0.189 0)
(-0.0960822 -0.24842 0)
(-0.100663 -0.32438 0)
(-0.0951828 -0.372282 0)
(-0.0309265 -0.242621 0)
(0.00511923 0.103949 0)
(0.00295742 0.193123 0)
(-0.00539191 0.233707 0)
(-0.0125105 0.25087 0)
(-0.0169027 0.244786 0)
(-0.0187907 0.218569 0)
(-0.0194799 0.180507 0)
(-0.0200092 0.13843 0)
(-0.0213082 0.0969703 0)
(-0.0235446 0.0574286 0)
(-0.0264337 0.0190832 0)
(-0.0299174 -0.0191707 0)
(-0.0340121 -0.0579874 0)
(-0.0386558 -0.0974175 0)
(-0.0443942 -0.137377 0)
(-0.0524536 -0.180249 0)
(-0.0657695 -0.235721 0)
(-0.0742268 -0.318159 0)
(-0.0812035 -0.396788 0)
(-0.0229435 -0.307183 0)
(0.00845923 0.097474 0)
(0.0142232 0.194117 0)
(0.0141062 0.237231 0)
(0.0137117 0.253652 0)
(0.0143346 0.246573 0)
(0.0155318 0.219866 0)
(0.0163915 0.181816 0)
(0.0164453 0.1401 0)
(0.0153076 0.0991583 0)
(0.0130306 0.0602289 0)
(0.00986285 0.0226277 0)
(0.00575442 -0.0147544 0)
(0.000562282 -0.0527019 0)
(-0.00556383 -0.0913103 0)
(-0.0130322 -0.130208 0)
(-0.0219794 -0.170391 0)
(-0.03772 -0.220767 0)
(-0.0487297 -0.304521 0)
(-0.0679046 -0.408532 0)
(-0.0144592 -0.360065 0)
(0.0103312 0.0844931 0)
(0.0234232 0.18652 0)
(0.0310882 0.233354 0)
(0.0370191 0.250197 0)
(0.042682 0.243358 0)
(0.047638 0.217574 0)
(0.0510763 0.18081 0)
(0.0527531 0.140403 0)
(0.0526226 0.100639 0)
(0.0508941 0.0628265 0)
(0.0477848 0.0264583 0)
(0.0431767 -0.00952219 0)
(0.0369024 -0.0460059 0)
(0.029086 -0.083147 0)
(0.0189293 -0.120577 0)
(0.00760214 -0.158522 0)
(-0.011814 -0.20448 0)
(-0.024236 -0.286523 0)
(-0.0558425 -0.411037 0)
(-0.00613707 -0.401912 0)
(0.00987999 0.0672393 0)
(0.0290356 0.170709 0)
(0.0443643 0.222262 0)
(0.0569093 0.241361 0)
(0.0682056 0.236435 0)
(0.0778953 0.213073 0)
(0.0851191 0.17878 0)
(0.0895763 0.140437 0)
(0.0913433 0.102274 0)
(0.0907197 0.0658345 0)
(0.0880352 0.0309809 0)
(0.082986 -0.0033034 0)
(0.0754704 -0.0375517 0)
(0.0657766 -0.0723389 0)
(0.0525222 -0.107469 0)
(0.0375859 -0.142821 0)
(0.0131406 -0.184307 0)
(8.6929e-05 -0.263283 0)
(-0.0447942 -0.406736 0)
(0.00276667 -0.436287 0)
(0.00693118 0.0493983 0)
(0.0293709 0.148982 0)
(0.0511239 0.203668 0)
(0.0700066 0.224591 0)
(0.0874868 0.221736 0)
(0.103185 0.201578 0)
(0.115859 0.170982 0)
(0.124828 0.13609 0)
(0.130003 0.100889 0)
(0.131626 0.0670572 0)
(0.129963 0.0348448 0)
(0.125039 0.00342782 0)
(0.116407 -0.0274738 0)
(0.104672 -0.0587176 0)
(0.0875748 -0.0903456 0)
(0.0683806 -0.122967 0)
(0.0383107 -0.160887 0)
(0.0238685 -0.237182 0)
(-0.0344354 -0.398982 0)
(0.0134767 -0.464443 0)
(0.00238761 0.0346257 0)
(0.0236463 0.123909 0)
(0.0509697 0.17997 0)
(0.0767077 0.202974 0)
(0.101379 0.202665 0)
(0.124268 0.186264 0)
(0.143727 0.160206 0)
(0.15854 0.129773 0)
(0.16829 0.0985777 0)
(0.173183 0.0683081 0)
(0.173159 0.0395618 0)
(0.168932 0.0119334 0)
(0.159094 -0.0149189 0)
(0.145357 -0.0417286 0)
(0.124049 -0.0687754 0)
(0.100502 -0.0975801 0)
(0.0646404 -0.132736 0)
(0.0470165 -0.207475 0)
(-0.0226994 -0.387094 0)
(0.0285353 -0.485566 0)
(-0.00342645 0.0286111 0)
(0.0100756 0.101504 0)
(0.0371213 0.14871 0)
(0.0689931 0.169481 0)
(0.101894 0.170704 0)
(0.133621 0.158413 0)
(0.161626 0.137977 0)
(0.184177 0.113571 0)
(0.200231 0.0882809 0)
(0.210159 0.0636355 0)
(0.213086 0.0403807 0)
(0.210833 0.0183991 0)
(0.200566 -0.00268395 0)
(0.185931 -0.0233248 0)
(0.16111 -0.043994 0)
(0.134485 -0.0677579 0)
(0.092945 -0.10171 0)
(0.0698846 -0.180026 0)
(-0.00436292 -0.370059 0)
(0.0521635 -0.491644 0)
(-0.0140133 0.018515 0)
(-0.00751622 0.0881756 0)
(0.0192243 0.1242 0)
(0.0564644 0.13733 0)
(0.097626 0.136924 0)
(0.138017 0.127742 0)
(0.174277 0.113085 0)
(0.20413 0.0953044 0)
(0.22603 0.0768293 0)
(0.241128 0.0586775 0)
(0.247165 0.0418018 0)
(0.248081 0.0261046 0)
(0.23874 0.0117378 0)
(0.22692 -0.00205581 0)
(0.201915 -0.016098 0)
(0.177923 -0.0350352 0)
(0.133568 -0.0678135 0)
(0.107847 -0.146007 0)
(0.0374755 -0.32612 0)
(0.0923688 -0.455871 0)
(-0.106021 0.0824163 0)
(-0.0777609 0.0689895 0)
(-0.0485677 0.0733714 0)
(0.00378453 0.0778933 0)
(0.0573049 0.0782285 0)
(0.110043 0.0739649 0)
(0.157217 0.0666294 0)
(0.199585 0.0572241 0)
(0.2317 0.0475469 0)
(0.259856 0.0378889 0)
(0.275585 0.02922 0)
(0.29074 0.0212323 0)
(0.291091 0.0144734 0)
(0.295199 0.00808903 0)
(0.278892 0.00112002 0)
(0.271672 -0.0100174 0)
(0.232356 -0.0355718 0)
(0.218147 -0.0954207 0)
(0.150209 -0.229723 0)
(0.170672 -0.341455 0)
(0.129968 0.103744 0)
(0.158319 0.0752269 0)
(0.212163 0.0532265 0)
(0.270671 0.0416219 0)
(0.323248 0.0359125 0)
(0.375692 0.0319484 0)
(0.42029 0.0289164 0)
(0.465612 0.025581 0)
(0.49871 0.0229029 0)
(0.533961 0.0197104 0)
(0.553401 0.0175473 0)
(0.579211 0.0146093 0)
(0.585348 0.0131643 0)
(0.603685 0.0103452 0)
(0.595104 0.00938271 0)
(0.603603 0.00499908 0)
(0.567792 8.8652e-05 0)
(0.547612 -0.0183162 0)
(0.435689 -0.0504144 0)
(0.336753 -0.101385 0)
)
;

boundaryField
{
    movingWall
    {
        type            fixedValue;
        value           uniform (1 0 0);
    }
    fixedWalls
    {
        type            noSlip;
    }
    frontAndBack
    {
        type            empty;
    }
}


// ************************************************************************* //
