/*--------------------------------*- C++ -*----------------------------------*\
| =========                 |                                                 |
| \\      /  F ield         | OpenFOAM: The Open Source CFD Toolbox           |
|  \\    /   O peration     | Version:  2212                                  |
|   \\  /    A nd           | Website:  www.openfoam.com                      |
|    \\/     M anipulation  |                                                 |
\*---------------------------------------------------------------------------*/
FoamFile
{
    version     2.0;
    format      ascii;
    arch        "LSB;label=32;scalar=64";
    class       volScalarField;
    location    "5.9";
    object      T;
}
// * * * * * * * * * * * * * * * * * * * * * * * * * * * * * * * * * * * * * //

dimensions      [0 0 0 1 0 0 0];

internalField   nonuniform List<scalar> 
400
(
0.688953
0.698812
0.718605
0.747444
0.780197
0.808819
0.827934
0.83783
0.842411
0.845194
0.847471
0.849553
0.851522
0.853226
0.854225
0.853737
0.85047
0.842742
0.83099
0.82131
0.70219
0.713944
0.737369
0.770379
0.804207
0.827851
0.838693
0.842626
0.844493
0.845855
0.847491
0.849837
0.852998
0.856682
0.859877
0.860958
0.857468
0.847388
0.833244
0.822698
0.722618
0.737948
0.766357
0.800146
0.826259
0.837883
0.840058
0.839088
0.837049
0.835428
0.83554
0.838291
0.843732
0.851619
0.860267
0.86703
0.867422
0.85674
0.837401
0.825207
0.742538
0.761599
0.792389
0.820431
0.834429
0.83506
0.829645
0.821845
0.813589
0.807403
0.805028
0.80803
0.816106
0.829478
0.846238
0.863378
0.875033
0.872831
0.850178
0.832036
0.75813
0.77967
0.809157
0.828003
0.830058
0.820842
0.806742
0.79046
0.775277
0.764136
0.75902
0.761674
0.771719
0.789697
0.814156
0.842506
0.869303
0.885074
0.874701
0.845685
0.769042
0.791285
0.816842
0.825734
0.817017
0.79846
0.775414
0.751249
0.73023
0.715144
0.707891
0.709713
0.720635
0.741079
0.770374
0.806714
0.846017
0.880449
0.894841
0.866297
0.776113
0.79747
0.817831
0.817521
0.799621
0.772796
0.742109
0.712048
0.687164
0.669847
0.661538
0.662728
0.673686
0.694721
0.72589
0.766414
0.813447
0.860699
0.896488
0.895317
0.780349
0.799878
0.81515
0.807333
0.782034
0.748422
0.711951
0.678027
0.65102
0.632817
0.624213
0.625108
0.635611
0.655951
0.686684
0.728333
0.779805
0.835823
0.885431
0.911175
0.7826
0.799896
0.810826
0.797438
0.76667
0.728143
0.687858
0.65169
0.623668
0.60522
0.596581
0.597351
0.607381
0.626651
0.65565
0.695791
0.748516
0.81092
0.870712
0.906367
0.78346
0.798597
0.80652
0.78992
0.755819
0.714153
0.671504
0.633987
0.60534
0.586639
0.577774
0.578286
0.587926
0.606427
0.633748
0.671187
0.722235
0.788108
0.857885
0.903064
0.783319
0.796586
0.802783
0.784996
0.749484
0.706439
0.662875
0.624835
0.595788
0.576641
0.567197
0.567098
0.576149
0.593976
0.619985
0.654612
0.702155
0.768347
0.845688
0.90087
0.782418
0.794214
0.799989
0.783261
0.748592
0.705978
0.662717
0.624688
0.59526
0.575428
0.565115
0.56407
0.572149
0.588983
0.61366
0.645574
0.688615
0.752839
0.836116
0.899738
0.7808
0.791542
0.797779
0.783743
0.751808
0.711329
0.669726
0.632662
0.603441
0.583223
0.572105
0.569917
0.576595
0.591773
0.61449
0.643517
0.681417
0.741306
0.828372
0.899625
0.778379
0.788487
0.795853
0.786094
0.759109
0.722851
0.684527
0.649544
0.621184
0.60086
0.58895
0.585307
0.590029
0.602706
0.622469
0.647818
0.680224
0.7345
0.823393
0.900403
0.775009
0.784953
0.793361
0.78808
0.767168
0.736788
0.703513
0.672323
0.646319
0.627003
0.614975
0.610093
0.612536
0.621936
0.637579
0.658403
0.685103
0.732131
0.820612
0.902046
0.770865
0.780881
0.7905
0.789972
0.776329
0.75359
0.727142
0.701313
0.678941
0.661526
0.649784
0.643758
0.643472
0.648803
0.659312
0.674461
0.695106
0.733643
0.82036
0.904645
0.766942
0.776607
0.785954
0.788268
0.780851
0.766058
0.747636
0.728863
0.711938
0.698144
0.688021
0.681828
0.679389
0.680867
0.686304
0.695568
0.710912
0.742289
0.825267
0.90904
0.764103
0.773851
0.783942
0.788309
0.786094
0.778568
0.767915
0.756156
0.744777
0.734808
0.726695
0.720821
0.717238
0.7161
0.718104
0.722915
0.734722
0.759498
0.834852
0.914626
0.733022
0.770616
0.774352
0.777279
0.776526
0.773845
0.769917
0.765979
0.76218
0.759445
0.757521
0.756916
0.757502
0.759165
0.762962
0.767613
0.779281
0.799454
0.857645
0.924199
0.811768
0.835163
0.848188
0.856552
0.861659
0.86527
0.867677
0.869948
0.871733
0.873868
0.875733
0.87811
0.880246
0.882938
0.885415
0.888731
0.892641
0.90068
0.916092
0.94402
)
;

boundaryField
{
    movingWall
    {
        type            fixedValue;
        value           uniform 1;
    }
    fixedWalls
    {
        type            zeroGradient;
    }
    frontAndBack
    {
        type            empty;
    }
}


// ************************************************************************* //
