/*--------------------------------*- C++ -*----------------------------------*\
| =========                 |                                                 |
| \\      /  F ield         | OpenFOAM: The Open Source CFD Toolbox           |
|  \\    /   O peration     | Version:  2212                                  |
|   \\  /    A nd           | Website:  www.openfoam.com                      |
|    \\/     M anipulation  |                                                 |
\*---------------------------------------------------------------------------*/
FoamFile
{
    version     2.0;
    format      ascii;
    arch        "LSB;label=32;scalar=64";
    class       volVectorField;
    location    "5.9";
    object      U;
}
// * * * * * * * * * * * * * * * * * * * * * * * * * * * * * * * * * * * * * //

dimensions      [0 1 -1 0 0 0 0];

internalField   nonuniform List<vector> 
400
(
(0.00167861 -0.00168065 0)
(0.00482796 -0.00188846 0)
(0.00657392 -0.00119859 0)
(0.00565555 -0.000573716 0)
(0.00155466 0.000185244 0)
(-0.0068389 0.00173914 0)
(-0.0206018 0.0047807 0)
(-0.0395109 0.00872348 0)
(-0.0607572 0.0112786 0)
(-0.0790717 0.0105047 0)
(-0.0897509 0.00677509 0)
(-0.0904185 0.00167608 0)
(-0.0802094 -0.00360463 0)
(-0.0600083 -0.00826193 0)
(-0.0335641 -0.0108366 0)
(-0.00535431 -0.00979095 0)
(0.0166593 -0.00478156 0)
(0.024422 0.00276518 0)
(0.0161579 0.00646156 0)
(0.00431322 0.00471194 0)
(0.00171423 -0.00505207 0)
(0.00314506 -0.0040183 0)
(-0.000440569 0.000594018 0)
(-0.0113472 0.00643975 0)
(-0.0314221 0.0140375 0)
(-0.0611085 0.0237456 0)
(-0.0967619 0.0330192 0)
(-0.13134 0.03705 0)
(-0.158835 0.0334886 0)
(-0.175963 0.023393 0)
(-0.181321 0.00912155 0)
(-0.17497 -0.00696101 0)
(-0.157481 -0.0231328 0)
(-0.129605 -0.0368693 0)
(-0.0936039 -0.0445277 0)
(-0.0522174 -0.041819 0)
(-0.0114446 -0.026343 0)
(0.0168393 -0.00131012 0)
(0.0178443 0.016192 0)
(0.00553741 0.0148023 0)
(-0.00024582 -0.00575576 0)
(-0.00539332 0.000823756 0)
(-0.0196152 0.0142984 0)
(-0.0444841 0.0312074 0)
(-0.0802755 0.0493882 0)
(-0.122086 0.0642427 0)
(-0.162186 0.070466 0)
(-0.195077 0.0659634 0)
(-0.218649 0.052152 0)
(-0.23231 0.0315268 0)
(-0.236072 0.00644222 0)
(-0.230602 -0.0210579 0)
(-0.216213 -0.0487956 0)
(-0.1924 -0.0731408 0)
(-0.158902 -0.0889487 0)
(-0.115682 -0.0891785 0)
(-0.0645488 -0.0670205 0)
(-0.0138465 -0.0227074 0)
(0.00946343 0.0178669 0)
(0.00415479 0.023551 0)
(-0.00347225 0.000482636 0)
(-0.0175075 0.0172535 0)
(-0.0434851 0.0414699 0)
(-0.0796062 0.068119 0)
(-0.122825 0.0910515 0)
(-0.165665 0.103727 0)
(-0.201694 0.102792 0)
(-0.228985 0.0895855 0)
(-0.247802 0.0672752 0)
(-0.258746 0.0385708 0)
(-0.262655 0.00535391 0)
(-0.260336 -0.0310366 0)
(-0.251726 -0.0683407 0)
(-0.23578 -0.10361 0)
(-0.210509 -0.13136 0)
(-0.17321 -0.142785 0)
(-0.121321 -0.12571 0)
(-0.0568248 -0.0708655 0)
(-0.00100207 0.00350766 0)
(0.00474167 0.0282035 0)
(-0.00665662 0.0148016 0)
(-0.0287001 0.0440952 0)
(-0.0632186 0.0770191 0)
(-0.104334 0.108793 0)
(-0.147096 0.131053 0)
(-0.184347 0.138038 0)
(-0.212647 0.129363 0)
(-0.232399 0.108637 0)
(-0.244891 0.0797296 0)
(-0.251852 0.0454306 0)
(-0.254967 0.00728098 0)
(-0.25516 -0.0339003 0)
(-0.252205 -0.0769395 0)
(-0.245556 -0.120513 0)
(-0.232402 -0.160641 0)
(-0.208126 -0.188868 0)
(-0.166679 -0.18986 0)
(-0.103372 -0.142828 0)
(-0.0221843 -0.038893 0)
(0.00737179 0.0270562 0)
(-0.00849882 0.0348653 0)
(-0.0351291 0.076582 0)
(-0.0729926 0.114828 0)
(-0.113106 0.147526 0)
(-0.150316 0.165836 0)
(-0.179137 0.165777 0)
(-0.198626 0.14959 0)
(-0.210337 0.122366 0)
(-0.216254 0.0884526 0)
(-0.21886 0.0508379 0)
(-0.220118 0.0109933 0)
(-0.221027 -0.0306487 0)
(-0.221786 -0.0745506 0)
(-0.2225 -0.12108 0)
(-0.220975 -0.169011 0)
(-0.212122 -0.212853 0)
(-0.187852 -0.238413 0)
(-0.139567 -0.218417 0)
(-0.0627954 -0.118901 0)
(0.00583072 0.0141694 0)
(-0.00827792 0.0569626 0)
(-0.0352845 0.109909 0)
(-0.0717248 0.150324 0)
(-0.106911 0.180966 0)
(-0.1365 0.193643 0)
(-0.156869 0.186257 0)
(-0.168741 0.163117 0)
(-0.174236 0.130368 0)
(-0.175766 0.0927756 0)
(-0.175827 0.0533544 0)
(-0.175921 0.0133468 0)
(-0.176725 -0.0271844 0)
(-0.178785 -0.0693678 0)
(-0.182643 -0.114464 0)
(-0.187652 -0.163579 0)
(-0.190184 -0.215564 0)
(-0.182348 -0.261451 0)
(-0.154143 -0.27501 0)
(-0.099303 -0.205799 0)
(-0.00890498 -0.0146481 0)
(-0.00612198 0.0775212 0)
(-0.0297377 0.140415 0)
(-0.0613217 0.181016 0)
(-0.0897452 0.208085 0)
(-0.111715 0.214661 0)
(-0.125217 0.200344 0)
(-0.131865 0.171132 0)
(-0.133968 0.134003 0)
(-0.133978 0.0939433 0)
(-0.133834 0.0536619 0)
(-0.134215 0.0138829 0)
(-0.135306 -0.025748 0)
(-0.137561 -0.0662313 0)
(-0.141674 -0.10877 0)
(-0.148255 -0.155329 0)
(-0.155994 -0.208267 0)
(-0.158912 -0.265646 0)
(-0.146632 -0.30793 0)
(-0.112163 -0.277052 0)
(-0.0309301 -0.0752978 0)
(-0.00272104 0.0935063 0)
(-0.0203753 0.165465 0)
(-0.0450678 0.205369 0)
(-0.0662249 0.228317 0)
(-0.0814615 0.229267 0)
(-0.0899209 0.209288 0)
(-0.0935133 0.175551 0)
(-0.0943771 0.135543 0)
(-0.094605 0.0942525 0)
(-0.09536 0.0539039 0)
(-0.0966855 0.0145938 0)
(-0.0984888 -0.0244399 0)
(-0.10094 -0.0639519 0)
(-0.104543 -0.104617 0)
(-0.110447 -0.148049 0)
(-0.119382 -0.198189 0)
(-0.128202 -0.25949 0)
(-0.126431 -0.323222 0)
(-0.107408 -0.334562 0)
(-0.0373156 -0.163297 0)
(0.00122095 0.102627 0)
(-0.00891811 0.183273 0)
(-0.0255896 0.222894 0)
(-0.0395611 0.242472 0)
(-0.049017 0.239225 0)
(-0.0538656 0.215254 0)
(-0.0558031 0.178509 0)
(-0.0564777 0.136836 0)
(-0.0574015 0.0951396 0)
(-0.0591148 0.0551087 0)
(-0.0613897 0.0162891 0)
(-0.0640821 -0.0223517 0)
(-0.0671848 -0.0614439 0)
(-0.0708786 -0.101209 0)
(-0.0760985 -0.14234 0)
(-0.0844168 -0.188487 0)
(-0.0959448 -0.247993 0)
(-0.100589 -0.324058 0)
(-0.0951275 -0.372009 0)
(-0.0309062 -0.242399 0)
(0.00511036 0.103783 0)
(0.00295961 0.192852 0)
(-0.00537049 0.233368 0)
(-0.0124713 0.250484 0)
(-0.0168485 0.244386 0)
(-0.0187214 0.21817 0)
(-0.0193911 0.180115 0)
(-0.019898 0.138062 0)
(-0.0211778 0.0966652 0)
(-0.0234009 0.0572338 0)
(-0.0262808 0.0190401 0)
(-0.0297566 -0.0190421 0)
(-0.0338446 -0.0576897 0)
(-0.0384878 -0.0969739 0)
(-0.0442355 -0.136833 0)
(-0.0523239 -0.179682 0)
(-0.065679 -0.235235 0)
(-0.0741934 -0.317803 0)
(-0.0811778 -0.396497 0)
(-0.0229348 -0.306931 0)
(0.00843808 0.0973165 0)
(0.0141958 0.193837 0)
(0.0140811 0.236882 0)
(0.0136893 0.253256 0)
(0.0143135 0.246161 0)
(0.0155117 0.219452 0)
(0.0163739 0.18141 0)
(0.0164304 0.139719 0)
(0.015292 0.0988394 0)
(0.0130112 0.0600196 0)
(0.00984254 0.0225675 0)
(0.00574089 -0.0146456 0)
(0.000563325 -0.0524249 0)
(-0.00554647 -0.0908851 0)
(-0.0129974 -0.12967 0)
(-0.0219427 -0.169805 0)
(-0.037692 -0.220246 0)
(-0.0487437 -0.304149 0)
(-0.0679096 -0.408247 0)
(-0.0144617 -0.359811 0)
(0.0102995 0.0843656 0)
(0.0233662 0.186252 0)
(0.0310168 0.233011 0)
(0.0369357 0.249805 0)
(0.0425861 0.242948 0)
(0.047529 0.217163 0)
(0.0509532 0.180411 0)
(0.0526141 0.140032 0)
(0.0524652 0.100329 0)
(0.0507184 0.0626193 0)
(0.0475987 0.0263902 0)
(0.0429949 -0.00943136 0)
(0.0367393 -0.0457546 0)
(0.0289501 -0.0827527 0)
(0.0188327 -0.120069 0)
(0.00753642 -0.15795 0)
(-0.0118553 -0.203949 0)
(-0.0242957 -0.286145 0)
(-0.055873 -0.410766 0)
(-0.00614704 -0.401675 0)
(0.00984564 0.0671606 0)
(0.0289557 0.170473 0)
(0.0442528 0.221942 0)
(0.0567707 0.240991 0)
(0.0680402 0.236043 0)
(0.0777026 0.212681 0)
(0.0848976 0.178401 0)
(0.0893239 0.14009 0)
(0.091059 0.101985 0)
(0.0904071 0.0656394 0)
(0.0877041 0.0309099 0)
(0.0826565 -0.00323023 0)
(0.0751619 -0.0373332 0)
(0.0655019 -0.0719888 0)
(0.0523014 -0.107011 0)
(0.0374178 -0.142294 0)
(0.0130273 -0.1838 0)
(-1.25574e-05 -0.262922 0)
(-0.0448458 -0.406491 0)
(0.00274958 -0.436086 0)
(0.00690584 0.049376 0)
(0.0292813 0.148801 0)
(0.0509845 0.203389 0)
(0.0698259 0.224255 0)
(0.0872669 0.221376 0)
(0.102926 0.201218 0)
(0.115559 0.17064 0)
(0.124486 0.135781 0)
(0.129619 0.100638 0)
(0.131207 0.0668891 0)
(0.129521 0.0347831 0)
(0.124594 0.00348967 0)
(0.115981 -0.0272883 0)
(0.104284 -0.0584181 0)
(0.0872503 -0.0899516 0)
(0.068123 -0.122508 0)
(0.038132 -0.160434 0)
(0.0237486 -0.236856 0)
(-0.0345003 -0.39877 0)
(0.0134507 -0.464291 0)
(0.00237777 0.0346494 0)
(0.0235687 0.123797 0)
(0.0508248 0.179751 0)
(0.0765054 0.202692 0)
(0.101123 0.202354 0)
(0.12396 0.185951 0)
(0.143366 0.159909 0)
(0.158128 0.129509 0)
(0.16783 0.0983639 0)
(0.172683 0.0681655 0)
(0.172635 0.039507 0)
(0.1684 0.0119783 0)
(0.158582 -0.0147741 0)
(0.144884 -0.0414886 0)
(0.123646 -0.0684561 0)
(0.100177 -0.097208 0)
(0.0644084 -0.132361 0)
(0.0468864 -0.207218 0)
(-0.0227755 -0.386953 0)
(0.0284984 -0.48547 0)
(-0.00342035 0.028669 0)
(0.0100213 0.101464 0)
(0.0369934 0.148557 0)
(0.0687987 0.169262 0)
(0.101636 0.170455 0)
(0.133299 0.15816 0)
(0.161242 0.137738 0)
(0.183733 0.113363 0)
(0.199734 0.0881168 0)
(0.209617 0.0635296 0)
(0.212518 0.0403452 0)
(0.210251 0.018439 0)
(0.200006 -0.00256388 0)
(0.18541 -0.0231345 0)
(0.160661 -0.0437483 0)
(0.134122 -0.0674801 0)
(0.0926903 -0.101429 0)
(0.069759 -0.179822 0)
(-0.00443314 -0.369972 0)
(0.0521287 -0.491599 0)
(-0.0139754 0.018571 0)
(-0.00751055 0.0881883 0)
(0.0191503 0.124128 0)
(0.0563139 0.137197 0)
(0.0973953 0.136757 0)
(0.137706 0.127565 0)
(0.173892 0.112914 0)
(0.203672 0.0951536 0)
(0.225515 0.0767111 0)
(0.240563 0.0586001 0)
(0.246577 0.0417752 0)
(0.247483 0.0261294 0)
(0.23817 0.011819 0)
(0.226386 -0.00193266 0)
(0.201459 -0.0159373 0)
(0.177564 -0.0348593 0)
(0.133318 -0.0676399 0)
(0.107721 -0.145909 0)
(0.0374193 -0.326109 0)
(0.0923459 -0.455868 0)
(-0.105993 0.0824559 0)
(-0.0777356 0.0690241 0)
(-0.0485725 0.0733477 0)
(0.00372248 0.0778316 0)
(0.0571712 0.0781434 0)
(0.109834 0.0738704 0)
(0.156937 0.0665382 0)
(0.199235 0.0571444 0)
(0.231298 0.0474874 0)
(0.259411 0.0378529 0)
(0.275123 0.0292128 0)
(0.290275 0.0212515 0)
(0.290652 0.0145194 0)
(0.294799 0.00815363 0)
(0.278566 0.00120264 0)
(0.271422 -0.00993626 0)
(0.232183 -0.035502 0)
(0.218074 -0.095391 0)
(0.150197 -0.229723 0)
(0.17067 -0.341463 0)
(0.129983 0.103754 0)
(0.15835 0.0752547 0)
(0.212214 0.0532587 0)
(0.270721 0.0416477 0)
(0.323277 0.0359294 0)
(0.375683 0.031957 0)
(0.420237 0.0289202 0)
(0.465512 0.0255826 0)
(0.498572 0.0229054 0)
(0.533794 0.0197149 0)
(0.553218 0.0175555 0)
(0.579027 0.0146208 0)
(0.585177 0.0131799 0)
(0.603542 0.0103638 0)
(0.594998 0.00940362 0)
(0.603541 0.00501767 0)
(0.567774 0.00010339 0)
(0.547637 -0.0183078 0)
(0.435734 -0.0504148 0)
(0.336774 -0.10139 0)
)
;

boundaryField
{
    movingWall
    {
        type            fixedValue;
        value           uniform (1 0 0);
    }
    fixedWalls
    {
        type            noSlip;
    }
    frontAndBack
    {
        type            empty;
    }
}


// ************************************************************************* //
