/*--------------------------------*- C++ -*----------------------------------*\
| =========                 |                                                 |
| \\      /  F ield         | OpenFOAM: The Open Source CFD Toolbox           |
|  \\    /   O peration     | Version:  2212                                  |
|   \\  /    A nd           | Website:  www.openfoam.com                      |
|    \\/     M anipulation  |                                                 |
\*---------------------------------------------------------------------------*/
FoamFile
{
    version     2.0;
    format      ascii;
    arch        "LSB;label=32;scalar=64";
    class       surfaceScalarField;
    location    "0.1";
    object      phi;
}
// * * * * * * * * * * * * * * * * * * * * * * * * * * * * * * * * * * * * * //

dimensions      [0 3 -1 0 0 0 0];

oriented        oriented;

internalField   nonuniform List<scalar> 
760
(
-3.47454e-08
3.47454e-08
-8.52841e-08
5.05387e-08
-1.36056e-07
5.07716e-08
-1.83718e-07
4.76622e-08
-2.26956e-07
4.32385e-08
-2.6472e-07
3.7764e-08
-2.96067e-07
3.13468e-08
-3.20167e-07
2.41e-08
-3.36316e-07
1.61485e-08
-3.43946e-07
7.63079e-09
-3.42648e-07
-1.29874e-09
-3.32191e-07
-1.0457e-08
-3.1256e-07
-1.96311e-08
-2.83988e-07
-2.85719e-08
-2.46993e-07
-3.69953e-08
-2.02405e-07
-4.45874e-08
-1.51397e-07
-5.10084e-08
-9.56707e-08
-5.5726e-08
-3.9348e-08
-5.63227e-08
-3.9348e-08
-5.2469e-08
8.72144e-08
-1.24334e-07
1.22403e-07
-1.96113e-07
1.22551e-07
-2.63457e-07
1.15006e-07
-3.24411e-07
1.04193e-07
-3.77456e-07
9.08091e-08
-4.21275e-07
7.51659e-08
-4.54737e-07
5.75621e-08
-4.76904e-07
3.83156e-08
-4.87043e-07
1.77695e-08
-4.84644e-07
-3.69793e-09
-4.69435e-07
-2.56654e-08
-4.41448e-07
-4.76186e-08
-4.0104e-07
-6.89797e-08
-3.48954e-07
-8.90818e-08
-2.86359e-07
-1.07182e-07
-2.14912e-07
-1.22455e-07
-1.3705e-07
-1.33589e-07
-5.81382e-08
-1.35234e-07
-9.74861e-08
-5.69321e-08
1.44147e-07
-1.34783e-07
2.00255e-07
-2.12361e-07
2.00129e-07
-2.85065e-07
1.8771e-07
-3.50841e-07
1.69968e-07
-4.08081e-07
1.48048e-07
-4.55393e-07
1.22479e-07
-4.91591e-07
9.37603e-08
-5.15689e-07
6.24129e-08
-5.26905e-07
2.89859e-08
-5.24677e-07
-5.92569e-09
-5.0868e-07
-4.16625e-08
-4.78885e-07
-7.74134e-08
-4.35603e-07
-1.12263e-07
-3.79549e-07
-1.45135e-07
-3.11916e-07
-1.74815e-07
-2.34449e-07
-1.99922e-07
-1.49752e-07
-2.18286e-07
-6.36184e-08
-2.21368e-07
-1.61105e-07
-6.0629e-08
2.04776e-07
-1.43727e-07
2.83353e-07
-2.26483e-07
2.82885e-07
-3.03995e-07
2.65222e-07
-3.74124e-07
2.40098e-07
-4.3521e-07
2.09134e-07
-4.85826e-07
1.73094e-07
-5.24754e-07
1.32689e-07
-5.50975e-07
8.86341e-08
-5.6366e-07
4.167e-08
-5.62169e-07
-7.41604e-09
-5.46066e-07
-5.77661e-08
-5.15194e-07
-1.08285e-07
-4.69725e-07
-1.57731e-07
-4.10258e-07
-2.04603e-07
-3.37917e-07
-2.47156e-07
-2.54482e-07
-2.83357e-07
-1.62751e-07
-3.10017e-07
-6.91309e-08
-3.14988e-07
-2.30235e-07
-6.56175e-08
2.70393e-07
-1.5565e-07
3.73385e-07
-2.45259e-07
3.72494e-07
-3.29137e-07
3.491e-07
-4.05022e-07
3.15983e-07
-4.71191e-07
2.75302e-07
-5.26185e-07
2.28089e-07
-5.6877e-07
1.75273e-07
-5.97897e-07
1.17761e-07
-6.12682e-07
5.64551e-08
-6.12395e-07
-7.70314e-09
-5.96422e-07
-7.37398e-08
-5.64411e-07
-1.40296e-07
-5.16305e-07
-2.05837e-07
-4.52481e-07
-2.68428e-07
-3.73914e-07
-3.25722e-07
-2.82387e-07
-3.74885e-07
-1.80965e-07
-4.11438e-07
-7.69496e-08
-4.19003e-07
-3.07185e-07
-7.22388e-08
3.42632e-07
-1.71386e-07
4.72533e-07
-2.69954e-07
4.71062e-07
-3.62108e-07
4.41253e-07
-4.45425e-07
3.993e-07
-5.18122e-07
3.47999e-07
-5.7873e-07
2.88697e-07
-6.2602e-07
2.22564e-07
-6.58942e-07
1.50683e-07
-6.76566e-07
7.4079e-08
-6.78068e-07
-6.20059e-09
-6.62577e-07
-8.92316e-08
-6.2947e-07
-1.73403e-07
-5.78332e-07
-2.56974e-07
-5.09164e-07
-3.37597e-07
-4.22641e-07
-4.12245e-07
-3.20453e-07
-4.77072e-07
-2.05983e-07
-5.25908e-07
-8.77645e-08
-5.37222e-07
-3.94949e-07
-8.07118e-08
4.23344e-07
-1.91458e-07
5.83279e-07
-3.01333e-07
5.80937e-07
-4.0383e-07
5.43751e-07
-4.96347e-07
4.91816e-07
-5.77055e-07
4.28708e-07
-6.44524e-07
3.56165e-07
-6.97589e-07
2.7563e-07
-7.35247e-07
1.8834e-07
-7.56553e-07
9.53855e-08
-7.60659e-07
-2.09471e-09
-7.46267e-07
-1.03624e-07
-7.12439e-07
-2.07231e-07
-6.58214e-07
-3.11199e-07
-5.8297e-07
-4.12841e-07
-4.86815e-07
-5.08399e-07
-3.71133e-07
-5.92754e-07
-2.39594e-07
-6.57447e-07
-1.02395e-07
-6.74422e-07
-4.97344e-07
-9.13365e-08
5.1468e-07
-2.16542e-07
7.08484e-07
-3.40355e-07
7.04751e-07
-4.55428e-07
6.58823e-07
-5.58963e-07
5.95352e-07
-6.49148e-07
5.18892e-07
-7.24674e-07
4.31692e-07
-7.8455e-07
3.35506e-07
-8.27911e-07
2.31701e-07
-8.5382e-07
1.21294e-07
-8.61678e-07
5.76299e-09
-8.49353e-07
-1.15948e-07
-8.15704e-07
-2.4088e-07
-7.58926e-07
-3.67977e-07
-6.774e-07
-4.94367e-07
-5.70206e-07
-6.15593e-07
-4.37983e-07
-7.24977e-07
-2.84499e-07
-8.10931e-07
-1.22126e-07
-8.36794e-07
-6.1947e-07
-1.04555e-07
6.19235e-07
-2.47606e-07
8.51535e-07
-3.88356e-07
8.455e-07
-5.18407e-07
7.88874e-07
-6.3479e-07
7.11734e-07
-7.35811e-07
6.19913e-07
-8.20446e-07
5.16327e-07
-8.88049e-07
4.03109e-07
-9.38084e-07
2.81736e-07
-9.699e-07
1.5311e-07
-9.82249e-07
1.81123e-08
-9.73782e-07
-1.24416e-07
-9.42036e-07
-2.72626e-07
-8.84195e-07
-4.25818e-07
-7.97137e-07
-5.81425e-07
-6.78168e-07
-7.34562e-07
-5.26337e-07
-8.76808e-07
-3.44945e-07
-9.92323e-07
-1.49066e-07
-1.03267e-06
-7.68536e-07
-1.21034e-07
7.4027e-07
-2.86072e-07
1.01657e-06
-4.47229e-07
1.00666e-06
-5.94826e-07
9.36472e-07
-7.25799e-07
8.42708e-07
-8.38771e-07
7.32885e-07
-9.33247e-07
6.10803e-07
-1.00919e-06
4.79047e-07
-1.06661e-06
3.39159e-07
-1.10522e-06
1.91726e-07
-1.12419e-06
3.70828e-08
-1.12161e-06
-1.27005e-07
-1.09448e-06
-2.99752e-07
-1.03852e-06
-4.81779e-07
-9.48352e-07
-6.71591e-07
-8.18326e-07
-8.64588e-07
-6.44341e-07
-1.05079e-06
-4.27845e-07
-1.20882e-06
-1.86854e-07
-1.27366e-06
-9.5539e-07
-1.41807e-07
8.82077e-07
-3.34071e-07
1.20884e-06
-5.19713e-07
1.1923e-06
-6.87536e-07
1.10429e-06
-8.34585e-07
9.89757e-07
-9.60142e-07
8.58443e-07
-1.06463e-06
7.15288e-07
-1.14898e-06
5.63405e-07
-1.21416e-06
4.04337e-07
-1.26066e-06
2.38219e-07
-1.28785e-06
6.42766e-08
-1.29425e-06
-1.20607e-07
-1.27594e-06
-3.18058e-07
-1.227e-06
-5.30726e-07
-1.13897e-06
-7.59614e-07
-1.00152e-06
-1.00204e-06
-8.04665e-07
-1.24765e-06
-5.449e-07
-1.46859e-06
-2.42219e-07
-1.57635e-06
-1.19761e-06
-1.68535e-07
1.05061e-06
-3.949e-07
1.4352e-06
-6.09857e-07
1.40726e-06
-8.00548e-07
1.29499e-06
-9.64598e-07
1.15381e-06
-1.10253e-06
9.96373e-07
-1.21624e-06
8.29004e-07
-1.3082e-06
6.55363e-07
-1.38075e-06
4.76888e-07
-1.43556e-06
2.93023e-07
-1.47314e-06
1.01855e-07
-1.49213e-06
-1.0161e-07
-1.48854e-06
-3.2165e-07
-1.45479e-06
-5.64473e-07
-1.3787e-06
-8.35705e-07
-1.24301e-06
-1.13773e-06
-1.02732e-06
-1.46334e-06
-7.16755e-07
-1.77915e-06
-3.28635e-07
-1.96447e-06
-1.52624e-06
-2.03992e-07
1.2546e-06
-4.73804e-07
1.70501e-06
-7.23751e-07
1.6572e-06
-9.39565e-07
1.5108e-06
-1.12046e-06
1.3347e-06
-1.26915e-06
1.14506e-06
-1.38984e-06
9.497e-07
-1.48721e-06
7.52723e-07
-1.56559e-06
5.55269e-07
-1.62845e-06
3.55892e-07
-1.6777e-06
1.51102e-07
-1.71353e-06
-6.57857e-08
-1.73232e-06
-3.02858e-07
-1.72583e-06
-5.70959e-07
-1.67831e-06
-8.8323e-07
-1.56353e-06
-1.25251e-06
-1.3441e-06
-1.68276e-06
-9.81242e-07
-2.14202e-06
-4.75375e-07
-2.47033e-06
-2.00162e-06
-2.53014e-07
1.50762e-06
-5.79404e-07
2.0314e-06
-8.70719e-07
1.94852e-06
-1.11274e-06
1.75282e-06
-1.30833e-06
1.53029e-06
-1.46394e-06
1.30067e-06
-1.58718e-06
1.07294e-06
-1.68572e-06
8.51265e-07
-1.76657e-06
6.36126e-07
-1.83561e-06
4.24928e-07
-1.89698e-06
2.12468e-07
-1.95333e-06
-9.43578e-09
-2.00319e-06
-2.5299e-07
-2.04003e-06
-5.34124e-07
-2.04694e-06
-8.76322e-07
-1.98902e-06
-1.31042e-06
-1.8047e-06
-1.86708e-06
-1.40954e-06
-2.53717e-06
-7.49984e-07
-3.12989e-06
-2.7516e-06
-3.24459e-07
1.83208e-06
-7.26389e-07
2.43333e-06
-1.06519e-06
2.28732e-06
-1.3316e-06
2.01923e-06
-1.53625e-06
1.73494e-06
-1.69153e-06
1.45596e-06
-1.80976e-06
1.19117e-06
-1.90248e-06
9.43986e-07
-1.97995e-06
7.13586e-07
-2.05088e-06
4.95862e-07
-2.12243e-06
2.84014e-07
-2.20101e-06
6.91484e-08
-2.28944e-06
-1.64558e-07
-2.38761e-06
-4.35951e-07
-2.48437e-06
-7.79562e-07
-2.54335e-06
-1.25145e-06
-2.47697e-06
-1.93346e-06
-2.12275e-06
-2.8914e-06
-1.28781e-06
-3.96483e-06
-4.03941e-06
-4.36193e-07
2.26827e-06
-9.40864e-07
2.938e-06
-1.32929e-06
2.67575e-06
-1.61182e-06
2.30176e-06
-1.81377e-06
1.93689e-06
-1.95617e-06
1.59835e-06
-2.05724e-06
1.29224e-06
-2.1331e-06
1.01985e-06
-2.19763e-06
7.78115e-07
-2.26251e-06
5.60742e-07
-2.33826e-06
3.59764e-07
-2.43442e-06
1.65303e-07
-2.56282e-06
-3.61511e-08
-2.73438e-06
-2.64394e-07
-2.95602e-06
-5.57922e-07
-3.2079e-06
-9.99564e-07
-3.38615e-06
-1.75522e-06
-3.20639e-06
-3.07115e-06
-2.19594e-06
-4.97528e-06
-6.23535e-06
-6.13101e-07
2.88137e-06
-1.27214e-06
3.59704e-06
-1.69816e-06
3.10177e-06
-1.9704e-06
2.574e-06
-2.14344e-06
2.10993e-06
-2.24779e-06
1.7027e-06
-2.30811e-06
1.35256e-06
-2.346e-06
1.05774e-06
-2.37903e-06
8.11148e-07
-2.42092e-06
6.02626e-07
-2.48407e-06
4.2292e-07
-2.58164e-06
2.62868e-07
-2.73121e-06
1.13421e-07
-2.95914e-06
-3.64686e-08
-3.29892e-06
-2.18134e-07
-3.76245e-06
-5.36037e-07
-4.2436e-06
-1.27407e-06
-4.29867e-06
-3.01609e-06
-3.15409e-06
-6.11985e-06
-9.38944e-06
-8.69573e-07
3.75095e-06
-1.75917e-06
4.48664e-06
-2.18312e-06
3.52572e-06
-2.35348e-06
2.74435e-06
-2.39349e-06
2.14995e-06
-2.36326e-06
1.67247e-06
-2.29993e-06
1.28923e-06
-2.23167e-06
9.89482e-07
-2.17762e-06
7.57094e-07
-2.14827e-06
5.73275e-07
-2.15298e-06
4.27633e-07
-2.2011e-06
3.10992e-07
-2.31219e-06
2.24507e-07
-2.50711e-06
1.58447e-07
-2.83503e-06
1.09791e-07
-3.31079e-06
-6.02756e-08
-3.87487e-06
-7.09988e-07
-3.92868e-06
-2.96228e-06
-3.07102e-06
-6.97751e-06
-1.24605e-05
-3.41429e-06
7.16524e-06
-3.08613e-06
4.15848e-06
-2.09527e-06
2.53485e-06
-1.27608e-06
1.92516e-06
-6.11789e-07
1.48566e-06
-5.31792e-08
1.11386e-06
4.06921e-07
8.29131e-07
7.72768e-07
6.23635e-07
1.05594e-06
4.73919e-07
1.26741e-06
3.61808e-07
1.41468e-06
2.80364e-07
1.5067e-06
2.1897e-07
1.53526e-06
1.95951e-07
1.51174e-06
1.81967e-07
1.40353e-06
2.17994e-07
1.23231e-06
1.1095e-07
1.02141e-06
-4.99083e-07
5.37545e-07
-2.47842e-06
7.65109e-07
-7.20508e-06
-1.16954e-05
7.16524e-06
1.13237e-05
1.38586e-05
1.57837e-05
1.72694e-05
1.83832e-05
1.92124e-05
1.9836e-05
2.03099e-05
2.06717e-05
2.09521e-05
2.11711e-05
2.1367e-05
2.1549e-05
2.1767e-05
2.18779e-05
2.13789e-05
1.89004e-05
1.16954e-05
)
;

boundaryField
{
    movingWall
    {
        type            calculated;
        value           uniform 0;
    }
    fixedWalls
    {
        type            calculated;
        value           uniform 0;
    }
    frontAndBack
    {
        type            empty;
        value           nonuniform List<scalar> 0();
    }
}


// ************************************************************************* //
