/*--------------------------------*- C++ -*----------------------------------*\
| =========                 |                                                 |
| \\      /  F ield         | OpenFOAM: The Open Source CFD Toolbox           |
|  \\    /   O peration     | Version:  2212                                  |
|   \\  /    A nd           | Website:  www.openfoam.com                      |
|    \\/     M anipulation  |                                                 |
\*---------------------------------------------------------------------------*/
FoamFile
{
    version     2.0;
    format      ascii;
    arch        "LSB;label=32;scalar=64";
    class       volScalarField;
    location    "0.1";
    object      T;
}
// * * * * * * * * * * * * * * * * * * * * * * * * * * * * * * * * * * * * * //

dimensions      [0 0 0 1 0 0 0];

internalField   nonuniform List<scalar> 
400
(
1e-08
1e-08
1e-08
1e-08
1e-08
1e-08
1e-08
1e-08
1e-08
1e-08
1e-08
1e-08
1e-08
1e-08
1e-08
1e-08
1e-08
1e-08
1e-08
1e-08
1e-08
1e-08
1e-08
1e-08
1e-08
1e-08
1e-08
1e-08
1e-08
1e-08
1e-08
1e-08
1e-08
1e-08
1e-08
1e-08
1e-08
1e-08
1e-08
1e-08
1e-08
1e-08
1e-08
1e-08
1e-08
1e-08
1e-08
1e-08
1e-08
1e-08
1e-08
1e-08
1e-08
1e-08
1e-08
1e-08
1e-08
1e-08
1e-08
1e-08
1e-08
1e-08
1e-08
1e-08
1e-08
1e-08
1e-08
1e-08
1e-08
1e-08
1e-08
1e-08
1e-08
1e-08
1e-08
1e-08
1e-08
1e-08
1e-08
1e-08
1e-08
1e-08
1e-08
1e-08
1e-08
1e-08
1e-08
1e-08
1e-08
1e-08
1e-08
1e-08
1e-08
1e-08
1e-08
1e-08
1e-08
1e-08
1e-08
1e-08
1e-08
1e-08
1e-08
1e-08
1e-08
1e-08
1e-08
1e-08
1e-08
1e-08
1e-08
1e-08
1e-08
1e-08
1e-08
1e-08
1e-08
1e-08
1e-08
1e-08
1e-08
1e-08
1e-08
1e-08
1e-08
1e-08
1e-08
1e-08
1e-08
1e-08
1e-08
1e-08
1e-08
1e-08
1e-08
1.00001e-08
1.00002e-08
1.00005e-08
1.0001e-08
1.0001e-08
1e-08
1e-08
1e-08
1e-08
1e-08
1e-08
1e-08
1e-08
1e-08
1e-08
1e-08
1e-08
1.00001e-08
1.00002e-08
1.00004e-08
1.00011e-08
1.00035e-08
1.00104e-08
1.00229e-08
1.00232e-08
1e-08
1e-08
1e-08
1e-08
1e-08
1e-08
1e-08
1.00001e-08
1.00001e-08
1.00002e-08
1.00004e-08
1.00008e-08
1.00015e-08
1.00032e-08
1.00076e-08
1.00214e-08
1.00668e-08
1.02021e-08
1.04624e-08
1.04865e-08
1e-08
1e-08
1e-08
1e-08
1.00001e-08
1.00003e-08
1.00006e-08
1.00012e-08
1.00024e-08
1.00044e-08
1.0008e-08
1.00145e-08
1.00274e-08
1.00558e-08
1.01303e-08
1.03619e-08
1.11445e-08
1.35554e-08
1.84695e-08
1.93876e-08
1.00001e-08
1.00001e-08
1.00002e-08
1.00007e-08
1.00021e-08
1.00054e-08
1.00121e-08
1.00245e-08
1.00462e-08
1.00826e-08
1.01438e-08
1.02511e-08
1.04542e-08
1.0891e-08
1.20162e-08
1.55169e-08
2.75574e-08
6.58798e-08
1.48847e-07
1.74699e-07
1.00009e-08
1.00013e-08
1.00042e-08
1.0014e-08
1.00415e-08
1.01065e-08
1.02376e-08
1.04713e-08
1.0856e-08
1.14657e-08
1.24348e-08
1.40429e-08
1.69419e-08
2.29395e-08
3.80239e-08
8.47475e-08
2.47552e-07
7.81115e-07
2.00894e-06
2.59186e-06
1.00156e-08
1.00205e-08
1.00731e-08
1.02597e-08
1.0801e-08
1.20738e-08
1.45462e-08
1.87045e-08
2.50951e-08
3.45288e-08
4.85088e-08
7.02099e-08
1.07072e-07
1.79663e-07
3.5636e-07
8.97423e-07
2.79509e-06
9.15902e-06
2.46765e-05
3.53089e-05
1.04054e-08
1.0318e-08
1.12331e-08
1.475e-08
2.52863e-08
4.96217e-08
9.42631e-08
1.63722e-07
2.61714e-07
3.94427e-07
5.75402e-07
8.34934e-07
1.24534e-06
2.00582e-06
3.77963e-06
9.10477e-06
2.77378e-05
9.10069e-05
0.000252854
0.000405982
3.1585e-08
-1.47309e-08
3.05797e-08
9.6534e-08
2.99999e-07
7.51697e-07
1.51259e-06
2.58126e-06
3.93905e-06
5.60087e-06
7.65853e-06
1.03499e-05
1.42589e-05
2.09887e-05
3.58734e-05
7.93048e-05
0.000229177
0.00073609
0.00206799
0.00370974
4.39403e-06
3.7413e-06
1.88599e-07
1.5877e-06
5.50644e-06
1.35344e-05
2.54442e-05
4.0095e-05
5.65284e-05
7.44523e-05
9.4353e-05
0.0001178
0.000148557
0.000197054
0.000297738
0.000581515
0.00153414
0.00466853
0.0128093
0.0246554
-0.000476927
-0.000155083
2.24814e-05
3.16675e-05
0.000104667
0.000236792
0.000398689
0.0005672
0.000731072
0.000888767
0.00104422
0.00120704
0.00139583
0.00166271
0.00217708
0.00358292
0.00811026
0.0221454
0.0560756
0.10713
0.0118991
0.00287626
-0.000498254
0.000398696
0.00205753
0.00386321
0.00553699
0.00697059
0.00817018
0.00918932
0.0100785
0.0108989
0.0117073
0.012696
0.0143932
0.019073
0.0334995
0.0747542
0.161883
0.284193
-0.107811
-0.024877
0.0094264
0.0265946
0.0407811
0.0525278
0.061495
0.0681221
0.0730985
0.0769223
0.079913
0.0823735
0.0842668
0.0861669
0.0882331
0.0955403
0.119353
0.186983
0.31456
0.474989
0.228001
0.289661
0.340281
0.374679
0.399242
0.417776
0.431762
0.44205
0.449493
0.454893
0.458755
0.461711
0.463623
0.465404
0.466047
0.46725
0.470809
0.484199
0.518643
0.618188
)
;

boundaryField
{
    movingWall
    {
        type            fixedValue;
        value           uniform 1;
    }
    fixedWalls
    {
        type            zeroGradient;
    }
    frontAndBack
    {
        type            empty;
    }
}


// ************************************************************************* //
