/*--------------------------------*- C++ -*----------------------------------*\
| =========                 |                                                 |
| \\      /  F ield         | OpenFOAM: The Open Source CFD Toolbox           |
|  \\    /   O peration     | Version:  2212                                  |
|   \\  /    A nd           | Website:  www.openfoam.com                      |
|    \\/     M anipulation  |                                                 |
\*---------------------------------------------------------------------------*/
FoamFile
{
    version     2.0;
    format      ascii;
    arch        "LSB;label=32;scalar=64";
    class       volScalarField;
    location    "21.1";
    object      T;
}
// * * * * * * * * * * * * * * * * * * * * * * * * * * * * * * * * * * * * * //

dimensions      [0 0 0 1 0 0 0];

internalField   nonuniform List<scalar> 
400
(
0.98808
0.988329
0.988832
0.989577
0.990447
0.991245
0.99182
0.992157
0.992341
0.992467
0.992581
0.9927
0.992827
0.992959
0.993076
0.993144
0.99311
0.992918
0.9926
0.992339
0.988397
0.988701
0.989311
0.990184
0.991111
0.991798
0.992136
0.992255
0.992296
0.992326
0.99239
0.992511
0.9927
0.992945
0.993197
0.993383
0.993386
0.99312
0.992701
0.992399
0.98889
0.9893
0.990059
0.990975
0.991698
0.992005
0.991991
0.991839
0.991649
0.991506
0.991481
0.991625
0.991941
0.992418
0.992971
0.993474
0.993718
0.993492
0.992886
0.99251
0.989373
0.989892
0.990721
0.991464
0.991778
0.99163
0.991212
0.990681
0.990157
0.98977
0.989619
0.989786
0.990252
0.991025
0.992001
0.993028
0.993826
0.994029
0.993359
0.992768
0.989745
0.990325
0.991088
0.991497
0.991324
0.990682
0.989785
0.988797
0.987894
0.987236
0.986938
0.987099
0.987692
0.988739
0.990143
0.991754
0.99329
0.994315
0.994208
0.993246
0.989988
0.990564
0.99115
0.991149
0.990469
0.989315
0.987917
0.986482
0.985231
0.984333
0.983906
0.984029
0.9847
0.985929
0.987655
0.989748
0.991958
0.993878
0.994837
0.993944
0.990121
0.990633
0.990976
0.990558
0.989405
0.987777
0.985933
0.984131
0.982619
0.981561
0.981056
0.981146
0.981841
0.983147
0.98504
0.987441
0.990146
0.992779
0.994735
0.994947
0.990174
0.990593
0.990694
0.98991
0.988348
0.986316
0.984113
0.982046
0.980369
0.97923
0.978696
0.978771
0.97946
0.98076
0.982677
0.985201
0.988225
0.991406
0.99412
0.995483
0.990174
0.990493
0.990381
0.989304
0.987425
0.985092
0.982639
0.9804
0.978629
0.977452
0.976905
0.976975
0.97765
0.978912
0.980767
0.983259
0.986415
0.99001
0.993331
0.995238
0.99014
0.990377
0.99012
0.98886
0.986777
0.984243
0.981626
0.979278
0.977445
0.976236
0.975666
0.975721
0.976379
0.97761
0.979389
0.98176
0.984874
0.988718
0.992616
0.995051
0.990084
0.990265
0.989928
0.988579
0.986398
0.983774
0.981088
0.978692
0.976823
0.975577
0.974966
0.974981
0.975605
0.976801
0.978512
0.980739
0.983687
0.987599
0.991952
0.994932
0.990013
0.990169
0.989829
0.988513
0.98636
0.983754
0.981081
0.978685
0.976792
0.975501
0.974833
0.974784
0.975344
0.976476
0.978105
0.980175
0.98288
0.986715
0.991421
0.994867
0.989926
0.990083
0.989793
0.988594
0.986572
0.98409
0.981523
0.979198
0.97733
0.976022
0.975305
0.97518
0.975643
0.976662
0.978161
0.980049
0.982458
0.986068
0.991001
0.99486
0.989815
0.99
0.989815
0.988828
0.987058
0.984816
0.982455
0.980275
0.978481
0.977182
0.976421
0.976201
0.97653
0.977377
0.978675
0.980324
0.982397
0.985692
0.990731
0.9949
0.989671
0.989896
0.989814
0.98906
0.987603
0.985695
0.983644
0.981714
0.98009
0.978874
0.978116
0.977818
0.977994
0.97862
0.979644
0.980997
0.982712
0.985584
0.99059
0.994987
0.989501
0.989777
0.98983
0.989347
0.988271
0.986782
0.985129
0.983532
0.982148
0.981067
0.980341
0.979975
0.979976
0.980337
0.981027
0.982014
0.983341
0.985701
0.990586
0.995126
0.989331
0.989603
0.989699
0.989414
0.988689
0.987645
0.986454
0.985277
0.984228
0.983378
0.982758
0.982387
0.982253
0.98237
0.982736
0.983346
0.984324
0.986235
0.990872
0.995361
0.989211
0.989543
0.989742
0.989624
0.989214
0.988583
0.987832
0.987059
0.986336
0.985716
0.985219
0.984868
0.984659
0.984608
0.984746
0.98506
0.985778
0.987246
0.991406
0.995657
0.98758
0.989176
0.989167
0.989106
0.988885
0.988592
0.988258
0.987947
0.987662
0.987452
0.987298
0.987228
0.987231
0.987302
0.987497
0.987746
0.988385
0.989499
0.992652
0.996165
0.991277
0.992331
0.992894
0.993232
0.993411
0.993523
0.993581
0.993641
0.993682
0.993748
0.993807
0.993896
0.993979
0.994091
0.9942
0.994351
0.994545
0.994953
0.995769
0.997204
)
;

boundaryField
{
    movingWall
    {
        type            fixedValue;
        value           uniform 1;
    }
    fixedWalls
    {
        type            zeroGradient;
    }
    frontAndBack
    {
        type            empty;
    }
}


// ************************************************************************* //
