/*--------------------------------*- C++ -*----------------------------------*\
| =========                 |                                                 |
| \\      /  F ield         | OpenFOAM: The Open Source CFD Toolbox           |
|  \\    /   O peration     | Version:  2212                                  |
|   \\  /    A nd           | Website:  www.openfoam.com                      |
|    \\/     M anipulation  |                                                 |
\*---------------------------------------------------------------------------*/
FoamFile
{
    version     2.0;
    format      ascii;
    arch        "LSB;label=32;scalar=64";
    class       volScalarField;
    location    "6.5";
    object      T;
}
// * * * * * * * * * * * * * * * * * * * * * * * * * * * * * * * * * * * * * //

dimensions      [0 0 0 1 0 0 0];

internalField   nonuniform List<scalar> 
400
(
0.739167
0.747089
0.763002
0.786215
0.812625
0.835761
0.851259
0.859304
0.863048
0.865379
0.867366
0.869253
0.871104
0.872796
0.873952
0.873912
0.871599
0.865657
0.856491
0.848935
0.749764
0.759222
0.778077
0.804674
0.831969
0.851054
0.859741
0.862784
0.864168
0.865216
0.866599
0.868699
0.871612
0.875096
0.878268
0.879741
0.877407
0.869576
0.858399
0.850101
0.766116
0.778471
0.801357
0.828562
0.849509
0.858615
0.859932
0.858646
0.856548
0.85494
0.854983
0.857475
0.862449
0.869693
0.877726
0.88427
0.885473
0.877357
0.861922
0.852221
0.782047
0.797403
0.822148
0.844534
0.855348
0.855083
0.84973
0.842406
0.834834
0.829219
0.827114
0.829891
0.837252
0.849375
0.864552
0.880153
0.891124
0.890378
0.872406
0.857835
0.794469
0.811759
0.835258
0.84986
0.850495
0.841631
0.828583
0.813758
0.800036
0.790033
0.78553
0.788077
0.797295
0.813622
0.835693
0.861166
0.885256
0.89986
0.892334
0.868924
0.80309
0.820818
0.840834
0.846906
0.838189
0.821037
0.799999
0.778091
0.759071
0.745486
0.739075
0.740957
0.75111
0.769846
0.796455
0.829212
0.864401
0.895129
0.908499
0.88559
0.808584
0.825419
0.840856
0.838945
0.82213
0.797546
0.769583
0.742245
0.719607
0.70393
0.696557
0.69794
0.708268
0.727734
0.756269
0.793045
0.835378
0.877562
0.909323
0.909184
0.811786
0.826971
0.837922
0.829415
0.805979
0.775217
0.74192
0.710929
0.686237
0.669695
0.662069
0.663268
0.67332
0.692331
0.720674
0.758679
0.805218
0.855442
0.899516
0.922149
0.813396
0.826632
0.833743
0.820269
0.791874
0.756586
0.719709
0.686534
0.660814
0.644002
0.63636
0.63751
0.647242
0.665432
0.692391
0.729243
0.777108
0.833216
0.886518
0.918025
0.813909
0.825321
0.829783
0.81339
0.781918
0.743698
0.704561
0.670045
0.643678
0.626596
0.618749
0.619702
0.629151
0.646746
0.672319
0.706896
0.753444
0.812824
0.875087
0.915076
0.813645
0.823534
0.826493
0.808943
0.776111
0.736571
0.69653
0.661472
0.634694
0.617171
0.60878
0.609181
0.618126
0.63517
0.659645
0.691803
0.735344
0.795169
0.864283
0.913146
0.812799
0.821563
0.824224
0.807524
0.775353
0.73615
0.696351
0.661288
0.634147
0.615975
0.60676
0.606268
0.614312
0.630457
0.653757
0.683533
0.723121
0.781295
0.855759
0.91213
0.811396
0.819427
0.82261
0.808224
0.778412
0.741113
0.702832
0.668681
0.641757
0.623229
0.613246
0.61166
0.618368
0.632959
0.654454
0.68163
0.716643
0.771021
0.848909
0.912031
0.80935
0.817042
0.821417
0.81081
0.78535
0.751834
0.716554
0.684355
0.65827
0.639664
0.628935
0.625954
0.630791
0.64301
0.661742
0.685541
0.715598
0.764979
0.844495
0.912708
0.806501
0.814251
0.819766
0.813169
0.793089
0.764852
0.734182
0.705504
0.681637
0.663987
0.653137
0.648964
0.651621
0.660741
0.675616
0.695228
0.720087
0.762957
0.842068
0.914159
0.802991
0.811006
0.817892
0.815654
0.802063
0.780671
0.756181
0.732409
0.711899
0.696014
0.685417
0.68015
0.680227
0.685526
0.695607
0.709953
0.729235
0.764415
0.84187
0.916449
0.799634
0.807423
0.814328
0.814853
0.80694
0.792728
0.775504
0.758149
0.742609
0.730029
0.720889
0.715423
0.713455
0.715138
0.720475
0.729338
0.743668
0.772291
0.846278
0.92033
0.797214
0.805259
0.81308
0.81571
0.812642
0.805059
0.794881
0.783889
0.773379
0.764265
0.756918
0.751686
0.748583
0.747761
0.749808
0.754431
0.765319
0.787779
0.854801
0.925252
0.769896
0.80184
0.804469
0.806314
0.804994
0.80206
0.798111
0.794249
0.79059
0.787954
0.786097
0.78547
0.785943
0.787417
0.790814
0.795003
0.80544
0.823439
0.875018
0.933694
0.837862
0.857927
0.869024
0.876068
0.880277
0.883199
0.885087
0.886883
0.888277
0.890004
0.891516
0.893496
0.895287
0.897573
0.899696
0.902556
0.905975
0.913026
0.926628
0.951136
)
;

boundaryField
{
    movingWall
    {
        type            fixedValue;
        value           uniform 1;
    }
    fixedWalls
    {
        type            zeroGradient;
    }
    frontAndBack
    {
        type            empty;
    }
}


// ************************************************************************* //
