/*--------------------------------*- C++ -*----------------------------------*\
| =========                 |                                                 |
| \\      /  F ield         | OpenFOAM: The Open Source CFD Toolbox           |
|  \\    /   O peration     | Version:  2212                                  |
|   \\  /    A nd           | Website:  www.openfoam.com                      |
|    \\/     M anipulation  |                                                 |
\*---------------------------------------------------------------------------*/
FoamFile
{
    version     2.0;
    format      ascii;
    arch        "LSB;label=32;scalar=64";
    class       volScalarField;
    location    "15.9";
    object      T;
}
// * * * * * * * * * * * * * * * * * * * * * * * * * * * * * * * * * * * * * //

dimensions      [0 0 0 1 0 0 0];

internalField   nonuniform List<scalar> 
400
(
0.967577
0.968259
0.969643
0.971692
0.974085
0.976273
0.977847
0.978767
0.979266
0.979606
0.979916
0.980237
0.980581
0.980936
0.981249
0.981431
0.981336
0.98081
0.97994
0.979227
0.968448
0.969284
0.97096
0.973361
0.975906
0.977787
0.978713
0.979037
0.979148
0.979232
0.979404
0.979733
0.980242
0.980903
0.981584
0.98208
0.982083
0.981358
0.980213
0.979389
0.969807
0.970933
0.97302
0.975536
0.977519
0.978361
0.978327
0.977918
0.977407
0.977021
0.976955
0.977346
0.978198
0.979487
0.980979
0.982335
0.982987
0.982367
0.980714
0.979689
0.97114
0.972563
0.974841
0.97688
0.977747
0.977352
0.976227
0.974795
0.973381
0.972337
0.971928
0.972381
0.973638
0.975728
0.978364
0.981136
0.98329
0.983829
0.982001
0.980391
0.972164
0.973758
0.975856
0.976985
0.976528
0.974795
0.972374
0.969706
0.967269
0.965491
0.964688
0.965122
0.966724
0.96955
0.973345
0.977698
0.981846
0.984613
0.98431
0.981691
0.972836
0.97442
0.976036
0.976051
0.97422
0.971105
0.967331
0.963456
0.960077
0.957651
0.9565
0.956832
0.958642
0.961962
0.966623
0.972275
0.978248
0.983438
0.986023
0.983592
0.973206
0.974616
0.975576
0.97446
0.971346
0.966952
0.961972
0.957107
0.953024
0.950168
0.948807
0.949047
0.950924
0.95445
0.959561
0.966043
0.973352
0.980467
0.985755
0.986319
0.973358
0.974515
0.974818
0.972709
0.968492
0.963006
0.957059
0.951478
0.946952
0.943879
0.942436
0.942641
0.944498
0.948007
0.953179
0.959996
0.968161
0.976757
0.984091
0.987778
0.973362
0.974249
0.973974
0.971073
0.966001
0.9597
0.953078
0.947036
0.942257
0.939082
0.937606
0.937795
0.939614
0.943021
0.948026
0.954751
0.963272
0.972984
0.981958
0.987114
0.973273
0.973938
0.973269
0.969874
0.96425
0.95741
0.950345
0.944007
0.939062
0.9358
0.934264
0.934411
0.936186
0.939507
0.944306
0.950704
0.95911
0.969494
0.980027
0.98661
0.973125
0.973635
0.972749
0.969117
0.963229
0.956143
0.948892
0.942428
0.937385
0.934023
0.932376
0.932415
0.934098
0.937325
0.941942
0.947948
0.955905
0.96647
0.978233
0.986289
0.972934
0.973374
0.972481
0.968937
0.963124
0.956089
0.948875
0.942408
0.937301
0.933819
0.932017
0.931886
0.933395
0.936448
0.940844
0.946427
0.953728
0.964081
0.976796
0.986114
0.972697
0.973138
0.97238
0.969153
0.963696
0.956996
0.950068
0.943792
0.938753
0.935225
0.93329
0.932953
0.934202
0.93695
0.940993
0.946088
0.952586
0.962332
0.975663
0.986094
0.972398
0.972911
0.972434
0.969783
0.965006
0.958957
0.952583
0.946698
0.941857
0.938353
0.936301
0.935707
0.936595
0.938879
0.942382
0.946829
0.952423
0.961317
0.974931
0.986201
0.972007
0.972627
0.972428
0.970406
0.966477
0.961327
0.955791
0.950582
0.946199
0.942917
0.940875
0.94007
0.940545
0.942233
0.944995
0.948646
0.953274
0.961024
0.974551
0.986439
0.971544
0.972301
0.972463
0.971174
0.968277
0.96426
0.9598
0.95549
0.951753
0.948838
0.946876
0.94589
0.945891
0.946865
0.948727
0.95139
0.95497
0.961341
0.97454
0.986812
0.971082
0.971828
0.972106
0.971349
0.969403
0.966588
0.963375
0.960199
0.957367
0.955073
0.9534
0.952398
0.952036
0.952351
0.953338
0.954986
0.957624
0.962783
0.975311
0.987448
0.970757
0.971662
0.972216
0.97191
0.970812
0.969114
0.96709
0.965006
0.963054
0.961382
0.96004
0.959092
0.95853
0.95839
0.958762
0.95961
0.961548
0.965513
0.976754
0.98825
0.966347
0.970678
0.970664
0.970507
0.969916
0.969129
0.96823
0.967395
0.966627
0.966061
0.965646
0.965457
0.965467
0.965661
0.966187
0.966861
0.96859
0.9716
0.980124
0.989624
0.976363
0.97922
0.980749
0.981665
0.982154
0.98246
0.98262
0.982783
0.982898
0.983078
0.983238
0.98348
0.983705
0.984011
0.984306
0.984716
0.98524
0.986345
0.98855
0.992433
)
;

boundaryField
{
    movingWall
    {
        type            fixedValue;
        value           uniform 1;
    }
    fixedWalls
    {
        type            zeroGradient;
    }
    frontAndBack
    {
        type            empty;
    }
}


// ************************************************************************* //
