/*--------------------------------*- C++ -*----------------------------------*\
| =========                 |                                                 |
| \\      /  F ield         | OpenFOAM: The Open Source CFD Toolbox           |
|  \\    /   O peration     | Version:  2212                                  |
|   \\  /    A nd           | Website:  www.openfoam.com                      |
|    \\/     M anipulation  |                                                 |
\*---------------------------------------------------------------------------*/
FoamFile
{
    version     2.0;
    format      ascii;
    arch        "LSB;label=32;scalar=64";
    class       volScalarField;
    location    "14.7";
    object      p;
}
// * * * * * * * * * * * * * * * * * * * * * * * * * * * * * * * * * * * * * //

dimensions      [0 2 -2 0 0 0 0];

internalField   nonuniform List<scalar> 
400
(
1.54886e-07
-0.000150871
-0.000534956
-0.00107216
-0.00173289
-0.00249438
-0.00318551
-0.00359809
-0.00356587
-0.0029346
-0.00154902
0.00061895
0.00324917
0.00551367
0.00653334
0.00592243
0.0040016
0.00214916
0.00111016
0.00104111
0.000116014
-5.84047e-05
-0.000377352
-0.000764527
-0.00124445
-0.00188858
-0.00270671
-0.00354404
-0.00408055
-0.00393897
-0.00284696
-0.000825345
0.00168893
0.00396049
0.00512426
0.00474263
0.0031025
0.00137425
0.00059266
0.000683714
0.00053613
0.00026466
-7.76351e-05
-0.000559994
-0.00134771
-0.00258112
-0.0042197
-0.00598439
-0.00740322
-0.00794455
-0.00726485
-0.00546261
-0.00289222
-0.000195195
0.00179121
0.00242721
0.00170826
0.00050155
-0.000396644
-0.000393346
0.00115164
0.000740958
0.000191564
-0.000775178
-0.00245159
-0.00493841
-0.00799582
-0.0111212
-0.0137041
-0.0151777
-0.0152076
-0.0138407
-0.0112943
-0.00802978
-0.00475295
-0.00221044
-0.000871123
-0.000706967
-0.00128958
-0.0019189
0.00158305
0.000973443
-2.3194e-05
-0.00192451
-0.00500721
-0.00918077
-0.0139145
-0.0184806
-0.022217
-0.0246538
-0.0255295
-0.0247237
-0.0223642
-0.0187442
-0.0143054
-0.00965645
-0.00559286
-0.00294966
-0.00219401
-0.00401874
0.0012931
0.000444754
-0.00119768
-0.00430486
-0.00900565
-0.0148814
-0.0210736
-0.0267162
-0.0311922
-0.0341796
-0.0355464
-0.0351904
-0.0331977
-0.0297195
-0.0249001
-0.0189617
-0.012506
-0.0069491
-0.00440164
-0.00652496
-4.85739e-05
-0.00114785
-0.00349983
-0.00779737
-0.0139332
-0.0211152
-0.0282372
-0.0344088
-0.0391298
-0.0422332
-0.0437209
-0.0436115
-0.0419737
-0.0388796
-0.0343116
-0.0281579
-0.0205397
-0.0127036
-0.00785552
-0.00774871
-0.00245076
-0.0037425
-0.00669901
-0.011914
-0.0190406
-0.0269828
-0.0345052
-0.0407803
-0.045452
-0.0484783
-0.049941
-0.0499323
-0.0485315
-0.0457894
-0.0416632
-0.0359275
-0.0283264
-0.0193717
-0.011823
-0.00798122
-0.00553795
-0.00691557
-0.0102641
-0.0160226
-0.023659
-0.0318905
-0.0394525
-0.0456142
-0.0501388
-0.053059
-0.0544882
-0.0545283
-0.053254
-0.0507269
-0.0469631
-0.0418129
-0.0348686
-0.0259484
-0.0167098
-0.00999521
-0.0087341
-0.0100863
-0.0135982
-0.0195428
-0.0272872
-0.0354881
-0.0429133
-0.0489111
-0.0533109
-0.056169
-0.0575929
-0.0576642
-0.0564457
-0.0540125
-0.0504523
-0.0457614
-0.0396349
-0.0315248
-0.0223219
-0.0143406
-0.0115045
-0.0127583
-0.0162198
-0.0220549
-0.0296079
-0.0375896
-0.0448276
-0.0507006
-0.0550442
-0.0578957
-0.0593381
-0.0594296
-0.0582203
-0.0557902
-0.052288
-0.0478533
-0.042432
-0.0353834
-0.0271987
-0.01918
-0.0135497
-0.0146191
-0.0178563
-0.023316
-0.0304317
-0.0380637
-0.0451188
-0.0509509
-0.0553303
-0.0582418
-0.0597295
-0.0598319
-0.0585898
-0.0560843
-0.0525166
-0.048139
-0.0432076
-0.037057
-0.0300325
-0.0224178
-0.0148377
-0.0155682
-0.0183522
-0.0232107
-0.0296939
-0.0368795
-0.0437655
-0.0496412
-0.054156
-0.0572022
-0.0587713
-0.0588784
-0.057559
-0.0549169
-0.0511781
-0.0466566
-0.0419661
-0.0363007
-0.0302266
-0.0228964
-0.015468
-0.0157224
-0.0177776
-0.0217467
-0.0273901
-0.0340321
-0.0407512
-0.0467413
-0.0514938
-0.0547692
-0.0564832
-0.0566242
-0.0552025
-0.0523538
-0.0483469
-0.0435824
-0.0387311
-0.0331418
-0.0281
-0.0202796
-0.0155746
-0.0152984
-0.0163383
-0.019088
-0.0236534
-0.0296345
-0.0361721
-0.0423364
-0.0474284
-0.0510403
-0.052981
-0.0531843
-0.0516917
-0.0485921
-0.0442273
-0.0390543
-0.0337822
-0.0280719
-0.0242318
-0.0143852
-0.015277
-0.0145503
-0.014261
-0.0154262
-0.0186851
-0.0238949
-0.0302318
-0.0366152
-0.0421384
-0.0462019
-0.0484901
-0.0488671
-0.0473538
-0.0440215
-0.0392493
-0.0335192
-0.0276415
-0.0216295
-0.0180536
-0.00383301
-0.0146622
-0.0136184
-0.011707
-0.0110812
-0.0129538
-0.0173805
-0.0235343
-0.0301708
-0.0361937
-0.0408121
-0.0435792
-0.0442623
-0.0428512
-0.0393768
-0.0341856
-0.0276899
-0.0206824
-0.0132762
-0.00678581
0.0160529
-0.0145834
-0.0126573
-0.00864862
-0.00623476
-0.00691022
-0.010746
-0.0168181
-0.0237403
-0.030299
-0.0355397
-0.0389041
-0.0400356
-0.038878
-0.0354484
-0.0298961
-0.022276
-0.0128727
-0.000688132
0.0166951
0.0570639
-0.0117948
-0.0118309
-0.00572624
-0.00177514
-0.00176512
-0.00540488
-0.0115754
-0.0188152
-0.0258759
-0.0316879
-0.0356627
-0.0373623
-0.0366857
-0.0333557
-0.0272244
-0.0175417
-0.00314825
0.0204904
0.0607044
0.129821
-0.029517
-0.0106299
-0.000608995
0.0030807
0.00244813
-0.00155715
-0.00799964
-0.0155536
-0.0229765
-0.0291741
-0.0335323
-0.0355884
-0.0352015
-0.0319561
-0.0252279
-0.0128601
0.00942259
0.0511716
0.122878
0.226076
)
;

boundaryField
{
    movingWall
    {
        type            zeroGradient;
    }
    fixedWalls
    {
        type            zeroGradient;
    }
    frontAndBack
    {
        type            empty;
    }
}


// ************************************************************************* //
