/*--------------------------------*- C++ -*----------------------------------*\
| =========                 |                                                 |
| \\      /  F ield         | OpenFOAM: The Open Source CFD Toolbox           |
|  \\    /   O peration     | Version:  2212                                  |
|   \\  /    A nd           | Website:  www.openfoam.com                      |
|    \\/     M anipulation  |                                                 |
\*---------------------------------------------------------------------------*/
FoamFile
{
    version     2.0;
    format      ascii;
    arch        "LSB;label=32;scalar=64";
    class       volScalarField;
    location    "14.7";
    object      T;
}
// * * * * * * * * * * * * * * * * * * * * * * * * * * * * * * * * * * * * * //

dimensions      [0 0 0 1 0 0 0];

internalField   nonuniform List<scalar> 
400
(
0.959021
0.959889
0.961654
0.964266
0.967314
0.970097
0.972094
0.973259
0.973889
0.974318
0.974708
0.975111
0.975543
0.97599
0.976382
0.976608
0.976484
0.975816
0.974713
0.973809
0.960132
0.961197
0.963333
0.966391
0.96963
0.97202
0.973193
0.973604
0.973745
0.973851
0.974069
0.974483
0.975123
0.975954
0.976807
0.977429
0.977427
0.976507
0.975056
0.974013
0.961867
0.9633
0.965958
0.96916
0.971682
0.972753
0.972714
0.972202
0.971562
0.971078
0.970996
0.971487
0.97256
0.97418
0.976054
0.977756
0.978569
0.97778
0.975688
0.974391
0.963568
0.96538
0.968279
0.970875
0.971982
0.97149
0.970078
0.96828
0.966504
0.965191
0.964678
0.965248
0.966829
0.969456
0.97277
0.976255
0.978959
0.979629
0.977313
0.975277
0.964875
0.966904
0.969576
0.971021
0.970455
0.968279
0.965236
0.961884
0.95882
0.956585
0.955576
0.956122
0.958136
0.961689
0.96646
0.971934
0.97715
0.980626
0.980231
0.97692
0.965735
0.967753
0.969816
0.969853
0.967555
0.963641
0.958897
0.954027
0.94978
0.946731
0.945284
0.945701
0.947976
0.952148
0.958008
0.965115
0.972626
0.979152
0.9824
0.979322
0.96621
0.968009
0.969245
0.967856
0.963943
0.958421
0.952161
0.946047
0.940915
0.937327
0.935617
0.935919
0.938277
0.942707
0.949131
0.957278
0.966468
0.975416
0.982068
0.98277
0.966408
0.967889
0.968296
0.965656
0.960355
0.953461
0.945987
0.938974
0.933286
0.929426
0.927613
0.92787
0.930204
0.934611
0.941111
0.949677
0.959941
0.97075
0.979975
0.984615
0.966418
0.967557
0.967237
0.963599
0.957224
0.949306
0.940983
0.933392
0.927388
0.9234
0.921545
0.921783
0.924068
0.928347
0.934635
0.943085
0.953795
0.966005
0.977291
0.983779
0.96631
0.967168
0.966352
0.962092
0.955023
0.946428
0.937549
0.929586
0.923374
0.919277
0.917349
0.917532
0.919762
0.923933
0.929961
0.938
0.948563
0.961616
0.974863
0.983145
0.966125
0.966788
0.965696
0.96114
0.95374
0.944834
0.935724
0.927603
0.921268
0.917045
0.914977
0.915026
0.91714
0.921193
0.926991
0.934536
0.944534
0.957814
0.972606
0.982742
0.965886
0.966458
0.965358
0.960912
0.953607
0.944766
0.935701
0.927577
0.921162
0.916789
0.914526
0.914361
0.916256
0.920091
0.925612
0.932626
0.941798
0.95481
0.970799
0.982521
0.965588
0.966159
0.965227
0.961183
0.954326
0.945906
0.937201
0.929315
0.922985
0.918555
0.916124
0.9157
0.91727
0.920721
0.925799
0.932199
0.940363
0.952611
0.969374
0.982496
0.965211
0.96587
0.965291
0.961972
0.955972
0.94837
0.940361
0.932966
0.926884
0.922482
0.919905
0.919159
0.920274
0.923143
0.927543
0.93313
0.940157
0.951334
0.968453
0.982631
0.964718
0.96551
0.965279
0.962751
0.957819
0.951348
0.944391
0.937846
0.932338
0.928216
0.92565
0.924639
0.925236
0.927356
0.930826
0.935412
0.941226
0.950965
0.967975
0.98293
0.964134
0.965096
0.965316
0.963712
0.960078
0.955032
0.949428
0.944012
0.939317
0.935653
0.933189
0.93195
0.931952
0.933174
0.935513
0.938859
0.943357
0.951362
0.967961
0.9834
0.963552
0.964499
0.964864
0.963926
0.961489
0.957955
0.953919
0.949928
0.946371
0.943488
0.941386
0.940127
0.939671
0.940066
0.941306
0.943376
0.946691
0.953174
0.96893
0.9842
0.963141
0.964287
0.964997
0.964624
0.963254
0.961125
0.958584
0.955966
0.953515
0.951413
0.949728
0.948536
0.94783
0.947654
0.948121
0.949186
0.951623
0.956606
0.970745
0.985209
0.957591
0.963056
0.963046
0.962857
0.96212
0.961135
0.960008
0.958961
0.957998
0.957288
0.956767
0.956531
0.956544
0.956789
0.957452
0.9583
0.960474
0.96426
0.974983
0.986937
0.970213
0.973814
0.975743
0.9769
0.977518
0.977906
0.97811
0.978317
0.978463
0.978692
0.978894
0.9792
0.979484
0.97987
0.980243
0.980759
0.981419
0.98281
0.985585
0.990473
)
;

boundaryField
{
    movingWall
    {
        type            fixedValue;
        value           uniform 1;
    }
    fixedWalls
    {
        type            zeroGradient;
    }
    frontAndBack
    {
        type            empty;
    }
}


// ************************************************************************* //
