/*--------------------------------*- C++ -*----------------------------------*\
| =========                 |                                                 |
| \\      /  F ield         | OpenFOAM: The Open Source CFD Toolbox           |
|  \\    /   O peration     | Version:  2212                                  |
|   \\  /    A nd           | Website:  www.openfoam.com                      |
|    \\/     M anipulation  |                                                 |
\*---------------------------------------------------------------------------*/
FoamFile
{
    version     2.0;
    format      ascii;
    arch        "LSB;label=32;scalar=64";
    class       surfaceScalarField;
    location    "4.7";
    object      phi;
}
// * * * * * * * * * * * * * * * * * * * * * * * * * * * * * * * * * * * * * //

dimensions      [0 3 -1 0 0 0 0];

oriented        oriented;

internalField   nonuniform List<scalar> 
760
(
1.54924e-07
-1.5492e-07
2.911e-07
-1.36176e-07
3.06853e-07
-1.57535e-08
1.80603e-07
1.2625e-07
-1.22573e-07
3.03176e-07
-6.66142e-07
5.43568e-07
-1.48196e-06
8.15815e-07
-2.48347e-06
1.00151e-06
-3.46987e-06
9.86402e-07
-4.20891e-06
7.39041e-07
-4.53371e-06
3.24803e-07
-4.34704e-06
-1.86676e-07
-3.59222e-06
-7.54815e-07
-2.38288e-06
-1.20934e-06
-9.48436e-07
-1.43445e-06
3.37015e-07
-1.28545e-06
1.08074e-06
-7.43727e-07
1.02784e-06
5.29059e-08
4.59212e-07
5.68625e-07
4.59212e-07
1.23029e-07
-2.77948e-07
7.09747e-08
-8.41226e-08
-3.00307e-07
3.55529e-07
-1.07957e-06
9.05511e-07
-2.31153e-06
1.53513e-06
-3.91622e-06
2.14827e-06
-5.64464e-06
2.54423e-06
-7.1849e-06
2.54177e-06
-8.31279e-06
2.1143e-06
-8.91842e-06
1.34467e-06
-8.95462e-06
3.61005e-07
-8.39864e-06
-7.42658e-07
-7.28164e-06
-1.87181e-06
-5.63643e-06
-2.85455e-06
-3.60643e-06
-3.46445e-06
-1.49552e-06
-3.39636e-06
1.70819e-07
-2.41007e-06
8.53027e-07
-6.29301e-07
5.23395e-07
8.98259e-07
9.82607e-07
-1.291e-07
-1.48849e-07
-6.35193e-07
4.2197e-07
-1.62302e-06
1.34335e-06
-3.13324e-06
2.41573e-06
-5.04106e-06
3.44295e-06
-7.04899e-06
4.1562e-06
-8.84301e-06
4.33825e-06
-1.02431e-05
3.94191e-06
-1.11975e-05
3.06866e-06
-1.16984e-05
1.84555e-06
-1.16945e-05
3.57098e-07
-1.12387e-05
-1.19847e-06
-1.03108e-05
-2.79966e-06
-8.85658e-06
-4.30879e-06
-6.85577e-06
-5.46526e-06
-4.39701e-06
-5.85512e-06
-1.8787e-06
-4.92837e-06
-8.92069e-08
-2.41879e-06
2.93546e-07
5.15506e-07
1.27615e-06
-4.99787e-07
3.50938e-07
-1.55613e-06
1.47831e-06
-3.10923e-06
2.89645e-06
-5.06247e-06
4.36897e-06
-7.15748e-06
5.53797e-06
-9.08802e-06
6.08673e-06
-1.06522e-05
5.90248e-06
-1.18073e-05
5.09698e-06
-1.25812e-05
3.84252e-06
-1.30087e-05
2.27305e-06
-1.30751e-05
4.23564e-07
-1.28383e-05
-1.43532e-06
-1.226e-05
-3.37799e-06
-1.12382e-05
-5.33056e-06
-9.6419e-06
-7.06158e-06
-7.3463e-06
-8.15071e-06
-4.38963e-06
-7.88504e-06
-1.37738e-06
-5.43105e-06
1.19568e-07
-9.81439e-07
1.39572e-06
-8.58685e-07
1.20962e-06
-2.35218e-06
2.97181e-06
-4.21478e-06
4.75905e-06
-6.25293e-06
6.40712e-06
-8.18712e-06
7.47215e-06
-9.79532e-06
7.69494e-06
-1.10005e-05
7.10767e-06
-1.18289e-05
5.92539e-06
-1.23425e-05
4.35608e-06
-1.26142e-05
2.54478e-06
-1.27348e-05
5.44185e-07
-1.26918e-05
-1.47837e-06
-1.24757e-05
-3.59411e-06
-1.2007e-05
-5.79919e-06
-1.10992e-05
-7.96938e-06
-9.46427e-06
-9.78565e-06
-6.80346e-06
-1.05458e-05
-3.21567e-06
-9.01884e-06
-2.61965e-07
-3.93514e-06
1.13376e-06
-1.08152e-06
2.29114e-06
-2.77099e-06
4.66128e-06
-4.65574e-06
6.64381e-06
-6.50519e-06
8.25657e-06
-8.09596e-06
9.06292e-06
-9.29695e-06
8.89592e-06
-1.01035e-05
7.91424e-06
-1.05805e-05
6.40241e-06
-1.08185e-05
4.59405e-06
-1.09177e-05
2.64402e-06
-1.1e-05
6.26413e-07
-1.1053e-05
-1.42533e-06
-1.10922e-05
-3.55491e-06
-1.10879e-05
-5.80354e-06
-1.08856e-05
-8.17169e-06
-1.01576e-05
-1.05136e-05
-8.41017e-06
-1.22933e-05
-5.22907e-06
-1.21999e-05
-1.15624e-06
-8.00797e-06
-2.24842e-08
-1.1044e-06
3.39554e-06
-2.74394e-06
6.30082e-06
-4.43346e-06
8.33333e-06
-5.96187e-06
9.78498e-06
-7.16943e-06
1.02705e-05
-7.99328e-06
9.71978e-06
-8.47046e-06
8.39142e-06
-8.6878e-06
6.61974e-06
-8.74921e-06
4.65546e-06
-8.75254e-06
2.64735e-06
-8.7813e-06
6.55171e-07
-8.85466e-06
-1.35196e-06
-8.99228e-06
-3.41728e-06
-9.20514e-06
-5.59069e-06
-9.4355e-06
-7.94133e-06
-9.45069e-06
-1.04984e-05
-8.73112e-06
-1.30128e-05
-6.52061e-06
-1.44105e-05
-2.41671e-06
-1.21119e-05
-2.43919e-06
-9.30015e-07
4.32556e-06
-2.33442e-06
7.70522e-06
-3.71504e-06
9.71395e-06
-4.88853e-06
1.09585e-05
-5.75385e-06
1.11358e-05
-6.29353e-06
1.02595e-05
-6.56413e-06
8.66202e-06
-6.6566e-06
6.71221e-06
-6.66765e-06
4.66651e-06
-6.67126e-06
2.65096e-06
-6.70421e-06
6.88119e-07
-6.78399e-06
-1.27218e-06
-6.93182e-06
-3.26945e-06
-7.17811e-06
-5.3444e-06
-7.53916e-06
-7.58028e-06
-7.92235e-06
-1.01153e-05
-7.91615e-06
-1.3019e-05
-6.70294e-06
-1.56237e-05
-3.57651e-06
-1.52383e-05
-6.01571e-06
-6.20862e-07
4.94642e-06
-1.67804e-06
8.7624e-06
-2.70645e-06
1.07424e-05
-3.54132e-06
1.17933e-05
-4.12685e-06
1.17213e-05
-4.47267e-06
1.06053e-05
-4.63727e-06
8.82662e-06
-4.69919e-06
6.77412e-06
-4.73135e-06
4.69867e-06
-4.77816e-06
2.69778e-06
-4.85022e-06
7.60175e-07
-4.95429e-06
-1.16811e-06
-5.10052e-06
-3.12321e-06
-5.31778e-06
-5.12714e-06
-5.66098e-06
-7.23707e-06
-6.14252e-06
-9.63372e-06
-6.54195e-06
-1.26196e-05
-6.11704e-06
-1.60486e-05
-3.9159e-06
-1.74394e-05
-9.93161e-06
-2.30519e-07
5.17694e-06
-8.87797e-07
9.41968e-06
-1.55631e-06
1.14109e-05
-2.08308e-06
1.23201e-05
-2.44007e-06
1.20783e-05
-2.65129e-06
1.08165e-05
-2.7648e-06
8.94013e-06
-2.83403e-06
6.84336e-06
-2.90414e-06
4.76877e-06
-2.99755e-06
2.79119e-06
-3.11715e-06
8.79774e-07
-3.26278e-06
-1.02248e-06
-3.43484e-06
-2.95115e-06
-3.64593e-06
-4.91605e-06
-3.94745e-06
-6.93555e-06
-4.42121e-06
-9.15997e-06
-5.01255e-06
-1.20283e-05
-5.11705e-06
-1.59441e-05
-3.55394e-06
-1.90025e-05
-1.34855e-05
1.63383e-07
5.01356e-06
-6.87262e-08
9.65179e-06
-4.00057e-07
1.17422e-05
-6.49571e-07
1.25696e-05
-8.02936e-07
1.22317e-05
-8.91153e-07
1.09047e-05
-9.53738e-07
9.00272e-06
-1.02273e-06
6.91235e-06
-1.11489e-06
4.86093e-06
-1.23796e-06
2.91426e-06
-1.39432e-06
1.03613e-06
-1.58611e-06
-8.30692e-07
-1.81218e-06
-2.72508e-06
-2.07084e-06
-4.65739e-06
-2.39029e-06
-6.6161e-06
-2.86354e-06
-8.68671e-06
-3.55366e-06
-1.13381e-05
-4.02228e-06
-1.54755e-05
-3.02375e-06
-2.00011e-05
-1.65093e-05
4.99092e-07
4.51446e-06
6.96496e-07
9.45439e-06
7.39637e-07
1.16991e-05
7.75376e-07
1.25339e-05
8.20589e-07
1.21865e-05
8.49739e-07
1.08756e-05
8.42875e-07
9.00958e-06
7.91663e-07
6.96356e-06
6.97502e-07
4.95509e-06
5.62374e-07
3.04939e-06
3.81553e-07
1.21695e-06
1.48824e-07
-5.97963e-07
-1.37829e-07
-2.43843e-06
-4.85031e-07
-4.31019e-06
-8.97692e-07
-6.20344e-06
-1.42136e-06
-8.16305e-06
-2.20327e-06
-1.05562e-05
-2.95506e-06
-1.47237e-05
-2.46157e-06
-2.04946e-05
-1.89709e-05
7.53453e-07
3.76101e-06
1.34944e-06
8.85839e-06
1.74127e-06
1.13072e-05
2.07011e-06
1.2205e-05
2.34285e-06
1.19137e-05
2.5289e-06
1.06895e-05
2.61974e-06
8.91874e-06
2.62611e-06
6.95718e-06
2.5625e-06
5.01871e-06
2.43636e-06
3.17553e-06
2.24089e-06
1.41242e-06
1.96212e-06
-3.19196e-07
1.59972e-06
-2.07603e-06
1.14865e-06
-3.85912e-06
6.03985e-07
-5.65877e-06
-8.68603e-08
-7.47221e-06
-9.60842e-07
-9.68225e-06
-1.92403e-06
-1.37605e-05
-1.92754e-06
-2.04911e-05
-2.08984e-05
8.67415e-07
2.8936e-06
1.8041e-06
7.92171e-06
2.54405e-06
1.05673e-05
3.18372e-06
1.15654e-05
3.73032e-06
1.13671e-05
4.14026e-06
1.02796e-05
4.39732e-06
8.66168e-06
4.51553e-06
6.83897e-06
4.51841e-06
5.01583e-06
4.42177e-06
3.27216e-06
4.22404e-06
1.61014e-06
3.89556e-06
9.28145e-09
3.45247e-06
-1.63293e-06
2.87121e-06
-3.27786e-06
2.15193e-06
-4.93949e-06
1.31213e-06
-6.63241e-06
2.60087e-07
-8.63021e-06
-9.64717e-07
-1.25357e-05
-1.43033e-06
-2.00254e-05
-2.23287e-05
8.03322e-07
2.09027e-06
1.9474e-06
6.77763e-06
2.98758e-06
9.52711e-06
3.95911e-06
1.05938e-05
4.83463e-06
1.04916e-05
5.54787e-06
9.56635e-06
6.05941e-06
8.15013e-06
6.3723e-06
6.52609e-06
6.50796e-06
4.88017e-06
6.48529e-06
3.29483e-06
6.30362e-06
1.79181e-06
5.95842e-06
3.54478e-07
5.42029e-06
-1.0948e-06
4.69399e-06
-2.55156e-06
3.77154e-06
-4.01703e-06
2.68129e-06
-5.54217e-06
1.3814e-06
-7.33031e-06
-1.59474e-07
-1.09948e-05
-9.16865e-07
-1.9268e-05
-2.32456e-05
5.75318e-07
1.51495e-06
1.7534e-06
5.59955e-06
3.08883e-06
8.19169e-06
4.43735e-06
9.24531e-06
5.70156e-06
9.2274e-06
6.78277e-06
8.48514e-06
7.61541e-06
7.31749e-06
8.18686e-06
5.95463e-06
8.50994e-06
4.55709e-06
8.60214e-06
3.20263e-06
8.47057e-06
1.92339e-06
8.11297e-06
7.12075e-07
7.48577e-06
-4.67598e-07
6.60563e-06
-1.67142e-06
5.45957e-06
-2.87097e-06
4.08846e-06
-4.17105e-06
2.56244e-06
-5.8043e-06
9.50093e-07
-9.38246e-06
-1.47621e-07
-1.81703e-05
-2.33932e-05
1.50863e-07
1.36409e-06
1.03528e-06
4.71513e-06
2.50937e-06
6.71761e-06
4.22842e-06
7.52626e-06
5.94781e-06
7.50801e-06
7.48013e-06
6.95282e-06
8.72268e-06
6.07495e-06
9.64578e-06
5.03153e-06
1.02448e-05
3.95809e-06
1.05319e-05
2.91554e-06
1.05133e-05
1.94198e-06
1.0195e-05
1.03038e-06
9.53312e-06
1.94265e-07
8.54631e-06
-6.84612e-07
7.22672e-06
-1.55139e-06
5.62523e-06
-2.56956e-06
3.90113e-06
-4.08021e-06
2.23442e-06
-7.71575e-06
6.50717e-07
-1.65866e-05
-2.27425e-05
-5.16373e-07
1.88046e-06
1.9919e-07
3.99956e-06
1.75149e-06
5.16531e-06
3.81157e-06
5.46617e-06
5.96383e-06
5.35575e-06
7.92237e-06
4.99428e-06
9.55066e-06
4.44666e-06
1.08075e-05
3.7747e-06
1.16755e-05
3.09007e-06
1.21716e-05
2.41948e-06
1.22998e-05
1.81371e-06
1.20805e-05
1.24973e-06
1.15361e-05
7.38715e-07
1.06395e-05
2.1198e-07
9.39487e-06
-3.06795e-07
7.87309e-06
-1.04777e-06
6.25983e-06
-2.46695e-06
4.45261e-06
-5.90853e-06
2.0539e-06
-1.41879e-05
-2.06886e-05
-4.17839e-06
6.05886e-06
-3.64163e-06
3.4628e-06
-1.24881e-06
2.7725e-06
1.54666e-06
2.6707e-06
4.28309e-06
2.61932e-06
6.81466e-06
2.46271e-06
9.0287e-06
2.23261e-06
1.08654e-05
1.93803e-06
1.23067e-05
1.64874e-06
1.33799e-05
1.34627e-06
1.41022e-05
1.09139e-06
1.45182e-05
8.33702e-07
1.46162e-05
6.40722e-07
1.44061e-05
4.22119e-07
1.38804e-05
2.18936e-07
1.30544e-05
-2.21809e-07
1.19177e-05
-1.33028e-06
1.01104e-05
-4.10124e-06
5.63707e-06
-9.71455e-06
-1.50515e-05
6.05886e-06
9.52166e-06
1.22942e-05
1.49649e-05
1.75842e-05
2.00469e-05
2.22795e-05
2.42175e-05
2.58663e-05
2.72125e-05
2.83039e-05
2.91376e-05
2.97783e-05
3.02005e-05
3.04194e-05
3.01976e-05
2.88673e-05
2.47661e-05
1.50515e-05
)
;

boundaryField
{
    movingWall
    {
        type            calculated;
        value           uniform 0;
    }
    fixedWalls
    {
        type            calculated;
        value           uniform 0;
    }
    frontAndBack
    {
        type            empty;
        value           nonuniform List<scalar> 0();
    }
}


// ************************************************************************* //
