/*--------------------------------*- C++ -*----------------------------------*\
| =========                 |                                                 |
| \\      /  F ield         | OpenFOAM: The Open Source CFD Toolbox           |
|  \\    /   O peration     | Version:  2212                                  |
|   \\  /    A nd           | Website:  www.openfoam.com                      |
|    \\/     M anipulation  |                                                 |
\*---------------------------------------------------------------------------*/
FoamFile
{
    version     2.0;
    format      ascii;
    arch        "LSB;label=32;scalar=64";
    class       volScalarField;
    location    "4.7";
    object      T;
}
// * * * * * * * * * * * * * * * * * * * * * * * * * * * * * * * * * * * * * //

dimensions      [0 0 0 1 0 0 0];

internalField   nonuniform List<scalar> 
400
(
0.547886
0.56324
0.594038
0.638857
0.689723
0.734123
0.763605
0.778533
0.785106
0.788954
0.792006
0.794609
0.796832
0.798401
0.798686
0.796529
0.790027
0.776466
0.756244
0.739544
0.56849
0.586831
0.623324
0.674646
0.727157
0.763781
0.780539
0.786797
0.79011
0.792631
0.795255
0.798464
0.80232
0.806335
0.809117
0.808385
0.800732
0.783234
0.759483
0.741588
0.600398
0.624355
0.668669
0.721294
0.762082
0.780747
0.785402
0.785803
0.784685
0.783784
0.784694
0.7885
0.795252
0.804544
0.814142
0.820391
0.817069
0.797497
0.765519
0.745257
0.63171
0.661557
0.709783
0.753962
0.776987
0.780381
0.775559
0.767624
0.758725
0.752075
0.749796
0.753837
0.763875
0.780168
0.800328
0.82034
0.832143
0.823722
0.785515
0.755891
0.65648
0.690396
0.737146
0.768121
0.774445
0.765064
0.749476
0.730853
0.713271
0.700456
0.694745
0.698249
0.710534
0.732356
0.762126
0.796736
0.829087
0.845883
0.824774
0.777676
0.674107
0.709488
0.751042
0.768142
0.760075
0.738998
0.712345
0.684056
0.659609
0.642302
0.634234
0.636731
0.649778
0.674021
0.708993
0.752953
0.801204
0.843561
0.858313
0.810865
0.685862
0.720385
0.755041
0.759671
0.73976
0.708559
0.672706
0.63767
0.609202
0.589837
0.580972
0.582885
0.595784
0.620158
0.656461
0.704374
0.761136
0.819446
0.863986
0.857225
0.693228
0.725424
0.753341
0.748058
0.718884
0.679565
0.637036
0.597988
0.567725
0.547963
0.539208
0.540957
0.553192
0.576288
0.611299
0.659537
0.720558
0.788686
0.850623
0.883149
0.69749
0.726653
0.74887
0.736445
0.700575
0.655494
0.608775
0.567681
0.536876
0.517399
0.509003
0.510799
0.522443
0.543981
0.576329
0.621834
0.68327
0.758242
0.832067
0.8772
0.699518
0.725565
0.743792
0.727389
0.68755
0.638866
0.589674
0.547473
0.516411
0.497048
0.488677
0.490338
0.50157
0.522124
0.552219
0.59391
0.652366
0.730603
0.816319
0.873201
0.699908
0.723085
0.73899
0.721325
0.679908
0.629658
0.579565
0.536991
0.505685
0.486003
0.477116
0.478184
0.488811
0.508623
0.537157
0.575296
0.628938
0.706668
0.801099
0.8705
0.699037
0.719733
0.73486
0.718788
0.678583
0.628872
0.579151
0.536583
0.504803
0.484322
0.474457
0.474507
0.484132
0.502957
0.530127
0.565179
0.613224
0.687987
0.789307
0.86914
0.696991
0.715701
0.731133
0.71877
0.682141
0.634931
0.586994
0.545295
0.513467
0.492309
0.481396
0.480147
0.488292
0.505446
0.530669
0.562675
0.604717
0.673901
0.779591
0.869027
0.69364
0.710886
0.727249
0.720492
0.690251
0.648109
0.603812
0.564142
0.532836
0.51114
0.499046
0.496071
0.502104
0.516677
0.538898
0.567107
0.603036
0.665443
0.77333
0.870031
0.688755
0.705377
0.722579
0.721619
0.699196
0.664192
0.625639
0.58995
0.560809
0.539738
0.527114
0.522548
0.526034
0.537107
0.55498
0.578421
0.608143
0.66207
0.76964
0.872106
0.682556
0.698913
0.716942
0.721876
0.708797
0.683322
0.652886
0.623205
0.597812
0.578416
0.565686
0.559525
0.559828
0.566362
0.578608
0.595876
0.619072
0.663281
0.76911
0.875389
0.676759
0.692693
0.709858
0.717957
0.712611
0.696997
0.676283
0.654874
0.635614
0.620077
0.608872
0.602217
0.599875
0.601922
0.608423
0.619115
0.636649
0.672904
0.774866
0.880934
0.672507
0.68782
0.705331
0.715492
0.716436
0.709826
0.698688
0.685752
0.673025
0.661822
0.652751
0.646235
0.642397
0.641321
0.643923
0.64967
0.663719
0.693085
0.786597
0.888032
0.632356
0.686416
0.694047
0.700709
0.702186
0.700807
0.697529
0.69396
0.690374
0.687949
0.686416
0.686405
0.68779
0.690399
0.695592
0.701723
0.716505
0.741722
0.814966
0.900211
0.740181
0.77292
0.79147
0.803722
0.811573
0.817339
0.821423
0.825221
0.828287
0.831732
0.834735
0.838359
0.841579
0.845509
0.849053
0.853708
0.858951
0.869539
0.889271
0.925699
)
;

boundaryField
{
    movingWall
    {
        type            fixedValue;
        value           uniform 1;
    }
    fixedWalls
    {
        type            zeroGradient;
    }
    frontAndBack
    {
        type            empty;
    }
}


// ************************************************************************* //
