/*--------------------------------*- C++ -*----------------------------------*\
| =========                 |                                                 |
| \\      /  F ield         | OpenFOAM: The Open Source CFD Toolbox           |
|  \\    /   O peration     | Version:  2212                                  |
|   \\  /    A nd           | Website:  www.openfoam.com                      |
|    \\/     M anipulation  |                                                 |
\*---------------------------------------------------------------------------*/
FoamFile
{
    version     2.0;
    format      ascii;
    arch        "LSB;label=32;scalar=64";
    class       surfaceScalarField;
    location    "1.3";
    object      phi;
}
// * * * * * * * * * * * * * * * * * * * * * * * * * * * * * * * * * * * * * //

dimensions      [0 3 -1 0 0 0 0];

oriented        oriented;

internalField   nonuniform List<scalar> 
760
(
2.27501e-08
-2.27505e-08
-8.29305e-09
3.10431e-08
-7.93998e-08
7.11067e-08
-1.9226e-07
1.1286e-07
-3.68695e-07
1.76435e-07
-6.35293e-07
2.66598e-07
-1.00894e-06
3.73648e-07
-1.47888e-06
4.69935e-07
-1.98801e-06
5.09138e-07
-2.43141e-06
4.43393e-07
-2.68647e-06
2.55067e-07
-2.67136e-06
-1.51153e-08
-2.29289e-06
-3.78474e-07
-1.61271e-06
-6.80175e-07
-7.74786e-07
-8.37926e-07
-6.61422e-09
-7.68172e-07
4.8404e-07
-4.90655e-07
5.22765e-07
-3.87246e-08
2.49119e-07
2.73646e-07
2.49119e-07
-7.97863e-08
5.70357e-08
-2.89673e-07
2.4093e-07
-5.9534e-07
3.76773e-07
-1.0084e-06
5.25917e-07
-1.56644e-06
7.34474e-07
-2.29447e-06
9.94628e-07
-3.17131e-06
1.2505e-06
-4.10902e-06
1.40764e-06
-4.96084e-06
1.36095e-06
-5.56407e-06
1.04662e-06
-5.79978e-06
4.90779e-07
-5.59532e-06
-2.19575e-07
-4.9358e-06
-1.038e-06
-3.85939e-06
-1.75658e-06
-2.4943e-06
-2.20302e-06
-1.07698e-06
-2.18549e-06
1.06092e-08
-1.57824e-06
4.90457e-07
-5.18572e-07
3.18785e-07
4.45317e-07
5.67905e-07
-2.17226e-07
2.74261e-07
-6.44397e-07
6.68102e-07
-1.20333e-06
9.35704e-07
-1.91034e-06
1.23293e-06
-2.80286e-06
1.62699e-06
-3.88354e-06
2.07531e-06
-5.08732e-06
2.45428e-06
-6.27948e-06
2.59979e-06
-7.29316e-06
2.37464e-06
-7.98683e-06
1.74029e-06
-8.27115e-06
7.75108e-07
-8.09476e-06
-3.95974e-07
-7.4667e-06
-1.66605e-06
-6.37341e-06
-2.84987e-06
-4.84237e-06
-3.73407e-06
-3.00663e-06
-4.02123e-06
-1.20411e-06
-3.38076e-06
-1.09488e-08
-1.71174e-06
2.36475e-07
1.97893e-07
8.0438e-07
-3.52807e-07
6.27069e-07
-9.81688e-07
1.29698e-06
-1.76564e-06
1.71966e-06
-2.72109e-06
2.18838e-06
-3.881e-06
2.78689e-06
-5.22714e-06
3.42145e-06
-6.66122e-06
3.88836e-06
-8.01919e-06
3.95776e-06
-9.13565e-06
3.4911e-06
-9.90736e-06
2.512e-06
-1.02806e-05
1.14836e-06
-1.02158e-05
-4.6079e-07
-9.76389e-06
-2.11797e-06
-8.86336e-06
-3.7504e-06
-7.44018e-06
-5.15724e-06
-5.45581e-06
-6.00559e-06
-3.0682e-06
-5.76837e-06
-8.6275e-07
-3.91719e-06
1.3472e-07
-7.99577e-07
9.39099e-07
-4.59938e-07
1.08701e-06
-1.24562e-06
2.08267e-06
-2.20184e-06
2.67588e-06
-3.34241e-06
3.32895e-06
-4.69012e-06
4.1346e-06
-6.19717e-06
4.9285e-06
-7.72331e-06
5.41451e-06
-9.08134e-06
5.31579e-06
-1.0129e-05
4.53875e-06
-1.08251e-05
3.20814e-06
-1.11818e-05
1.50507e-06
-1.11965e-05
-4.46148e-07
-1.09579e-05
-2.35658e-06
-1.03955e-05
-4.31281e-06
-9.37767e-06
-6.17504e-06
-7.71562e-06
-7.66764e-06
-5.25281e-06
-8.23118e-06
-2.26507e-06
-6.90493e-06
-1.33128e-07
-2.93152e-06
8.05972e-07
-5.18687e-07
1.60569e-06
-1.39528e-06
2.95926e-06
-2.44933e-06
3.72993e-06
-3.6801e-06
4.55973e-06
-5.08333e-06
5.53782e-06
-6.56974e-06
6.41492e-06
-7.96856e-06
6.81332e-06
-9.10838e-06
6.45562e-06
-9.90638e-06
5.33674e-06
-1.03836e-05
3.68535e-06
-1.06125e-05
1.73404e-06
-1.06756e-05
-3.83128e-07
-1.05998e-05
-2.4324e-06
-1.03878e-05
-4.52477e-06
-9.92992e-06
-6.6329e-06
-8.95069e-06
-8.64687e-06
-7.06369e-06
-1.01182e-05
-4.06141e-06
-9.90721e-06
-7.92878e-07
-6.20005e-06
1.30941e-08
-5.14089e-07
2.11978e-06
-1.39777e-06
3.84294e-06
-2.45141e-06
4.78357e-06
-3.64441e-06
5.75272e-06
-4.93928e-06
6.83269e-06
-6.22337e-06
7.69901e-06
-7.33785e-06
7.9278e-06
-8.16246e-06
7.28023e-06
-8.67196e-06
5.84624e-06
-8.92125e-06
3.93465e-06
-9.00129e-06
1.81407e-06
-9.02918e-06
-3.55235e-07
-9.00537e-06
-2.45622e-06
-9.00606e-06
-4.52407e-06
-9.00997e-06
-6.62899e-06
-8.78594e-06
-8.87091e-06
-7.83753e-06
-1.10666e-05
-5.55077e-06
-1.2194e-05
-1.84086e-06
-9.90996e-06
-1.82776e-06
-4.41258e-07
2.56104e-06
-1.24171e-06
4.64339e-06
-2.19234e-06
5.73421e-06
-3.22736e-06
6.78774e-06
-4.28906e-06
7.89438e-06
-5.27602e-06
8.68597e-06
-6.07587e-06
8.72765e-06
-6.62642e-06
7.83078e-06
-6.93963e-06
6.15945e-06
-7.07507e-06
4.07009e-06
-7.10278e-06
1.84178e-06
-7.08653e-06
-3.71484e-07
-7.05475e-06
-2.488e-06
-7.09127e-06
-4.48755e-06
-7.27415e-06
-6.44611e-06
-7.52953e-06
-8.61552e-06
-7.40083e-06
-1.11953e-05
-6.07264e-06
-1.35222e-05
-2.92905e-06
-1.30536e-05
-4.75681e-06
-3.10672e-07
2.87171e-06
-9.47451e-07
5.28017e-06
-1.71215e-06
6.4989e-06
-2.50785e-06
7.58344e-06
-3.27292e-06
8.65945e-06
-3.94309e-06
9.35614e-06
-4.46522e-06
9.24978e-06
-4.82747e-06
8.19303e-06
-5.0562e-06
6.38818e-06
-5.19079e-06
4.20468e-06
-5.26264e-06
1.91362e-06
-5.27553e-06
-3.5859e-07
-5.25521e-06
-2.50831e-06
-5.26485e-06
-4.47792e-06
-5.4353e-06
-6.27566e-06
-5.84485e-06
-8.20597e-06
-6.21763e-06
-1.08225e-05
-5.72468e-06
-1.40151e-05
-3.51313e-06
-1.52651e-05
-8.26994e-06
-1.43904e-07
3.01562e-06
-5.59877e-07
5.69615e-06
-1.08631e-06
7.02534e-06
-1.60129e-06
8.09842e-06
-2.04829e-06
9.10645e-06
-2.41059e-06
9.71844e-06
-2.69114e-06
9.53034e-06
-2.91275e-06
8.41463e-06
-3.09947e-06
6.5749e-06
-3.26334e-06
4.36855e-06
-3.40086e-06
2.05115e-06
-3.49131e-06
-2.68149e-07
-3.53459e-06
-2.46503e-06
-3.56651e-06
-4.44601e-06
-3.71051e-06
-6.13166e-06
-4.14501e-06
-7.77147e-06
-4.79254e-06
-1.0175e-05
-4.9092e-06
-1.38984e-05
-3.35865e-06
-1.68157e-05
-1.16286e-05
3.59964e-08
2.97962e-06
-1.36453e-07
5.8686e-06
-4.03246e-07
7.29213e-06
-6.27224e-07
8.3224e-06
-7.59297e-07
9.23852e-06
-8.26045e-07
9.78519e-06
-8.77625e-07
9.58192e-06
-9.48874e-07
8.48588e-06
-1.06236e-06
6.68839e-06
-1.21625e-06
4.52244e-06
-1.38949e-06
2.2244e-06
-1.57067e-06
-8.69749e-08
-1.72794e-06
-2.30775e-06
-1.88374e-06
-4.29021e-06
-2.09851e-06
-5.91689e-06
-2.56489e-06
-7.30509e-06
-3.36984e-06
-9.37004e-06
-3.91853e-06
-1.33498e-05
-2.93065e-06
-1.78035e-05
-1.45592e-05
1.788e-07
2.80082e-06
2.44563e-07
5.80283e-06
2.40324e-07
7.29637e-06
2.98895e-07
8.26383e-06
4.70112e-07
9.06731e-06
7.11728e-07
9.54357e-06
9.30634e-07
9.36301e-06
1.05322e-06
8.3633e-06
1.05256e-06
6.68905e-06
9.48427e-07
4.62657e-06
7.70251e-07
2.40257e-06
5.2173e-07
1.61547e-07
2.41739e-07
-2.02776e-06
-8.76617e-08
-3.96081e-06
-5.2748e-07
-5.47707e-06
-1.13343e-06
-6.69913e-06
-2.08228e-06
-8.42119e-06
-2.94852e-06
-1.24835e-05
-2.46274e-06
-1.82893e-05
-1.7022e-05
2.72931e-07
2.52789e-06
5.36523e-07
5.53924e-06
7.57277e-07
7.07561e-06
1.06082e-06
7.96028e-06
1.5134e-06
8.61473e-06
2.06162e-06
8.99535e-06
2.57601e-06
8.84862e-06
2.94068e-06
7.99862e-06
3.1105e-06
6.51923e-06
3.10029e-06
4.63679e-06
2.93633e-06
2.56653e-06
2.62673e-06
4.71141e-07
2.18464e-06
-1.58566e-06
1.62289e-06
-3.39906e-06
9.65209e-07
-4.81939e-06
1.33032e-07
-5.86696e-06
-9.44945e-07
-7.34321e-06
-2.06563e-06
-1.13628e-05
-2.00364e-06
-1.83513e-05
-1.90256e-05
2.99914e-07
2.22797e-06
6.97291e-07
5.14186e-06
1.10511e-06
6.66779e-06
1.61388e-06
7.45152e-06
2.28848e-06
7.94013e-06
3.0863e-06
8.19753e-06
3.87191e-06
8.06301e-06
4.49889e-06
7.37165e-06
4.88526e-06
6.13287e-06
5.01785e-06
4.50419e-06
4.91176e-06
2.67262e-06
4.5786e-06
8.04294e-07
4.00928e-06
-1.01634e-06
3.24911e-06
-2.6389e-06
2.34112e-06
-3.9114e-06
1.32031e-06
-4.84614e-06
5.44271e-08
-6.07733e-06
-1.2653e-06
-1.00431e-05
-1.57484e-06
-1.80418e-05
-2.06005e-05
2.46985e-07
1.98099e-06
6.76399e-07
4.71245e-06
1.20515e-06
6.13904e-06
1.87234e-06
6.78433e-06
2.71694e-06
7.09552e-06
3.70329e-06
7.21119e-06
4.70873e-06
7.05756e-06
5.57469e-06
6.50569e-06
6.18405e-06
5.5235e-06
6.48556e-06
4.20269e-06
6.47218e-06
2.68599e-06
6.15562e-06
1.12086e-06
5.51343e-06
-3.74151e-07
4.60992e-06
-1.73539e-06
3.50245e-06
-2.80392e-06
2.28329e-06
-3.62699e-06
9.10289e-07
-4.70433e-06
-5.20861e-07
-8.61194e-06
-1.15248e-06
-1.74102e-05
-2.17529e-05
1.24526e-07
1.85646e-06
4.94156e-07
4.34282e-06
1.09702e-06
5.53618e-06
1.87773e-06
6.00361e-06
2.83794e-06
6.13531e-06
3.94006e-06
6.10907e-06
5.08187e-06
5.91576e-06
6.11653e-06
5.47104e-06
6.90932e-06
4.73071e-06
7.37661e-06
3.7354e-06
7.47781e-06
2.58479e-06
7.21021e-06
1.38847e-06
6.58424e-06
2.51817e-07
5.61534e-06
-7.66493e-07
4.3986e-06
-1.58718e-06
3.06458e-06
-2.29297e-06
1.66921e-06
-3.30896e-06
1.4546e-07
-7.0882e-06
-5.86042e-07
-1.66787e-05
-2.2339e-05
-1.55023e-07
2.01148e-06
-4.26854e-09
4.19207e-06
5.88365e-07
4.94355e-06
1.50818e-06
5.0838e-06
2.617e-06
5.02649e-06
3.83548e-06
4.89059e-06
5.07654e-06
4.6747e-06
6.22413e-06
4.32344e-06
7.14792e-06
3.80692e-06
7.75386e-06
3.12946e-06
7.97696e-06
2.36169e-06
7.80346e-06
1.56197e-06
7.23555e-06
8.19721e-07
6.3123e-06
1.5676e-07
5.11751e-06
-3.92395e-07
3.82086e-06
-9.96315e-07
2.57711e-06
-2.06521e-06
1.38289e-06
-5.89397e-06
2.76564e-07
-1.55723e-05
-2.20624e-05
-3.78443e-07
2.38993e-06
-3.76684e-07
4.19031e-06
1.75914e-07
4.39095e-06
1.11092e-06
4.1488e-06
2.26763e-06
3.86978e-06
3.52561e-06
3.63261e-06
4.79154e-06
3.40877e-06
5.97812e-06
3.13686e-06
6.96946e-06
2.81558e-06
7.6852e-06
2.41371e-06
8.05656e-06
1.99034e-06
8.07535e-06
1.54318e-06
7.7423e-06
1.15277e-06
7.11055e-06
7.88512e-07
6.25321e-06
4.6494e-07
5.35467e-06
-9.77766e-08
4.51922e-06
-1.22975e-06
3.47923e-06
-4.85398e-06
1.65492e-06
-1.3748e-05
-2.04075e-05
-3.9816e-06
6.37153e-06
-3.62688e-06
3.83558e-06
-1.96838e-06
2.73245e-06
-1.70904e-07
2.35132e-06
1.5749e-06
2.12398e-06
3.27878e-06
1.92872e-06
4.92077e-06
1.76679e-06
6.46122e-06
1.59641e-06
7.83285e-06
1.44396e-06
8.99043e-06
1.25612e-06
9.88683e-06
1.09394e-06
1.05235e-05
9.0651e-07
1.08916e-05
7.84692e-07
1.10477e-05
6.3242e-07
1.10103e-05
5.02336e-07
1.07392e-05
1.73301e-07
1.03479e-05
-8.38434e-07
9.33761e-06
-3.84372e-06
5.32524e-06
-9.73565e-06
-1.50823e-05
6.37153e-06
1.02071e-05
1.29396e-05
1.52909e-05
1.74149e-05
1.93436e-05
2.11104e-05
2.27068e-05
2.41507e-05
2.54069e-05
2.65008e-05
2.74073e-05
2.8192e-05
2.88244e-05
2.93268e-05
2.95001e-05
2.86616e-05
2.48179e-05
1.50823e-05
)
;

boundaryField
{
    movingWall
    {
        type            calculated;
        value           uniform 0;
    }
    fixedWalls
    {
        type            calculated;
        value           uniform 0;
    }
    frontAndBack
    {
        type            empty;
        value           nonuniform List<scalar> 0();
    }
}


// ************************************************************************* //
