/*--------------------------------*- C++ -*----------------------------------*\
| =========                 |                                                 |
| \\      /  F ield         | OpenFOAM: The Open Source CFD Toolbox           |
|  \\    /   O peration     | Version:  2212                                  |
|   \\  /    A nd           | Website:  www.openfoam.com                      |
|    \\/     M anipulation  |                                                 |
\*---------------------------------------------------------------------------*/
FoamFile
{
    version     2.0;
    format      ascii;
    arch        "LSB;label=32;scalar=64";
    class       volScalarField;
    location    "1.3";
    object      T;
}
// * * * * * * * * * * * * * * * * * * * * * * * * * * * * * * * * * * * * * //

dimensions      [0 0 0 1 0 0 0];

internalField   nonuniform List<scalar> 
400
(
0.000170774
0.000533728
0.00176364
0.00508552
0.0126639
0.0274968
0.0525408
0.0887168
0.132573
0.176295
0.211883
0.235684
0.248223
0.249082
0.238374
0.214089
0.17491
0.123675
0.0760938
0.0492059
0.000408665
0.00133929
0.00450027
0.0127806
0.0304854
0.0620345
0.109287
0.168332
0.229109
0.280802
0.318584
0.343576
0.357945
0.360171
0.348828
0.318615
0.263792
0.185508
0.110199
0.0696221
0.00102055
0.00346523
0.0116158
0.031741
0.0707799
0.131806
0.209612
0.290052
0.356979
0.40336
0.433154
0.452457
0.464885
0.470583
0.46696
0.445201
0.391258
0.292366
0.175008
0.11033
0.00219065
0.00757739
0.0249206
0.0646118
0.133294
0.225437
0.321653
0.397883
0.442161
0.461883
0.470418
0.476095
0.484644
0.497419
0.512669
0.520919
0.503097
0.427537
0.280949
0.177486
0.00399573
0.0138672
0.0442708
0.108239
0.205856
0.315366
0.403014
0.446562
0.451908
0.441293
0.429456
0.423649
0.429336
0.446963
0.479054
0.519739
0.554064
0.54496
0.43168
0.276856
0.00627286
0.0216079
0.0666964
0.153914
0.270746
0.377591
0.435658
0.438058
0.410898
0.381644
0.359577
0.348142
0.349154
0.363041
0.396931
0.45259
0.52484
0.586875
0.572746
0.405946
0.00860473
0.0292353
0.0874416
0.192072
0.316397
0.407921
0.432883
0.404233
0.36191
0.330582
0.311399
0.301641
0.297809
0.300768
0.320463
0.368238
0.44965
0.551171
0.627593
0.56061
0.0104634
0.0350082
0.102287
0.217198
0.341839
0.416818
0.417242
0.372889
0.3308
0.309509
0.301703
0.298531
0.292691
0.283644
0.281355
0.305858
0.375697
0.487228
0.60805
0.667764
0.0114271
0.0377338
0.108977
0.228045
0.351141
0.415537
0.403147
0.354591
0.319611
0.310797
0.314211
0.317679
0.313433
0.297809
0.275773
0.270726
0.317398
0.42706
0.565482
0.665387
0.0113203
0.0370615
0.107114
0.225295
0.347911
0.410532
0.396108
0.348977
0.319672
0.318066
0.327438
0.335531
0.336253
0.322604
0.290822
0.259261
0.275306
0.374966
0.531117
0.650794
0.0102054
0.0333317
0.0975773
0.210155
0.333359
0.40274
0.395666
0.352705
0.324123
0.32178
0.331124
0.341683
0.348647
0.342135
0.310538
0.262607
0.248552
0.329715
0.497584
0.646392
0.00845914
0.0276798
0.0825202
0.184199
0.306371
0.388859
0.398486
0.363969
0.333281
0.32451
0.32986
0.341155
0.352947
0.352787
0.324565
0.269218
0.232135
0.29419
0.470013
0.641063
0.00646999
0.0212525
0.0646846
0.150515
0.265828
0.362212
0.397735
0.381725
0.353903
0.338833
0.338217
0.347047
0.358468
0.358229
0.330214
0.271997
0.219427
0.263537
0.446601
0.641163
0.00467891
0.0154638
0.0475433
0.114127
0.21341
0.314692
0.377367
0.391236
0.379478
0.366422
0.361399
0.363671
0.366993
0.358465
0.325585
0.266625
0.207276
0.23806
0.427543
0.641669
0.00315389
0.010328
0.0324311
0.0801214
0.156735
0.247686
0.323946
0.366226
0.379461
0.379052
0.375498
0.371365
0.3636
0.343858
0.305559
0.249199
0.191763
0.215538
0.413223
0.64604
0.00245216
0.00821249
0.0230162
0.0541102
0.106218
0.174665
0.243942
0.297254
0.328869
0.343129
0.346204
0.341046
0.327819
0.303516
0.266817
0.220182
0.174022
0.197493
0.403906
0.651595
0.000361111
0.00181991
0.0121893
0.0330075
0.0659847
0.110329
0.159897
0.205217
0.239283
0.260108
0.269165
0.267873
0.257741
0.23925
0.213894
0.184841
0.158487
0.185577
0.40302
0.66224
0.0161487
0.0150605
0.0174919
0.0254045
0.040729
0.0626981
0.0893099
0.116344
0.140033
0.157446
0.168324
0.173013
0.172778
0.169192
0.163593
0.15905
0.160496
0.202301
0.422635
0.678562
-0.154406
-0.0270558
-0.0154497
-7.40643e-05
0.0148836
0.0323521
0.0511086
0.0715376
0.0908792
0.11062
0.127912
0.145643
0.160971
0.176767
0.192016
0.208267
0.236367
0.293548
0.479861
0.706627
0.188187
0.27277
0.325866
0.363939
0.392083
0.416157
0.4358
0.454998
0.471107
0.488313
0.50274
0.519127
0.532389
0.548042
0.560022
0.575823
0.589132
0.618294
0.670777
0.77478
)
;

boundaryField
{
    movingWall
    {
        type            fixedValue;
        value           uniform 1;
    }
    fixedWalls
    {
        type            zeroGradient;
    }
    frontAndBack
    {
        type            empty;
    }
}


// ************************************************************************* //
