/*--------------------------------*- C++ -*----------------------------------*\
| =========                 |                                                 |
| \\      /  F ield         | OpenFOAM: The Open Source CFD Toolbox           |
|  \\    /   O peration     | Version:  2212                                  |
|   \\  /    A nd           | Website:  www.openfoam.com                      |
|    \\/     M anipulation  |                                                 |
\*---------------------------------------------------------------------------*/
FoamFile
{
    version     2.0;
    format      ascii;
    arch        "LSB;label=32;scalar=64";
    class       volScalarField;
    location    "3.5";
    object      T;
}
// * * * * * * * * * * * * * * * * * * * * * * * * * * * * * * * * * * * * * //

dimensions      [0 0 0 1 0 0 0];

internalField   nonuniform List<scalar> 
400
(
0.333649
0.356748
0.40282
0.469522
0.54546
0.612735
0.658693
0.682904
0.693667
0.699379
0.703393
0.706387
0.708441
0.709068
0.707315
0.701317
0.688016
0.662655
0.625675
0.595328
0.363045
0.391053
0.446304
0.523475
0.602995
0.660065
0.687833
0.69908
0.705136
0.709522
0.7135
0.717655
0.721985
0.72567
0.726721
0.721712
0.705564
0.673533
0.630999
0.598844
0.409272
0.446444
0.51455
0.595258
0.659295
0.691071
0.701486
0.704922
0.705684
0.70602
0.707968
0.712884
0.720877
0.731292
0.741094
0.74495
0.733718
0.697082
0.641009
0.605173
0.455729
0.502709
0.578272
0.648375
0.687791
0.698093
0.695719
0.688471
0.679163
0.671941
0.669535
0.674421
0.686434
0.705883
0.729845
0.752726
0.762919
0.74206
0.674938
0.623584
0.493565
0.547791
0.622997
0.675346
0.691552
0.684443
0.668102
0.64715
0.626758
0.611693
0.604751
0.608512
0.622709
0.6485
0.684423
0.726798
0.766081
0.782618
0.74133
0.661112
0.521322
0.578956
0.648301
0.681859
0.678489
0.656176
0.626084
0.593477
0.565241
0.545227
0.535598
0.537778
0.551901
0.579165
0.619824
0.672682
0.732495
0.785536
0.799083
0.717861
0.540496
0.59805
0.659011
0.675921
0.657008
0.622272
0.581583
0.541935
0.510225
0.488839
0.47881
0.480158
0.493192
0.518981
0.559022
0.614249
0.682614
0.75569
0.812488
0.795154
0.553
0.608069
0.6607
0.66476
0.634323
0.590344
0.542827
0.500028
0.4678
0.447109
0.437765
0.43882
0.450276
0.473061
0.509444
0.562567
0.6337
0.717144
0.796216
0.838461
0.560643
0.611916
0.65758
0.652867
0.614616
0.564612
0.513516
0.470007
0.438684
0.419422
0.411077
0.412227
0.422457
0.44222
0.473515
0.520798
0.589782
0.679677
0.772477
0.831079
0.564618
0.611586
0.65235
0.643209
0.600828
0.547535
0.494884
0.451591
0.421284
0.40312
0.395372
0.396526
0.406025
0.423914
0.451217
0.491831
0.554536
0.646194
0.75303
0.826495
0.565783
0.608456
0.646408
0.636584
0.593149
0.538843
0.486126
0.443442
0.413785
0.396007
0.388186
0.388914
0.397689
0.41438
0.439079
0.474014
0.52868
0.617403
0.733845
0.823298
0.564675
0.603262
0.640001
0.633064
0.592037
0.539029
0.487308
0.445156
0.415458
0.397267
0.388776
0.388692
0.396552
0.412195
0.435155
0.465754
0.512146
0.595321
0.719331
0.821879
0.561392
0.596439
0.633123
0.631722
0.596012
0.546387
0.496784
0.455514
0.425679
0.406801
0.39737
0.396191
0.402815
0.417017
0.438135
0.465219
0.503665
0.578535
0.707112
0.821954
0.555669
0.587807
0.624678
0.630794
0.603826
0.560611
0.515014
0.475496
0.445674
0.425858
0.415109
0.412364
0.417237
0.429321
0.447878
0.471317
0.502609
0.568441
0.699323
0.82348
0.547233
0.577924
0.614819
0.628354
0.611722
0.577344
0.53805
0.502204
0.47383
0.45396
0.442288
0.437944
0.440596
0.449692
0.464469
0.48359
0.508392
0.563948
0.694505
0.82632
0.536467
0.566145
0.602537
0.622876
0.618171
0.595681
0.565779
0.536134
0.511017
0.492122
0.479789
0.473593
0.473168
0.478071
0.487722
0.501262
0.520008
0.564775
0.693744
0.83072
0.526559
0.555699
0.589745
0.612663
0.616891
0.606182
0.587563
0.566988
0.548113
0.532777
0.521578
0.514556
0.511409
0.511946
0.516281
0.523962
0.538284
0.575148
0.700615
0.838012
0.519169
0.54589
0.579003
0.602827
0.613558
0.613069
0.605448
0.594343
0.582489
0.571517
0.562308
0.555244
0.55065
0.548368
0.54969
0.553764
0.56705
0.598674
0.715408
0.847412
0.465169
0.548825
0.565169
0.580503
0.588315
0.591672
0.591855
0.590895
0.589292
0.588523
0.58839
0.589638
0.592248
0.595889
0.602457
0.609683
0.627476
0.658142
0.751428
0.863406
0.62034
0.669027
0.697301
0.716685
0.729889
0.740028
0.74768
0.754686
0.760483
0.766564
0.771841
0.777783
0.782978
0.789023
0.794327
0.801078
0.808231
0.822471
0.848232
0.897261
)
;

boundaryField
{
    movingWall
    {
        type            fixedValue;
        value           uniform 1;
    }
    fixedWalls
    {
        type            zeroGradient;
    }
    frontAndBack
    {
        type            empty;
    }
}


// ************************************************************************* //
