/*--------------------------------*- C++ -*----------------------------------*\
| =========                 |                                                 |
| \\      /  F ield         | OpenFOAM: The Open Source CFD Toolbox           |
|  \\    /   O peration     | Version:  2212                                  |
|   \\  /    A nd           | Website:  www.openfoam.com                      |
|    \\/     M anipulation  |                                                 |
\*---------------------------------------------------------------------------*/
FoamFile
{
    version     2.0;
    format      ascii;
    arch        "LSB;label=32;scalar=64";
    class       volScalarField;
    location    "17.2";
    object      p;
}
// * * * * * * * * * * * * * * * * * * * * * * * * * * * * * * * * * * * * * //

dimensions      [0 2 -2 0 0 0 0];

internalField   nonuniform List<scalar> 
400
(
4.69892e-08
-0.000150989
-0.000535074
-0.00107228
-0.00173301
-0.00249449
-0.00318563
-0.0035982
-0.00356598
-0.00293471
-0.00154915
0.000618817
0.00324904
0.00551355
0.00653321
0.0059223
0.00400147
0.00214903
0.00111002
0.00104097
0.000115896
-5.85233e-05
-0.000377468
-0.000764644
-0.00124456
-0.0018887
-0.00270683
-0.00354416
-0.00408066
-0.00393908
-0.00284707
-0.000825473
0.0016888
0.00396036
0.00512414
0.00474251
0.00310237
0.00137413
0.000592533
0.00068358
0.00053601
0.00026454
-7.77523e-05
-0.000560112
-0.00134783
-0.00258123
-0.00421982
-0.00598452
-0.00740334
-0.00794466
-0.00726496
-0.00546273
-0.00289235
-0.000195325
0.00179108
0.00242708
0.00170813
0.000501419
-0.000396772
-0.000393479
0.00115152
0.000740835
0.000191445
-0.000775297
-0.00245171
-0.00493853
-0.00799594
-0.0111214
-0.0137043
-0.0151779
-0.0152077
-0.0138408
-0.0112945
-0.00802991
-0.00475308
-0.00221057
-0.000871257
-0.0007071
-0.00128972
-0.00191904
0.00158292
0.000973317
-2.33157e-05
-0.00192463
-0.00500734
-0.00918089
-0.0139146
-0.0184808
-0.0222172
-0.0246539
-0.0255296
-0.0247238
-0.0223644
-0.0187444
-0.0143055
-0.00965659
-0.005593
-0.00294979
-0.00219415
-0.00401887
0.00129298
0.000444628
-0.00119781
-0.00430498
-0.00900579
-0.0148815
-0.0210738
-0.0267164
-0.0311924
-0.0341797
-0.0355465
-0.0351905
-0.0331979
-0.0297196
-0.0249003
-0.0189618
-0.0125062
-0.00694924
-0.00440178
-0.00652509
-4.8695e-05
-0.00114797
-0.00349996
-0.0077975
-0.0139334
-0.0211154
-0.0282373
-0.0344089
-0.0391299
-0.0422333
-0.0437211
-0.0436117
-0.0419738
-0.0388798
-0.0343118
-0.028158
-0.0205399
-0.0127037
-0.00785566
-0.00774885
-0.00245089
-0.00374262
-0.00669914
-0.0119141
-0.0190408
-0.0269829
-0.0345054
-0.0407805
-0.0454522
-0.0484785
-0.0499412
-0.0499325
-0.0485317
-0.0457896
-0.0416634
-0.0359276
-0.0283265
-0.0193719
-0.0118231
-0.00798136
-0.00553808
-0.00691569
-0.0102643
-0.0160227
-0.0236591
-0.0318907
-0.0394526
-0.0456144
-0.050139
-0.0530592
-0.0544884
-0.0545285
-0.0532542
-0.0507271
-0.0469633
-0.0418131
-0.0348688
-0.0259486
-0.01671
-0.00999534
-0.00873423
-0.0100864
-0.0135983
-0.019543
-0.0272874
-0.0354883
-0.0429135
-0.0489113
-0.0533112
-0.0561692
-0.0575932
-0.0576644
-0.0564459
-0.0540127
-0.0504525
-0.0457616
-0.0396351
-0.0315249
-0.0223221
-0.0143407
-0.0115046
-0.0127584
-0.0162199
-0.0220551
-0.029608
-0.0375898
-0.0448278
-0.0507008
-0.0550444
-0.0578959
-0.0593383
-0.0594298
-0.0582205
-0.0557904
-0.0522882
-0.0478535
-0.0424321
-0.0353836
-0.0271988
-0.0191802
-0.0135498
-0.0146192
-0.0178565
-0.0233161
-0.0304318
-0.0380638
-0.045119
-0.0509511
-0.0553305
-0.0582421
-0.0597298
-0.0598322
-0.0585901
-0.0560845
-0.0525168
-0.0481392
-0.0432078
-0.0370572
-0.0300327
-0.022418
-0.0148378
-0.0155683
-0.0183524
-0.0232108
-0.0296941
-0.0368797
-0.0437657
-0.0496414
-0.0541562
-0.0572024
-0.0587715
-0.0588786
-0.0575592
-0.0549172
-0.0511783
-0.0466568
-0.0419663
-0.0363009
-0.0302268
-0.0228966
-0.0154682
-0.0157225
-0.0177777
-0.0217468
-0.0273903
-0.0340323
-0.0407514
-0.0467415
-0.051494
-0.0547695
-0.0564834
-0.0566244
-0.0552027
-0.052354
-0.0483471
-0.0435826
-0.0387313
-0.033142
-0.0281002
-0.0202798
-0.0155747
-0.0152985
-0.0163384
-0.0190882
-0.0236535
-0.0296347
-0.0361723
-0.0423366
-0.0474286
-0.0510405
-0.0529812
-0.0531845
-0.051692
-0.0485923
-0.0442275
-0.0390544
-0.0337823
-0.028072
-0.0242319
-0.0143854
-0.0152771
-0.0145504
-0.0142611
-0.0154263
-0.0186852
-0.0238951
-0.030232
-0.0366154
-0.0421386
-0.0462021
-0.0484902
-0.0488673
-0.047354
-0.0440216
-0.0392495
-0.0335194
-0.0276416
-0.0216296
-0.0180537
-0.00383318
-0.0146623
-0.0136185
-0.0117072
-0.0110813
-0.012954
-0.0173807
-0.0235345
-0.030171
-0.0361939
-0.0408122
-0.0435794
-0.0442624
-0.0428513
-0.039377
-0.0341858
-0.0276901
-0.0206825
-0.0132763
-0.00678587
0.0160528
-0.0145835
-0.0126575
-0.00864875
-0.00623488
-0.00691034
-0.0107461
-0.0168182
-0.0237404
-0.0302992
-0.0355399
-0.0389043
-0.0400357
-0.0388782
-0.0354485
-0.0298963
-0.0222761
-0.0128728
-0.000688213
0.016695
0.0570638
-0.0117949
-0.011831
-0.00572636
-0.00177526
-0.00176523
-0.00540499
-0.0115755
-0.0188153
-0.025876
-0.031688
-0.0356629
-0.0373625
-0.0366858
-0.0333558
-0.0272246
-0.0175418
-0.00314835
0.0204903
0.0607044
0.129821
-0.0295171
-0.01063
-0.000609115
0.00308059
0.00244802
-0.00155726
-0.00799975
-0.0155537
-0.0229766
-0.0291743
-0.0335324
-0.0355885
-0.0352017
-0.0319562
-0.025228
-0.0128603
0.00942249
0.0511715
0.122878
0.226076
)
;

boundaryField
{
    movingWall
    {
        type            zeroGradient;
    }
    fixedWalls
    {
        type            zeroGradient;
    }
    frontAndBack
    {
        type            empty;
    }
}


// ************************************************************************* //
