/*--------------------------------*- C++ -*----------------------------------*\
| =========                 |                                                 |
| \\      /  F ield         | OpenFOAM: The Open Source CFD Toolbox           |
|  \\    /   O peration     | Version:  2212                                  |
|   \\  /    A nd           | Website:  www.openfoam.com                      |
|    \\/     M anipulation  |                                                 |
\*---------------------------------------------------------------------------*/
FoamFile
{
    version     2.0;
    format      ascii;
    arch        "LSB;label=32;scalar=64";
    class       volScalarField;
    location    "17.2";
    object      T;
}
// * * * * * * * * * * * * * * * * * * * * * * * * * * * * * * * * * * * * * //

dimensions      [0 0 0 1 0 0 0];

internalField   nonuniform List<scalar> 
400
(
0.974789
0.975317
0.976388
0.977972
0.979824
0.981518
0.982738
0.983452
0.983841
0.984106
0.984348
0.984598
0.984866
0.985144
0.985389
0.985532
0.985459
0.985051
0.984376
0.983823
0.975463
0.97611
0.977406
0.979264
0.981234
0.982692
0.98341
0.983662
0.983748
0.983812
0.983946
0.984203
0.9846
0.985116
0.985647
0.986036
0.986041
0.985478
0.984589
0.983949
0.976513
0.977384
0.978999
0.980947
0.982482
0.983134
0.983107
0.982786
0.982387
0.982085
0.982033
0.982338
0.983003
0.984009
0.985174
0.986232
0.986743
0.986263
0.984979
0.984183
0.977543
0.978645
0.980408
0.981986
0.982655
0.982345
0.981466
0.980348
0.979245
0.97843
0.978111
0.978464
0.979445
0.981075
0.983131
0.985295
0.986976
0.9874
0.98598
0.984729
0.978334
0.979568
0.98119
0.982062
0.981702
0.980349
0.978459
0.976378
0.974476
0.973089
0.972462
0.972801
0.974051
0.976256
0.979216
0.982612
0.985848
0.988008
0.987776
0.98574
0.978852
0.980078
0.981325
0.981331
0.9799
0.97747
0.974524
0.971501
0.968864
0.966972
0.966073
0.966333
0.967745
0.970336
0.973973
0.978382
0.983041
0.987089
0.989107
0.987218
0.979137
0.980226
0.980963
0.980088
0.977658
0.974229
0.970343
0.966547
0.963361
0.961132
0.96007
0.960258
0.961723
0.964474
0.968463
0.97352
0.979222
0.984771
0.988896
0.989339
0.979253
0.980145
0.980371
0.978722
0.97543
0.97115
0.96651
0.962155
0.958622
0.956224
0.955097
0.955257
0.956707
0.959446
0.963483
0.968802
0.975173
0.981878
0.987598
0.990473
0.979254
0.979936
0.979711
0.977445
0.973487
0.968571
0.963403
0.958688
0.954957
0.952479
0.951326
0.951474
0.952894
0.955554
0.959461
0.964709
0.971359
0.978935
0.985934
0.989955
0.979184
0.979693
0.979162
0.976509
0.972121
0.966784
0.96127
0.956323
0.952463
0.949917
0.948718
0.948832
0.950218
0.952811
0.956557
0.961551
0.968111
0.976212
0.984428
0.989562
0.979067
0.979457
0.978756
0.975919
0.971324
0.965794
0.960136
0.955091
0.951154
0.948529
0.947244
0.947274
0.948588
0.951108
0.954712
0.9594
0.96561
0.973854
0.983029
0.989312
0.978918
0.979254
0.978548
0.975779
0.971242
0.965752
0.960122
0.955075
0.951088
0.94837
0.946963
0.946861
0.948039
0.950423
0.953854
0.958213
0.963911
0.97199
0.981908
0.989175
0.978733
0.979071
0.97847
0.975948
0.971689
0.96646
0.961054
0.956155
0.952221
0.949468
0.947957
0.947694
0.948669
0.950815
0.953971
0.957948
0.96302
0.970626
0.981025
0.98916
0.9785
0.978894
0.978514
0.976441
0.972712
0.96799
0.963016
0.958423
0.954645
0.951909
0.950307
0.949844
0.950537
0.95232
0.955055
0.958527
0.962893
0.969834
0.980454
0.989243
0.978195
0.978675
0.978511
0.976928
0.97386
0.969841
0.96552
0.961455
0.958033
0.955472
0.953878
0.95325
0.953621
0.954938
0.957095
0.959944
0.963557
0.969606
0.980158
0.989428
0.977835
0.978422
0.978541
0.97753
0.975266
0.97213
0.968649
0.965285
0.962369
0.960093
0.958562
0.957793
0.957794
0.958553
0.960007
0.962086
0.964881
0.969853
0.980149
0.989719
0.977476
0.978053
0.978264
0.977668
0.976146
0.973947
0.971439
0.96896
0.96675
0.96496
0.963654
0.962872
0.96259
0.962836
0.963606
0.964893
0.966952
0.970978
0.980751
0.990216
0.977223
0.977926
0.978352
0.978108
0.977248
0.975921
0.97434
0.972713
0.971189
0.969884
0.968837
0.968097
0.967659
0.96755
0.96784
0.968502
0.970015
0.973109
0.981876
0.99084
0.973784
0.977155
0.977141
0.977016
0.976552
0.975936
0.975234
0.974581
0.973981
0.973539
0.973214
0.973067
0.973074
0.973225
0.973635
0.974161
0.975509
0.977857
0.984504
0.991912
0.981587
0.983812
0.985003
0.985715
0.986095
0.986333
0.986457
0.986583
0.986671
0.986811
0.986935
0.987123
0.987298
0.987536
0.987766
0.988086
0.988494
0.989356
0.991075
0.994102
)
;

boundaryField
{
    movingWall
    {
        type            fixedValue;
        value           uniform 1;
    }
    fixedWalls
    {
        type            zeroGradient;
    }
    frontAndBack
    {
        type            empty;
    }
}


// ************************************************************************* //
