/*--------------------------------*- C++ -*----------------------------------*\
| =========                 |                                                 |
| \\      /  F ield         | OpenFOAM: The Open Source CFD Toolbox           |
|  \\    /   O peration     | Version:  2212                                  |
|   \\  /    A nd           | Website:  www.openfoam.com                      |
|    \\/     M anipulation  |                                                 |
\*---------------------------------------------------------------------------*/
FoamFile
{
    version     2.0;
    format      ascii;
    arch        "LSB;label=32;scalar=64";
    class       surfaceScalarField;
    location    "0.7";
    object      phi;
}
// * * * * * * * * * * * * * * * * * * * * * * * * * * * * * * * * * * * * * //

dimensions      [0 3 -1 0 0 0 0];

oriented        oriented;

internalField   nonuniform List<scalar> 
760
(
-3.96034e-08
3.96035e-08
-1.3723e-07
9.7627e-08
-2.58329e-07
1.21099e-07
-3.88437e-07
1.30107e-07
-5.25314e-07
1.36877e-07
-6.70078e-07
1.44764e-07
-8.23217e-07
1.53139e-07
-9.82447e-07
1.59231e-07
-1.14062e-06
1.58174e-07
-1.28333e-06
1.42705e-07
-1.38722e-06
1.03889e-07
-1.42146e-06
3.42466e-08
-1.34989e-06
-7.15738e-08
-1.15511e-06
-1.94776e-07
-8.5017e-07
-3.04943e-07
-4.94081e-07
-3.56088e-07
-1.79014e-07
-3.15068e-07
1.12566e-08
-1.90271e-07
5.50486e-08
-4.3792e-08
5.5049e-08
-1.16079e-07
1.55682e-07
-3.33351e-07
3.14899e-07
-5.92466e-07
3.80214e-07
-8.70844e-07
4.08485e-07
-1.1619e-06
4.27931e-07
-1.46349e-06
4.46355e-07
-1.7718e-06
4.61453e-07
-2.07764e-06
4.65066e-07
-2.3634e-06
4.43935e-07
-2.60066e-06
3.79962e-07
-2.74964e-06
2.52872e-07
-2.7643e-06
4.89075e-08
-2.59853e-06
-2.37347e-07
-2.22689e-06
-5.66415e-07
-1.6772e-06
-8.54635e-07
-1.04192e-06
-9.91362e-07
-4.6557e-07
-8.91422e-07
-8.5579e-08
-5.70262e-07
3.87756e-08
-1.68146e-07
9.38246e-08
-1.62315e-07
3.17997e-07
-4.50102e-07
6.02686e-07
-7.87339e-07
7.17451e-07
-1.1473e-06
7.68445e-07
-1.5215e-06
8.02132e-07
-1.90596e-06
8.30817e-07
-2.29456e-06
8.50047e-07
-2.67522e-06
8.45731e-07
-3.02715e-06
7.95859e-07
-3.31843e-06
6.71244e-07
-3.505e-06
4.39449e-07
-3.535e-06
7.89051e-08
-3.34769e-06
-4.24657e-07
-2.90226e-06
-1.01185e-06
-2.21349e-06
-1.54341e-06
-1.38529e-06
-1.81956e-06
-6.08903e-07
-1.66781e-06
-9.31331e-08
-1.08603e-06
6.60472e-08
-3.27326e-07
1.59872e-07
-1.84587e-07
5.02584e-07
-5.09184e-07
9.27283e-07
-8.87429e-07
1.0957e-06
-1.29021e-06
1.17123e-06
-1.7091e-06
1.22102e-06
-2.14095e-06
1.26267e-06
-2.58117e-06
1.29026e-06
-3.02021e-06
1.28477e-06
-3.44112e-06
1.21677e-06
-3.81673e-06
1.04686e-06
-4.10528e-06
7.28002e-07
-4.24743e-06
2.21056e-07
-4.163e-06
-5.09092e-07
-3.75708e-06
-1.41777e-06
-2.99562e-06
-2.30487e-06
-1.96552e-06
-2.84966e-06
-8.9941e-07
-2.73392e-06
-1.25282e-07
-1.86016e-06
1.1783e-07
-5.70438e-07
2.77702e-07
-1.91031e-07
6.93615e-07
-5.29324e-07
1.26558e-06
-9.24675e-07
1.49105e-06
-1.34734e-06
1.59389e-06
-1.79049e-06
1.66417e-06
-2.25429e-06
1.72648e-06
-2.7395e-06
1.77547e-06
-3.24455e-06
1.78982e-06
-3.76381e-06
1.73603e-06
-4.28494e-06
1.56798e-06
-4.77902e-06
1.22208e-06
-5.17703e-06
6.19072e-07
-5.37633e-06
-3.09791e-07
-5.17543e-06
-1.61867e-06
-4.45636e-06
-3.02393e-06
-3.24703e-06
-4.05899e-06
-1.76347e-06
-4.21748e-06
-4.42044e-07
-3.18159e-06
1.3467e-07
-1.14715e-06
4.12372e-07
-1.86424e-07
8.8004e-07
-5.22168e-07
1.60132e-06
-9.18177e-07
1.88706e-06
-1.34542e-06
2.02114e-06
-1.79972e-06
2.11846e-06
-2.28647e-06
2.21323e-06
-2.81509e-06
2.30409e-06
-3.39751e-06
2.37224e-06
-4.04788e-06
2.38641e-06
-4.78064e-06
2.30074e-06
-5.59327e-06
2.03472e-06
-6.40963e-06
1.43543e-06
-7.04166e-06
3.22238e-07
-7.20179e-06
-1.45854e-06
-6.67022e-06
-3.5555e-06
-5.41231e-06
-5.3169e-06
-3.5178e-06
-6.11199e-06
-1.38643e-06
-5.31295e-06
-2.84438e-08
-2.50514e-06
3.83928e-07
-1.73426e-07
1.05347e-06
-4.94154e-07
1.92205e-06
-8.77742e-07
2.27064e-06
-1.29647e-06
2.43987e-06
-1.74901e-06
2.571e-06
-2.24675e-06
2.71097e-06
-2.80979e-06
2.86713e-06
-3.46778e-06
3.03023e-06
-4.26146e-06
3.18009e-06
-5.23736e-06
3.27664e-06
-6.41316e-06
3.21052e-06
-7.68733e-06
2.70959e-06
-8.73725e-06
1.37216e-06
-9.22473e-06
-9.71066e-07
-8.97539e-06
-3.80485e-06
-7.92617e-06
-6.36612e-06
-5.94183e-06
-8.09633e-06
-3.14982e-06
-8.10496e-06
-5.46967e-07
-5.10799e-06
-1.63039e-07
-1.5364e-07
1.20711e-06
-4.48846e-07
2.21725e-06
-8.0797e-07
2.62977e-06
-1.20431e-06
2.83621e-06
-1.63846e-06
3.00514e-06
-2.12684e-06
3.19935e-06
-2.6994e-06
3.43969e-06
-3.40254e-06
3.73338e-06
-4.29987e-06
4.07741e-06
-5.45298e-06
4.42974e-06
-6.85618e-06
4.61372e-06
-8.33861e-06
4.19202e-06
-9.56828e-06
2.60183e-06
-1.01316e-05
-4.07747e-07
-1.01961e-05
-3.7403e-06
-9.6213e-06
-6.94095e-06
-8.12992e-06
-9.58772e-06
-5.38983e-06
-1.08451e-05
-1.67334e-06
-8.82449e-06
-1.83638e-06
-1.28502e-07
1.33561e-06
-3.89157e-07
2.47791e-06
-7.12137e-07
2.95275e-06
-1.07057e-06
3.19465e-06
-1.4647e-06
3.39927e-06
-1.91246e-06
3.64712e-06
-2.44769e-06
3.97491e-06
-3.12252e-06
4.40821e-06
-4.0025e-06
4.95739e-06
-5.12974e-06
5.55698e-06
-6.44445e-06
5.92843e-06
-7.73346e-06
5.48103e-06
-8.735e-06
3.60337e-06
-9.33635e-06
1.93603e-07
-9.58504e-06
-3.49161e-06
-9.5049e-06
-7.02109e-06
-8.83133e-06
-1.02613e-05
-6.91728e-06
-1.27591e-05
-3.16052e-06
-1.25812e-05
-4.99689e-06
-1.00069e-07
1.43568e-06
-3.19351e-07
2.69719e-06
-5.95716e-07
3.22911e-06
-9.00424e-07
3.49936e-06
-1.23021e-06
3.72905e-06
-1.5991e-06
4.01601e-06
-2.03498e-06
4.41079e-06
-2.5782e-06
4.95144e-06
-3.27124e-06
5.65043e-06
-4.1214e-06
6.40714e-06
-5.04637e-06
6.85341e-06
-5.88061e-06
6.31526e-06
-6.51019e-06
4.23296e-06
-7.04854e-06
7.31951e-07
-7.3897e-06
-3.15046e-06
-7.6243e-06
-6.78649e-06
-7.65197e-06
-1.02336e-05
-6.81103e-06
-1.36e-05
-4.14099e-06
-1.52513e-05
-9.13788e-06
-7.15376e-08
1.50722e-06
-2.46406e-07
2.87206e-06
-4.68822e-07
3.45153e-06
-7.06588e-07
3.73712e-06
-9.50268e-07
3.97273e-06
-1.20518e-06
4.27092e-06
-1.48507e-06
4.69068e-06
-1.80715e-06
5.27352e-06
-2.18325e-06
6.02653e-06
-2.60235e-06
6.82624e-06
-3.02361e-06
7.27467e-06
-3.40116e-06
6.69282e-06
-3.75732e-06
4.58912e-06
-4.18071e-06
1.15534e-06
-4.61025e-06
-2.72091e-06
-5.06171e-06
-6.33503e-06
-5.5649e-06
-9.73042e-06
-5.58684e-06
-1.35781e-05
-3.88929e-06
-1.69488e-05
-1.30272e-05
-4.76167e-08
1.55483e-06
-1.80788e-07
3.00523e-06
-3.47086e-07
3.61783e-06
-5.10328e-07
3.90036e-06
-6.54527e-07
4.11693e-06
-7.75034e-07
4.39142e-06
-8.69586e-07
4.78523e-06
-9.31193e-07
5.33513e-06
-9.47518e-07
6.04285e-06
-9.07059e-07
6.78578e-06
-8.43474e-07
7.21108e-06
-8.48891e-07
6.69823e-06
-9.92174e-07
4.7324e-06
-1.34548e-06
1.50865e-06
-1.90582e-06
-2.16057e-06
-2.58411e-06
-5.65674e-06
-3.45434e-06
-8.8602e-06
-4.10289e-06
-1.29296e-05
-3.13441e-06
-1.79173e-05
-1.61616e-05
-3.42545e-08
1.58909e-06
-1.35976e-07
3.10695e-06
-2.51151e-07
3.733e-06
-3.39821e-07
3.98903e-06
-3.81955e-07
4.15906e-06
-3.66072e-07
4.37554e-06
-2.77234e-07
4.6964e-06
-8.98449e-08
5.14774e-06
2.22048e-07
5.73096e-06
6.50692e-07
6.35714e-06
1.1408e-06
6.72098e-06
1.5308e-06
6.30823e-06
1.62204e-06
4.64117e-06
1.30523e-06
1.82546e-06
6.63341e-07
-1.51869e-06
-2.48546e-07
-4.74486e-06
-1.48064e-06
-7.6281e-06
-2.65434e-06
-1.17559e-05
-2.40409e-06
-1.81676e-05
-1.85657e-05
-4.0306e-08
1.62939e-06
-1.295e-07
3.19615e-06
-2.03471e-07
3.80697e-06
-2.22467e-07
4.00803e-06
-1.68794e-07
4.10539e-06
-2.99872e-08
4.23674e-06
2.11616e-07
4.45479e-06
5.75668e-07
4.78369e-06
1.10064e-06
5.20598e-06
1.80825e-06
5.64952e-06
2.62701e-06
5.90222e-06
3.34514e-06
5.5901e-06
3.67686e-06
4.30945e-06
3.46221e-06
2.04011e-06
2.7076e-06
-7.64079e-07
1.61876e-06
-3.65601e-06
1.8255e-07
-6.19189e-06
-1.35577e-06
-1.02175e-05
-1.70573e-06
-1.78176e-05
-2.02714e-05
-7.70039e-08
1.7064e-06
-1.84547e-07
3.30369e-06
-2.35355e-07
3.85778e-06
-1.91479e-07
3.96415e-06
-4.9575e-08
3.96348e-06
1.92623e-07
3.99454e-06
5.45562e-07
4.10185e-06
1.0375e-06
4.29174e-06
1.69724e-06
4.54625e-06
2.53786e-06
4.8089e-06
3.49807e-06
4.942e-06
4.38632e-06
4.70185e-06
4.90291e-06
3.79286e-06
4.8431e-06
2.09992e-06
4.12211e-06
-4.30857e-08
2.90632e-06
-2.44023e-06
1.28203e-06
-4.5676e-06
-4.60368e-07
-8.47514e-06
-1.17011e-06
-1.71079e-05
-2.14415e-05
-1.58281e-07
1.86468e-06
-3.18188e-07
3.4636e-06
-3.53155e-07
3.89275e-06
-2.52228e-07
3.86323e-06
-3.37034e-08
3.74496e-06
2.92735e-07
3.6681e-06
7.32396e-07
3.66219e-06
1.30225e-06
3.72189e-06
2.01993e-06
3.82858e-06
2.88941e-06
3.93942e-06
3.8606e-06
3.97081e-06
4.78551e-06
3.77694e-06
5.39779e-06
3.18059e-06
5.45158e-06
2.04613e-06
4.88991e-06
5.18584e-07
3.68263e-06
-1.23295e-06
2.07255e-06
-2.95752e-06
3.0899e-07
-6.71158e-06
-5.48866e-07
-1.625e-05
-2.19904e-05
-3.56369e-07
2.22105e-06
-6.86903e-07
3.79413e-06
-6.84692e-07
3.89054e-06
-4.61147e-07
3.63968e-06
-1.26984e-07
3.4108e-06
2.9019e-07
3.25092e-06
7.98814e-07
3.15357e-06
1.41568e-06
3.10503e-06
2.15019e-06
3.09406e-06
3.00038e-06
3.08923e-06
3.91916e-06
3.05204e-06
4.80183e-06
2.89426e-06
5.43677e-06
2.54565e-06
5.59646e-06
1.88644e-06
5.12202e-06
9.93023e-07
4.08069e-06
-1.91616e-07
2.69414e-06
-1.57097e-06
1.35514e-06
-5.37258e-06
2.40888e-07
-1.51358e-05
-2.17495e-05
-3.82407e-07
2.60345e-06
-7.90674e-07
4.2024e-06
-8.8129e-07
3.98115e-06
-7.23506e-07
3.4819e-06
-3.91865e-07
3.07916e-06
5.65383e-08
2.80252e-06
6.11879e-07
2.59823e-06
1.2771e-06
2.4398e-06
2.04007e-06
2.3311e-06
2.89486e-06
2.23444e-06
3.78673e-06
2.16017e-06
4.64976e-06
2.03123e-06
5.33086e-06
1.86455e-06
5.67013e-06
1.54716e-06
5.52585e-06
1.1373e-06
4.92148e-06
4.12752e-07
4.19311e-06
-8.42594e-07
3.24517e-06
-4.42465e-06
1.54456e-06
-1.34351e-05
-2.02049e-05
-3.9208e-06
6.52426e-06
-3.70779e-06
3.98939e-06
-2.44398e-06
2.71735e-06
-1.19722e-06
2.23514e-06
-5.02018e-08
1.93213e-06
1.06839e-06
1.68393e-06
2.17149e-06
1.49513e-06
3.27671e-06
1.33458e-06
4.37725e-06
1.23056e-06
5.48289e-06
1.12879e-06
6.56747e-06
1.07559e-06
7.60713e-06
9.91575e-07
8.52245e-06
9.4923e-07
9.24408e-06
8.2553e-07
9.70647e-06
6.74912e-07
9.82501e-06
2.94215e-07
9.65284e-06
-6.70427e-07
8.93756e-06
-3.70936e-06
5.17272e-06
-9.67031e-06
-1.50322e-05
6.52426e-06
1.05136e-05
1.3231e-05
1.54661e-05
1.73983e-05
1.90822e-05
2.05773e-05
2.19119e-05
2.31425e-05
2.42713e-05
2.53468e-05
2.63384e-05
2.72876e-05
2.81132e-05
2.87881e-05
2.90823e-05
2.84119e-05
2.47025e-05
1.50322e-05
)
;

boundaryField
{
    movingWall
    {
        type            calculated;
        value           uniform 0;
    }
    fixedWalls
    {
        type            calculated;
        value           uniform 0;
    }
    frontAndBack
    {
        type            empty;
        value           nonuniform List<scalar> 0();
    }
}


// ************************************************************************* //
