/*--------------------------------*- C++ -*----------------------------------*\
| =========                 |                                                 |
| \\      /  F ield         | OpenFOAM: The Open Source CFD Toolbox           |
|  \\    /   O peration     | Version:  2212                                  |
|   \\  /    A nd           | Website:  www.openfoam.com                      |
|    \\/     M anipulation  |                                                 |
\*---------------------------------------------------------------------------*/
FoamFile
{
    version     2.0;
    format      ascii;
    arch        "LSB;label=32;scalar=64";
    class       volScalarField;
    location    "0.7";
    object      T;
}
// * * * * * * * * * * * * * * * * * * * * * * * * * * * * * * * * * * * * * //

dimensions      [0 0 0 1 0 0 0];

internalField   nonuniform List<scalar> 
400
(
1.00016e-08
1.00143e-08
1.01246e-08
1.09664e-08
1.66461e-08
5.05272e-08
2.2946e-07
1.06632e-06
4.52717e-06
1.71283e-05
5.71776e-05
0.000166561
0.000416437
0.000869245
0.00146044
0.00189021
0.00180118
0.00121486
0.000586496
0.000262675
1.00081e-08
1.0076e-08
1.07046e-08
1.57511e-08
5.1038e-08
2.66498e-07
1.41944e-06
6.83931e-06
2.92313e-05
0.000110319
0.000365691
0.00105371
0.00259271
0.00528552
0.00858337
0.0106591
0.00971967
0.0062095
0.00276152
0.0011293
1.00375e-08
1.03693e-08
1.35575e-08
3.99116e-08
2.2808e-07
1.39327e-06
7.68158e-06
3.73626e-05
0.000159998
0.000602112
0.00197909
0.00560907
0.0134303
0.0263295
0.0408094
0.0487632
0.0438775
0.0281165
0.0122606
0.00478087
1.01484e-08
1.14966e-08
2.4764e-08
1.3661e-07
9.47357e-07
6.02354e-06
3.36151e-05
0.000164195
0.000701874
0.00261606
0.0084219
0.0230241
0.052208
0.0953473
0.137022
0.155833
0.140999
0.0952853
0.0434059
0.0168088
1.0512e-08
1.5216e-08
6.21886e-08
4.63493e-07
3.40407e-06
2.19547e-05
0.000123092
0.000599964
0.00253618
0.00922775
0.0284818
0.0729253
0.150707
0.245489
0.315106
0.337326
0.312151
0.232973
0.119838
0.0482258
1.15654e-08
2.59347e-08
1.70334e-07
1.41216e-06
1.05557e-05
6.83072e-05
0.00038162
0.00183718
0.00757135
0.0263584
0.0758758
0.175347
0.314979
0.434059
0.482282
0.492924
0.478189
0.407791
0.258375
0.113207
1.42512e-08
5.27866e-08
4.38744e-07
3.74977e-06
2.80288e-05
0.000180098
0.000991855
0.0046548
0.0183861
0.0598552
0.155771
0.311849
0.463271
0.516321
0.503326
0.523551
0.54289
0.537166
0.442855
0.225981
2.01816e-08
1.1024e-07
9.99199e-07
8.52141e-06
6.28368e-05
0.000396211
0.00212403
0.00957632
0.0356159
0.106085
0.243286
0.410684
0.493416
0.448248
0.419713
0.462415
0.501892
0.571914
0.595288
0.41028
3.1154e-08
2.10876e-07
1.93399e-06
1.61065e-05
0.000115462
0.000705193
0.00363755
0.0156044
0.0542859
0.14775
0.300946
0.437665
0.442301
0.352007
0.336805
0.371212
0.407569
0.510147
0.63017
0.635907
4.78186e-08
3.51821e-07
3.13704e-06
2.50644e-05
0.000172376
0.00100963
0.00498377
0.0203657
0.0669844
0.170634
0.321657
0.428674
0.397691
0.306153
0.296141
0.312112
0.327843
0.411997
0.564779
0.697355
6.70775e-08
4.91536e-07
4.22571e-06
3.21465e-05
0.000209948
0.00117196
0.0055383
0.0217705
0.069232
0.171416
0.315847
0.415505
0.391548
0.320176
0.311037
0.310763
0.296944
0.351198
0.505405
0.642695
9.87478e-08
7.55015e-07
5.18467e-06
3.4931e-05
0.000213807
0.00113094
0.00511519
0.019499
0.0611407
0.152139
0.287513
0.397134
0.407155
0.365888
0.354192
0.334564
0.285945
0.306838
0.474346
0.648703
-9.04082e-08
-8.01832e-07
2.8745e-06
3.26175e-05
0.000190045
0.000941023
0.00404502
0.0149234
0.0463701
0.117957
0.235769
0.355504
0.407728
0.401849
0.391081
0.357653
0.28229
0.26648
0.433028
0.634938
1.94094e-06
1.40112e-05
1.95772e-05
3.20122e-05
0.000147896
0.000693134
0.00282349
0.0100279
0.0307511
0.0796538
0.168452
0.279325
0.35947
0.38755
0.386754
0.3516
0.270874
0.240854
0.416879
0.639042
-1.98541e-05
-9.79654e-05
-7.66274e-05
1.16867e-05
0.000134728
0.000509441
0.00184174
0.00612863
0.018197
0.0471476
0.103669
0.18644
0.266961
0.314441
0.327829
0.302398
0.232402
0.205631
0.395769
0.640288
0.000138496
0.00061179
0.000377123
5.87844e-05
-1.17401e-05
0.000198335
0.000994615
0.00337374
0.00975615
0.0249041
0.0556097
0.105676
0.165631
0.213031
0.235999
0.227447
0.183585
0.178204
0.388772
0.647164
-0.0018988
-0.00321683
-0.00147481
-8.52648e-05
0.000504977
0.000808955
0.00124038
0.00238711
0.00539126
0.0124044
0.0268283
0.051794
0.0865625
0.120942
0.144955
0.151101
0.13676
0.157341
0.387509
0.65818
0.0196617
0.0126003
0.00561321
0.000582229
-0.00195719
-0.00308522
-0.00318449
-0.00242041
-0.000614961
0.00293179
0.00939857
0.0206891
0.037742
0.0588921
0.079971
0.0985992
0.115135
0.16524
0.405996
0.673648
-0.155717
-0.0327306
-0.0196072
-0.00469231
0.00879278
0.0227551
0.0358319
0.0487328
0.059452
0.0707609
0.079658
0.0912211
0.101751
0.116956
0.133881
0.156615
0.192006
0.2588
0.465667
0.703201
0.183876
0.265189
0.319072
0.359123
0.389728
0.416375
0.438094
0.459036
0.475644
0.492879
0.505725
0.520273
0.530547
0.543604
0.553004
0.567411
0.580192
0.60919
0.665599
0.770584
)
;

boundaryField
{
    movingWall
    {
        type            fixedValue;
        value           uniform 1;
    }
    fixedWalls
    {
        type            zeroGradient;
    }
    frontAndBack
    {
        type            empty;
    }
}


// ************************************************************************* //
