/*--------------------------------*- C++ -*----------------------------------*\
| =========                 |                                                 |
| \\      /  F ield         | OpenFOAM: The Open Source CFD Toolbox           |
|  \\    /   O peration     | Version:  2212                                  |
|   \\  /    A nd           | Website:  www.openfoam.com                      |
|    \\/     M anipulation  |                                                 |
\*---------------------------------------------------------------------------*/
FoamFile
{
    version     2.0;
    format      ascii;
    arch        "LSB;label=32;scalar=64";
    class       volScalarField;
    location    "5.4";
    object      p;
}
// * * * * * * * * * * * * * * * * * * * * * * * * * * * * * * * * * * * * * //

dimensions      [0 2 -2 0 0 0 0];

internalField   nonuniform List<scalar> 
400
(
1.36189e-07
-0.00015043
-0.000533468
-0.00106945
-0.00172876
-0.0024884
-0.00317799
-0.00358968
-0.00355721
-0.00292655
-0.0015429
0.000621986
0.00325007
0.00551579
0.00654136
0.00593996
0.00402753
0.00217946
0.00114097
0.00107105
0.000116352
-5.76509e-05
-0.000375682
-0.000762083
-0.00124118
-0.00188386
-0.00269971
-0.00353445
-0.00406908
-0.00392739
-0.00283732
-0.000818822
0.00169315
0.00396573
0.00513511
0.0047623
0.00313123
0.00140581
0.000624418
0.000714029
0.0005355
0.000264948
-7.63952e-05
-0.000557754
-0.00134357
-0.00257337
-0.00420666
-0.00596535
-0.00737932
-0.00791889
-0.00724099
-0.00544214
-0.00287525
-0.000179545
0.00180937
0.00245115
0.00173879
0.000535
-0.000362906
-0.00036135
0.00114872
0.000739108
0.000191528
-0.000772279
-0.00244321
-0.00492139
-0.00796785
-0.0110819
-0.0136555
-0.0151242
-0.0151542
-0.0137909
-0.0112505
-0.00799189
-0.00471885
-0.0021775
-0.000837751
-0.000673083
-0.00125506
-0.00188522
0.00157598
0.000968485
-2.42039e-05
-0.00191824
-0.00498913
-0.00914661
-0.013862
-0.01841
-0.0221316
-0.0245589
-0.0254319
-0.0246303
-0.0222802
-0.0186719
-0.0142449
-0.00960633
-0.00555105
-0.00291368
-0.00216084
-0.00398266
0.0012833
0.000438196
-0.00119703
-0.00429086
-0.00897184
-0.014823
-0.0209891
-0.0266068
-0.0310623
-0.0340358
-0.0353974
-0.0350458
-0.0330652
-0.0296041
-0.0248042
-0.0188854
-0.0124479
-0.00690571
-0.00436563
-0.00648485
-5.77192e-05
-0.00115244
-0.00349333
-0.00777091
-0.0138789
-0.0210283
-0.0281168
-0.034257
-0.0389516
-0.0420366
-0.0435166
-0.0434111
-0.0417876
-0.0387157
-0.0341744
-0.0280487
-0.0204578
-0.0126457
-0.00781332
-0.00771237
-0.00245476
-0.00374077
-0.00668248
-0.0118715
-0.0189633
-0.026866
-0.0343484
-0.0405857
-0.0452251
-0.0482278
-0.0496793
-0.0496734
-0.0482889
-0.045574
-0.0414818
-0.035782
-0.0282156
-0.0192932
-0.0117715
-0.00794701
-0.00553308
-0.00690419
-0.0102351
-0.015963
-0.023559
-0.0317456
-0.0392619
-0.0453799
-0.0498664
-0.0527581
-0.0541726
-0.0542143
-0.0529579
-0.0504622
-0.0467387
-0.0416319
-0.0347286
-0.0258462
-0.0166417
-0.0099512
-0.00871919
-0.0100644
-0.0135567
-0.0194678
-0.0271681
-0.0353201
-0.0426952
-0.0486448
-0.053002
-0.0558277
-0.0572344
-0.0573063
-0.0561066
-0.0537078
-0.0501926
-0.045551
-0.0394707
-0.0314014
-0.0222337
-0.0142766
-0.0114812
-0.0127279
-0.0161688
-0.0219691
-0.0294762
-0.0374067
-0.0445921
-0.050414
-0.0547124
-0.0575294
-0.058953
-0.0590447
-0.0578548
-0.0554612
-0.0520071
-0.0476253
-0.0422539
-0.0352476
-0.0270964
-0.0190985
-0.0135216
-0.0145838
-0.0178007
-0.0232261
-0.0302962
-0.0378768
-0.0448787
-0.050659
-0.0549926
-0.057869
-0.0593375
-0.05944
-0.0582179
-0.0557501
-0.0522323
-0.0479098
-0.0430304
-0.0369222
-0.0299283
-0.0223299
-0.0148082
-0.0155326
-0.0182979
-0.0231245
-0.0295648
-0.036701
-0.0435351
-0.0493601
-0.0538297
-0.0568414
-0.0583918
-0.0584994
-0.0572006
-0.0545969
-0.0509088
-0.046444
-0.0418061
-0.0361826
-0.0301344
-0.022817
-0.0154395
-0.0156901
-0.0177302
-0.0216719
-0.0272772
-0.0338738
-0.0405439
-0.0464857
-0.0511948
-0.0544372
-0.0561333
-0.056275
-0.0548745
-0.0520648
-0.0481094
-0.043402
-0.0386048
-0.0330557
-0.0280316
-0.0202247
-0.0155484
-0.0152716
-0.0163019
-0.0190312
-0.0235654
-0.0295066
-0.0359993
-0.0421181
-0.0471688
-0.0507492
-0.0526734
-0.0528785
-0.0514067
-0.0483465
-0.0440341
-0.0389189
-0.0337009
-0.0280299
-0.0242001
-0.014369
-0.0152543
-0.0145297
-0.0142374
-0.0153913
-0.0186278
-0.0238046
-0.0301011
-0.0364419
-0.0419258
-0.045959
-0.0482311
-0.0486101
-0.047118
-0.0438255
-0.0391065
-0.033435
-0.0276109
-0.0216364
-0.0180782
-0.00386309
-0.0146444
-0.0136041
-0.011697
-0.0110702
-0.0129297
-0.0173304
-0.0234484
-0.0300447
-0.0360296
-0.040618
-0.0433689
-0.044053
-0.0426621
-0.0392278
-0.03409
-0.0276542
-0.0207024
-0.0133375
-0.00687041
0.0159785
-0.0145731
-0.0126502
-0.00865167
-0.00624632
-0.00691691
-0.0107328
-0.016773
-0.0236572
-0.0301787
-0.0353894
-0.0387368
-0.0398687
-0.0387305
-0.0353372
-0.0298367
-0.0222779
-0.0129354
-0.000798151
0.0165635
0.0569549
-0.0117922
-0.0118321
-0.00574396
-0.00180637
-0.00179549
-0.00541901
-0.01156
-0.0187629
-0.0257863
-0.0315677
-0.035524
-0.037221
-0.0365598
-0.0332641
-0.0271851
-0.0175644
-0.00323401
0.0203558
0.0605559
0.129701
-0.0295112
-0.0106364
-0.000635279
0.00304049
0.00240769
-0.00158233
-0.00799625
-0.0155139
-0.0228993
-0.0290656
-0.0334038
-0.0354557
-0.0350827
-0.0318692
-0.0251882
-0.0128777
0.00934369
0.0510482
0.122746
0.225969
)
;

boundaryField
{
    movingWall
    {
        type            zeroGradient;
    }
    fixedWalls
    {
        type            zeroGradient;
    }
    frontAndBack
    {
        type            empty;
    }
}


// ************************************************************************* //
