/*--------------------------------*- C++ -*----------------------------------*\
| =========                 |                                                 |
| \\      /  F ield         | OpenFOAM: The Open Source CFD Toolbox           |
|  \\    /   O peration     | Version:  2212                                  |
|   \\  /    A nd           | Website:  www.openfoam.com                      |
|    \\/     M anipulation  |                                                 |
\*---------------------------------------------------------------------------*/
FoamFile
{
    version     2.0;
    format      ascii;
    arch        "LSB;label=32;scalar=64";
    class       volScalarField;
    location    "5.4";
    object      T;
}
// * * * * * * * * * * * * * * * * * * * * * * * * * * * * * * * * * * * * * //

dimensions      [0 0 0 1 0 0 0];

internalField   nonuniform List<scalar> 
400
(
0.637649
0.649512
0.673325
0.708019
0.747423
0.781849
0.804767
0.816445
0.821616
0.824642
0.827114
0.829355
0.831431
0.833145
0.833982
0.833024
0.828757
0.819127
0.804531
0.792469
0.653605
0.667758
0.695955
0.735678
0.77636
0.804722
0.81758
0.822119
0.824275
0.82589
0.827793
0.83043
0.833889
0.837805
0.841015
0.841657
0.836919
0.824449
0.807105
0.794077
0.678261
0.696733
0.73095
0.771619
0.803012
0.816965
0.819676
0.818841
0.816859
0.815322
0.81565
0.81881
0.82484
0.833429
0.84267
0.849543
0.848927
0.835415
0.81188
0.796974
0.702364
0.725352
0.76248
0.796305
0.813307
0.814479
0.808783
0.80053
0.791755
0.785233
0.782851
0.786316
0.79529
0.809994
0.82831
0.846843
0.858917
0.854873
0.827082
0.805085
0.721314
0.747343
0.783025
0.806019
0.809129
0.799236
0.784036
0.766468
0.750095
0.738165
0.732801
0.735895
0.747014
0.766761
0.793579
0.824642
0.853858
0.870374
0.856569
0.821479
0.734672
0.761646
0.792825
0.804257
0.795106
0.774916
0.749943
0.723777
0.701128
0.685011
0.677423
0.679653
0.691682
0.713983
0.745902
0.785591
0.828668
0.866374
0.881208
0.846327
0.743439
0.769493
0.794744
0.79563
0.7762
0.746991
0.713741
0.68129
0.654654
0.636332
0.627785
0.62943
0.641483
0.664274
0.697952
0.741856
0.793102
0.844914
0.884171
0.88119
0.748805
0.772812
0.792283
0.784671
0.757074
0.720531
0.681113
0.644688
0.616017
0.59699
0.588325
0.589771
0.601339
0.623249
0.656187
0.700939
0.75663
0.817742
0.872263
0.900491
0.751781
0.773243
0.787822
0.773993
0.740425
0.698624
0.655225
0.616616
0.587113
0.568065
0.559554
0.560987
0.572079
0.592753
0.623586
0.666322
0.722928
0.790657
0.856134
0.895387
0.753068
0.772021
0.783221
0.765878
0.728727
0.68361
0.637815
0.597972
0.568019
0.548895
0.540292
0.541546
0.552266
0.572095
0.600998
0.640524
0.694865
0.765966
0.842192
0.891877
0.753126
0.769863
0.779145
0.760607
0.722002
0.675463
0.628802
0.588551
0.558318
0.538843
0.529712
0.530372
0.540497
0.559618
0.587079
0.623418
0.673617
0.744644
0.828886
0.889536
0.752245
0.767178
0.775971
0.758754
0.721181
0.675163
0.628895
0.588736
0.558163
0.53801
0.527986
0.527659
0.536769
0.554861
0.580932
0.614332
0.659457
0.728002
0.818506
0.888358
0.750472
0.764059
0.773345
0.759297
0.724855
0.681178
0.63669
0.597548
0.567169
0.546577
0.535671
0.534117
0.54174
0.558105
0.582156
0.61253
0.65205
0.715636
0.810081
0.888279
0.747689
0.760404
0.770855
0.761707
0.732866
0.693814
0.652815
0.61581
0.586236
0.565425
0.553596
0.550452
0.555996
0.569743
0.590738
0.617314
0.650988
0.708368
0.804687
0.889175
0.743713
0.75616
0.767688
0.763655
0.741679
0.709083
0.67347
0.64039
0.613152
0.593237
0.581139
0.576593
0.579692
0.589992
0.606689
0.628575
0.656269
0.70581
0.801648
0.891008
0.738766
0.751193
0.763892
0.765187
0.751416
0.727298
0.69908
0.671654
0.648116
0.630022
0.618045
0.612146
0.612278
0.618247
0.629534
0.645488
0.666899
0.707396
0.801372
0.89389
0.734135
0.746163
0.758431
0.762813
0.755987
0.740677
0.721224
0.701366
0.683548
0.669151
0.65872
0.652477
0.650199
0.651993
0.657875
0.667628
0.683592
0.716601
0.806684
0.898735
0.730782
0.742611
0.755489
0.762005
0.760909
0.753643
0.742736
0.730496
0.718608
0.708206
0.699781
0.693722
0.690089
0.688998
0.691209
0.696291
0.708773
0.735077
0.817134
0.9049
0.696383
0.740035
0.745247
0.749574
0.749647
0.747433
0.743726
0.739907
0.736178
0.733552
0.731773
0.731383
0.732259
0.734251
0.738534
0.743676
0.75642
0.77835
0.842047
0.91545
0.785681
0.812491
0.82754
0.837331
0.843448
0.847849
0.850871
0.853698
0.855951
0.858563
0.860843
0.863672
0.866204
0.869343
0.872207
0.876003
0.880393
0.889347
0.906333
0.937356
)
;

boundaryField
{
    movingWall
    {
        type            fixedValue;
        value           uniform 1;
    }
    fixedWalls
    {
        type            zeroGradient;
    }
    frontAndBack
    {
        type            empty;
    }
}


// ************************************************************************* //
