/*--------------------------------*- C++ -*----------------------------------*\
| =========                 |                                                 |
| \\      /  F ield         | OpenFOAM: The Open Source CFD Toolbox           |
|  \\    /   O peration     | Version:  2212                                  |
|   \\  /    A nd           | Website:  www.openfoam.com                      |
|    \\/     M anipulation  |                                                 |
\*---------------------------------------------------------------------------*/
FoamFile
{
    version     2.0;
    format      ascii;
    arch        "LSB;label=32;scalar=64";
    class       surfaceScalarField;
    location    "3.9";
    object      phi;
}
// * * * * * * * * * * * * * * * * * * * * * * * * * * * * * * * * * * * * * //

dimensions      [0 3 -1 0 0 0 0];

oriented        oriented;

internalField   nonuniform List<scalar> 
760
(
1.5295e-07
-1.5295e-07
2.86919e-07
-1.33969e-07
3.01737e-07
-1.48181e-08
1.75684e-07
1.26054e-07
-1.2606e-07
3.01744e-07
-6.66239e-07
5.40179e-07
-1.47643e-06
8.10191e-07
-2.47155e-06
9.9512e-07
-3.45305e-06
9.81503e-07
-4.19025e-06
7.37202e-07
-4.51625e-06
3.25996e-07
-4.33412e-06
-1.8213e-07
-3.58595e-06
-7.48171e-07
-2.38409e-06
-1.20186e-06
-9.564e-07
-1.42769e-06
3.24813e-07
-1.28121e-06
1.06917e-06
-7.4436e-07
1.0207e-06
4.84743e-08
4.56662e-07
5.64037e-07
4.56662e-07
1.19807e-07
-2.72757e-07
6.53476e-08
-7.95098e-08
-3.05035e-07
3.55564e-07
-1.07972e-06
9.00741e-07
-2.30337e-06
1.52539e-06
-3.89751e-06
2.13432e-06
-5.61631e-06
2.52899e-06
-7.15037e-06
2.52917e-06
-8.27575e-06
2.10688e-06
-8.88196e-06
1.34341e-06
-8.92139e-06
3.65428e-07
-8.37075e-06
-7.32778e-07
-7.26099e-06
-1.85793e-06
-5.62422e-06
-2.83863e-06
-3.60282e-06
-3.44909e-06
-1.4991e-06
-3.38493e-06
1.62481e-07
-2.40594e-06
8.4585e-07
-6.34895e-07
5.20405e-07
8.89482e-07
9.77067e-07
-1.31164e-07
-1.41593e-07
-6.36358e-07
4.25685e-07
-1.61863e-06
1.33784e-06
-3.11868e-06
2.40079e-06
-5.01412e-06
3.42083e-06
-7.01109e-06
4.13129e-06
-8.79764e-06
4.31554e-06
-1.01935e-05
3.92504e-06
-1.11459e-05
3.05932e-06
-1.16469e-05
1.8444e-06
-1.16463e-05
3.6477e-07
-1.11945e-05
-1.18455e-06
-1.02725e-05
-2.77988e-06
-8.82598e-06
-4.2852e-06
-6.83424e-06
-5.44082e-06
-4.38535e-06
-5.83382e-06
-1.87589e-06
-4.91541e-06
-9.15827e-08
-2.4192e-06
2.92277e-07
5.05622e-07
1.26934e-06
-4.98071e-07
3.56477e-07
-1.54889e-06
1.47651e-06
-3.09182e-06
2.88076e-06
-5.03237e-06
4.34134e-06
-7.11554e-06
5.50401e-06
-9.03744e-06
6.05319e-06
-1.05964e-05
5.87448e-06
-1.17484e-05
5.077e-06
-1.25207e-05
3.83169e-06
-1.29483e-05
2.27199e-06
-1.30173e-05
4.33737e-07
-1.27837e-05
-1.41813e-06
-1.22103e-05
-3.35327e-06
-1.11951e-05
-5.30042e-06
-9.60676e-06
-7.02914e-06
-7.32076e-06
-8.11982e-06
-4.37533e-06
-7.86084e-06
-1.37464e-06
-5.41988e-06
1.1844e-07
-9.87462e-07
1.38778e-06
-8.53135e-07
1.20961e-06
-2.33671e-06
2.96008e-06
-4.1869e-06
4.73096e-06
-6.21286e-06
6.3673e-06
-8.13765e-06
7.4288e-06
-9.73985e-06
7.65538e-06
-1.09414e-05
7.076e-06
-1.17675e-05
5.90313e-06
-1.22799e-05
4.34409e-06
-1.25517e-05
2.54376e-06
-1.2673e-05
5.55113e-07
-1.2633e-05
-1.45821e-06
-1.24213e-05
-3.5649e-06
-1.19582e-05
-5.7635e-06
-1.10569e-05
-7.93053e-06
-9.42948e-06
-9.7472e-06
-6.77874e-06
-1.05116e-05
-3.20455e-06
-8.99407e-06
-2.6222e-07
-3.92979e-06
1.12556e-06
-1.07288e-06
2.28249e-06
-2.75046e-06
4.63766e-06
-4.62298e-06
6.60348e-06
-6.46218e-06
8.20649e-06
-8.04589e-06
9.01251e-06
-9.24247e-06
8.85196e-06
-1.00459e-05
7.87945e-06
-1.05203e-05
6.37754e-06
-1.07561e-05
4.57989e-06
-1.08541e-05
2.6417e-06
-1.09359e-05
6.36959e-07
-1.09917e-05
-1.40238e-06
-1.10357e-05
-3.52094e-06
-1.10374e-05
-5.76179e-06
-1.08415e-05
-8.12642e-06
-1.01197e-05
-1.0469e-05
-8.37929e-06
-1.2252e-05
-5.20855e-06
-1.21648e-05
-1.15229e-06
-7.98605e-06
-2.67223e-08
-1.09456e-06
3.37706e-06
-2.72222e-06
6.26532e-06
-4.40111e-06
8.28237e-06
-5.9212e-06
9.72658e-06
-7.12312e-06
1.02144e-05
-7.94294e-06
9.67178e-06
-8.41633e-06
8.35283e-06
-8.62949e-06
6.59071e-06
-8.68657e-06
4.63696e-06
-8.68639e-06
2.64152e-06
-8.7138e-06
6.6437e-07
-8.78924e-06
-1.32695e-06
-8.932e-06
-3.37818e-06
-9.15247e-06
-5.54132e-06
-9.39134e-06
-7.88755e-06
-9.41406e-06
-1.04463e-05
-8.70026e-06
-1.29658e-05
-6.49654e-06
-1.43685e-05
-2.40624e-06
-1.20763e-05
-2.43297e-06
-9.21056e-07
4.29811e-06
-2.31503e-06
7.6593e-06
-3.68695e-06
9.65429e-06
-4.85374e-06
1.08934e-05
-5.71409e-06
1.10748e-05
-6.24942e-06
1.02071e-05
-6.51513e-06
8.61855e-06
-6.60186e-06
6.67743e-06
-6.60701e-06
4.64212e-06
-6.60583e-06
2.64034e-06
-6.63653e-06
6.95073e-07
-6.71727e-06
-1.24621e-06
-6.8696e-06
-3.22585e-06
-7.12381e-06
-5.28711e-06
-7.4951e-06
-7.51625e-06
-7.88838e-06
-1.0053e-05
-7.88956e-06
-1.29647e-05
-6.68132e-06
-1.55768e-05
-3.56071e-06
-1.5197e-05
-5.99368e-06
-6.14242e-07
4.91236e-06
-1.66328e-06
8.70833e-06
-2.68504e-06
1.0676e-05
-3.5146e-06
1.17229e-05
-4.0957e-06
1.16559e-05
-4.43708e-06
1.05485e-05
-4.59649e-06
8.77796e-06
-4.65252e-06
6.73346e-06
-4.67887e-06
4.66847e-06
-4.72115e-06
2.68262e-06
-4.79068e-06
7.64609e-07
-4.89466e-06
-1.14223e-06
-5.04366e-06
-3.07686e-06
-5.26695e-06
-5.06382e-06
-5.61947e-06
-7.16373e-06
-6.11205e-06
-9.5604e-06
-6.5204e-06
-1.25563e-05
-6.10018e-06
-1.5997e-05
-3.90356e-06
-1.73936e-05
-9.89723e-06
-2.27427e-07
5.13978e-06
-8.79328e-07
9.36024e-06
-1.54335e-06
1.13401e-05
-2.06635e-06
1.22459e-05
-2.41976e-06
1.20093e-05
-2.6271e-06
1.07558e-05
-2.73621e-06
8.88707e-06
-2.80073e-06
6.79799e-06
-2.8665e-06
4.73424e-06
-2.95656e-06
2.77267e-06
-3.07393e-06
8.81987e-07
-3.21863e-06
-9.97543e-07
-3.39137e-06
-2.90412e-06
-3.60532e-06
-4.84987e-06
-3.91314e-06
-6.85591e-06
-4.39634e-06
-9.0772e-06
-4.99696e-06
-1.19557e-05
-5.1065e-06
-1.58874e-05
-3.54676e-06
-1.89533e-05
-1.3444e-05
1.62344e-07
4.97744e-06
-6.73954e-08
9.58997e-06
-3.96341e-07
1.1669e-05
-6.43761e-07
1.24933e-05
-7.94907e-07
1.21605e-05
-8.80566e-07
1.08415e-05
-9.40421e-07
8.94693e-06
-1.00679e-06
6.86435e-06
-1.09674e-06
4.82419e-06
-1.218e-06
2.89393e-06
-1.37267e-06
1.03666e-06
-1.56286e-06
-8.07359e-07
-1.78772e-06
-2.67925e-06
-2.04618e-06
-4.59141e-06
-2.3676e-06
-6.5345e-06
-2.84677e-06
-8.59803e-06
-3.5445e-06
-1.12579e-05
-4.01743e-06
-1.54145e-05
-3.02054e-06
-1.99502e-05
-1.64645e-05
4.94066e-07
4.48337e-06
6.90009e-07
9.39403e-06
7.32778e-07
1.16262e-05
7.68695e-07
1.24574e-05
8.1467e-07
1.21145e-05
8.44823e-07
1.08113e-05
8.38718e-07
8.95303e-06
7.87763e-07
6.9153e-06
6.93824e-07
4.91813e-06
5.59154e-07
3.0286e-06
3.79545e-07
1.21627e-06
1.48774e-07
-5.76587e-07
-1.35522e-07
-2.39496e-06
-4.80004e-07
-4.24693e-06
-8.90799e-07
-6.1237e-06
-1.41573e-06
-8.07311e-06
-2.20197e-06
-1.04717e-05
-2.95636e-06
-1.46601e-05
-2.46235e-06
-2.04442e-05
-1.89269e-05
7.44638e-07
3.73874e-06
1.33539e-06
8.80328e-06
1.72405e-06
1.12376e-05
2.05084e-06
1.21306e-05
2.32257e-06
1.18427e-05
2.50794e-06
1.0626e-05
2.59769e-06
8.86328e-06
2.60243e-06
6.91056e-06
2.53707e-06
4.98349e-06
2.41012e-06
3.15555e-06
2.21559e-06
1.4108e-06
1.93954e-06
-3.00536e-07
1.58068e-06
-2.0361e-06
1.13401e-06
-3.80025e-06
5.94031e-07
-5.58372e-06
-9.33642e-08
-7.38571e-06
-9.68161e-07
-9.59691e-06
-1.93182e-06
-1.36965e-05
-1.93124e-06
-2.04448e-05
-2.08581e-05
8.5635e-07
2.88239e-06
1.7839e-06
7.87573e-06
2.51764e-06
1.05038e-05
3.15277e-06
1.14955e-05
3.69608e-06
1.12994e-05
4.10334e-06
1.02187e-05
4.35758e-06
8.60904e-06
4.47266e-06
6.79549e-06
4.47266e-06
4.98349e-06
4.37413e-06
3.25408e-06
4.17597e-06
1.60896e-06
3.85205e-06
2.33835e-08
3.41283e-06
-1.59688e-06
2.83764e-06
-3.22506e-06
2.12552e-06
-4.8716e-06
1.29245e-06
-6.55265e-06
2.4517e-07
-8.54962e-06
-9.77293e-07
-1.2474e-05
-1.43629e-06
-1.99858e-05
-2.22944e-05
7.92383e-07
2.09e-06
1.92382e-06
6.74429e-06
2.95465e-06
9.47301e-06
3.91898e-06
1.05312e-05
4.78876e-06
1.04297e-05
5.49718e-06
9.51028e-06
6.00422e-06
8.102e-06
6.31269e-06
6.48702e-06
6.44457e-06
4.85161e-06
6.41973e-06
3.27892e-06
6.23868e-06
1.79001e-06
5.89451e-06
3.67554e-07
5.36212e-06
-1.0645e-06
4.64326e-06
-2.5062e-06
3.73e-06
-3.95834e-06
2.65024e-06
-5.47288e-06
1.35968e-06
-7.25907e-06
-1.71211e-07
-1.09431e-05
-9.25585e-07
-1.92314e-05
-2.322e-05
5.67008e-07
1.523e-06
1.7307e-06
5.5806e-06
3.05357e-06
8.15014e-06
4.39116e-06
9.19358e-06
5.64626e-06
9.17456e-06
6.71993e-06
8.43661e-06
7.54613e-06
7.2758e-06
8.11198e-06
5.92118e-06
8.43058e-06
4.533e-06
8.52022e-06
3.18928e-06
8.38833e-06
1.9219e-06
8.03327e-06
7.22616e-07
7.41199e-06
-4.43211e-07
6.54039e-06
-1.63461e-06
5.40527e-06
-2.82322e-06
4.04762e-06
-4.11523e-06
2.5337e-06
-5.74515e-06
9.28678e-07
-9.33809e-06
-1.57572e-07
-1.81452e-05
-2.33776e-05
1.46121e-07
1.37687e-06
1.01701e-06
4.70971e-06
2.47688e-06
6.69027e-06
4.18206e-06
7.48841e-06
5.88914e-06
7.46748e-06
7.41116e-06
6.9146e-06
8.64506e-06
6.0419e-06
9.56102e-06
5.00522e-06
1.01544e-05
3.9396e-06
1.04382e-05
2.90553e-06
1.04187e-05
1.94142e-06
1.01022e-05
1.03907e-06
9.44783e-06
2.11163e-07
8.46958e-06
-6.56354e-07
7.1626e-06
-1.51624e-06
5.57653e-06
-2.52916e-06
3.86897e-06
-4.03759e-06
2.21532e-06
-7.68444e-06
6.43337e-07
-1.65732e-05
-2.27342e-05
-5.1274e-07
1.88962e-06
1.92329e-07
4.00464e-06
1.72813e-06
5.15446e-06
3.77035e-06
5.44619e-06
5.90591e-06
5.33191e-06
7.85038e-06
4.97013e-06
9.467e-06
4.42528e-06
1.07147e-05
3.75753e-06
1.15759e-05
3.07837e-06
1.20682e-05
2.41326e-06
1.21962e-05
1.8134e-06
1.19805e-05
1.25474e-06
1.14417e-05
7.50004e-07
1.05558e-05
2.2952e-07
9.3265e-06
-2.86937e-07
7.82157e-06
-1.02423e-06
6.22692e-06
-2.44294e-06
4.43504e-06
-5.89257e-06
2.0466e-06
-1.41848e-05
-2.06876e-05
-4.17443e-06
6.06404e-06
-3.63941e-06
3.46963e-06
-1.25754e-06
2.77259e-06
1.52282e-06
2.66583e-06
4.24347e-06
2.61126e-06
6.76029e-06
2.4533e-06
8.96191e-06
2.22367e-06
1.0789e-05
1.93048e-06
1.22239e-05
1.64341e-06
1.3294e-05
1.34318e-06
1.40165e-05
1.09093e-06
1.44356e-05
8.35601e-07
1.45404e-05
6.45202e-07
1.43418e-05
4.28091e-07
1.38287e-05
2.26178e-07
1.3016e-05
-2.11509e-07
1.18955e-05
-1.32243e-06
1.01016e-05
-4.09863e-06
5.63345e-06
-9.71665e-06
-1.50542e-05
6.06404e-06
9.53367e-06
1.23063e-05
1.49721e-05
1.75834e-05
2.00367e-05
2.22603e-05
2.41908e-05
2.58342e-05
2.71774e-05
2.82683e-05
2.91039e-05
2.97491e-05
3.01772e-05
3.04034e-05
3.01919e-05
2.88695e-05
2.47708e-05
1.50542e-05
)
;

boundaryField
{
    movingWall
    {
        type            calculated;
        value           uniform 0;
    }
    fixedWalls
    {
        type            calculated;
        value           uniform 0;
    }
    frontAndBack
    {
        type            empty;
        value           nonuniform List<scalar> 0();
    }
}


// ************************************************************************* //
