/*--------------------------------*- C++ -*----------------------------------*\
| =========                 |                                                 |
| \\      /  F ield         | OpenFOAM: The Open Source CFD Toolbox           |
|  \\    /   O peration     | Version:  2212                                  |
|   \\  /    A nd           | Website:  www.openfoam.com                      |
|    \\/     M anipulation  |                                                 |
\*---------------------------------------------------------------------------*/
FoamFile
{
    version     2.0;
    format      ascii;
    arch        "LSB;label=32;scalar=64";
    class       volScalarField;
    location    "3.9";
    object      T;
}
// * * * * * * * * * * * * * * * * * * * * * * * * * * * * * * * * * * * * * //

dimensions      [0 0 0 1 0 0 0];

internalField   nonuniform List<scalar> 
400
(
0.414147
0.4345
0.475201
0.534244
0.601268
0.660057
0.699493
0.719811
0.728939
0.734205
0.738137
0.741191
0.743454
0.744524
0.743595
0.739103
0.728493
0.70791
0.6778
0.653046
0.440857
0.465314
0.513757
0.581614
0.651179
0.700298
0.723604
0.73308
0.738506
0.742588
0.746354
0.750345
0.754586
0.758392
0.760028
0.756547
0.74358
0.71722
0.682261
0.655911
0.482503
0.514636
0.573793
0.643958
0.699031
0.725651
0.734147
0.737043
0.737667
0.737976
0.739818
0.744443
0.751951
0.761799
0.771297
0.775801
0.767359
0.737178
0.690605
0.661053
0.523806
0.564067
0.629025
0.689074
0.722115
0.730076
0.727525
0.720785
0.71223
0.70566
0.703546
0.708172
0.719325
0.737322
0.75948
0.780867
0.791293
0.77493
0.718918
0.676196
0.556929
0.603034
0.666969
0.710926
0.723524
0.71628
0.701178
0.681882
0.663164
0.64939
0.643156
0.646861
0.660175
0.684131
0.717254
0.756145
0.792269
0.808495
0.774711
0.707335
0.580874
0.629489
0.68768
0.714815
0.710128
0.689258
0.661434
0.631204
0.60502
0.586486
0.577727
0.580093
0.593659
0.619434
0.657431
0.70629
0.761059
0.8095
0.823205
0.754756
0.59717
0.645281
0.695573
0.707767
0.68915
0.656783
0.618789
0.581546
0.551638
0.531465
0.522179
0.523844
0.536739
0.561742
0.599966
0.651845
0.715086
0.781871
0.833645
0.820259
0.607637
0.65322
0.695707
0.696215
0.666981
0.625693
0.580732
0.539842
0.5088
0.488829
0.479969
0.481387
0.493122
0.515961
0.551718
0.602718
0.669442
0.7463
0.818346
0.857045
0.613917
0.655901
0.691784
0.68407
0.647353
0.599922
0.550868
0.508489
0.477568
0.458423
0.4502
0.451638
0.462432
0.483014
0.515011
0.561891
0.627889
0.711484
0.796395
0.849851
0.617103
0.655152
0.686325
0.674179
0.63318
0.582039
0.530727
0.487697
0.45698
0.438305
0.430285
0.431586
0.441796
0.461033
0.490125
0.532083
0.593752
0.680076
0.778249
0.845221
0.617975
0.652199
0.680553
0.66723
0.624675
0.571972
0.519896
0.47669
0.445894
0.427026
0.418557
0.419281
0.428842
0.447219
0.474467
0.512207
0.56789
0.652785
0.760392
0.842041
0.617031
0.64772
0.674842
0.663589
0.622631
0.570591
0.518916
0.475639
0.44423
0.424461
0.414984
0.41474
0.423397
0.440891
0.466816
0.501217
0.550462
0.631508
0.746707
0.840463
0.614402
0.642077
0.669114
0.662349
0.625657
0.576343
0.526377
0.483668
0.451817
0.431058
0.42039
0.418895
0.426258
0.442336
0.466553
0.497956
0.540647
0.615141
0.735192
0.84033
0.609925
0.635162
0.662562
0.662285
0.633054
0.589346
0.543061
0.502035
0.47018
0.448409
0.436292
0.433079
0.438546
0.452379
0.473943
0.501771
0.538111
0.605038
0.727719
0.841515
0.603326
0.627347
0.655
0.661284
0.641084
0.605309
0.565015
0.527763
0.497606
0.47598
0.463005
0.458123
0.461198
0.47182
0.489344
0.512624
0.542691
0.600386
0.723065
0.843953
0.594826
0.618145
0.645828
0.658475
0.648977
0.623976
0.59253
0.56148
0.534886
0.514595
0.501211
0.494558
0.494456
0.500649
0.512691
0.529911
0.55351
0.600857
0.722132
0.847823
0.586903
0.609785
0.635758
0.651274
0.650212
0.63619
0.615457
0.593321
0.573152
0.556764
0.54484
0.537581
0.534771
0.536421
0.542715
0.553361
0.571507
0.610644
0.728393
0.854377
0.580996
0.602409
0.628134
0.645205
0.650742
0.64661
0.636486
0.623663
0.610595
0.598836
0.58918
0.582087
0.577817
0.576377
0.578952
0.584863
0.600164
0.63278
0.741875
0.862838
0.532259
0.603261
0.61534
0.626392
0.630867
0.631592
0.629729
0.627179
0.624328
0.622575
0.621662
0.622334
0.624494
0.627922
0.634279
0.641592
0.658958
0.688475
0.775036
0.877372
0.668769
0.710905
0.735093
0.751395
0.762201
0.770345
0.776332
0.781858
0.786384
0.791278
0.79553
0.800474
0.804825
0.810014
0.81462
0.820587
0.827075
0.840048
0.863706
0.9081
)
;

boundaryField
{
    movingWall
    {
        type            fixedValue;
        value           uniform 1;
    }
    fixedWalls
    {
        type            zeroGradient;
    }
    frontAndBack
    {
        type            empty;
    }
}


// ************************************************************************* //
