/*--------------------------------*- C++ -*----------------------------------*\
| =========                 |                                                 |
| \\      /  F ield         | OpenFOAM: The Open Source CFD Toolbox           |
|  \\    /   O peration     | Version:  2212                                  |
|   \\  /    A nd           | Website:  www.openfoam.com                      |
|    \\/     M anipulation  |                                                 |
\*---------------------------------------------------------------------------*/
FoamFile
{
    version     2.0;
    format      ascii;
    arch        "LSB;label=32;scalar=64";
    class       volScalarField;
    location    "17.7";
    object      T;
}
// * * * * * * * * * * * * * * * * * * * * * * * * * * * * * * * * * * * * * //

dimensions      [0 0 0 1 0 0 0];

internalField   nonuniform List<scalar> 
400
(
0.977106
0.977585
0.978556
0.979993
0.981672
0.983209
0.984316
0.984964
0.985317
0.985558
0.985778
0.986005
0.986249
0.986502
0.986724
0.986854
0.986788
0.986419
0.985806
0.985304
0.977717
0.978304
0.979479
0.981164
0.982951
0.984273
0.984925
0.985154
0.985232
0.985291
0.985412
0.985645
0.986006
0.986476
0.986959
0.987313
0.987317
0.986806
0.985999
0.985419
0.978669
0.979459
0.980924
0.98269
0.984083
0.984675
0.984649
0.984358
0.983995
0.98372
0.983673
0.98395
0.984555
0.985469
0.986527
0.98749
0.987955
0.98752
0.986354
0.985631
0.979602
0.980602
0.982201
0.983632
0.984239
0.983957
0.983158
0.982142
0.981139
0.980398
0.980108
0.980429
0.98132
0.982802
0.984671
0.986637
0.988166
0.988552
0.987263
0.986127
0.980319
0.981439
0.98291
0.983701
0.983373
0.982143
0.980424
0.978533
0.976804
0.975543
0.974974
0.975282
0.976418
0.978422
0.981112
0.984198
0.98714
0.989103
0.988894
0.987045
0.98079
0.981901
0.983032
0.983035
0.981735
0.979525
0.976848
0.9741
0.971704
0.969984
0.969167
0.969402
0.970686
0.973041
0.976346
0.980354
0.984589
0.988267
0.990102
0.988387
0.981047
0.982035
0.982702
0.981906
0.979696
0.97658
0.973048
0.969597
0.966701
0.964675
0.963709
0.96388
0.965212
0.967713
0.971339
0.975935
0.981117
0.986161
0.98991
0.990313
0.981152
0.981961
0.982163
0.980664
0.977672
0.973781
0.969563
0.965605
0.962393
0.960214
0.95919
0.959335
0.960653
0.963142
0.966812
0.971647
0.977437
0.983532
0.98873
0.991343
0.981152
0.98177
0.981564
0.979503
0.975905
0.971437
0.966739
0.962453
0.959062
0.956809
0.955762
0.955896
0.957187
0.959605
0.963156
0.967927
0.973971
0.980857
0.987218
0.990872
0.981088
0.981549
0.981064
0.978652
0.974664
0.969812
0.964801
0.960304
0.956795
0.95448
0.95339
0.953494
0.954754
0.957111
0.960516
0.965056
0.971019
0.978382
0.985849
0.990515
0.980982
0.981335
0.980695
0.978116
0.973939
0.968913
0.96377
0.959184
0.955605
0.953219
0.95205
0.952078
0.953273
0.955563
0.958839
0.963101
0.968746
0.976239
0.984578
0.990287
0.980846
0.98115
0.980507
0.977989
0.973865
0.968875
0.963757
0.959169
0.955545
0.953074
0.951796
0.951702
0.952773
0.95494
0.95806
0.962022
0.967202
0.974545
0.983559
0.990163
0.980678
0.980984
0.980436
0.978143
0.974271
0.969518
0.964604
0.960151
0.956576
0.954072
0.952699
0.952459
0.953346
0.955297
0.958165
0.961781
0.966392
0.973305
0.982756
0.990149
0.980466
0.980824
0.980476
0.978591
0.975201
0.97091
0.966388
0.962213
0.958778
0.956292
0.954836
0.954414
0.955044
0.956665
0.959151
0.962307
0.966276
0.972585
0.982237
0.990225
0.98019
0.980625
0.980474
0.979034
0.976245
0.972591
0.968664
0.964969
0.961859
0.959531
0.958081
0.95751
0.957847
0.959045
0.961005
0.963596
0.96688
0.972378
0.981968
0.990393
0.979863
0.980395
0.980502
0.979581
0.977523
0.974672
0.971508
0.96845
0.9658
0.963731
0.962339
0.96164
0.961641
0.962331
0.963653
0.965543
0.968083
0.972603
0.98196
0.990658
0.979537
0.980061
0.980251
0.979708
0.978324
0.976324
0.974044
0.971791
0.969782
0.968155
0.966968
0.966257
0.966
0.966224
0.966924
0.968094
0.969966
0.973625
0.982507
0.991109
0.979306
0.979945
0.980331
0.980108
0.979326
0.978119
0.976681
0.975202
0.973818
0.972631
0.971679
0.971007
0.970608
0.970509
0.970773
0.971375
0.97275
0.975562
0.98353
0.991677
0.976181
0.979244
0.97923
0.979116
0.978693
0.978133
0.977495
0.976901
0.976356
0.975954
0.975659
0.975524
0.975531
0.975668
0.976041
0.976518
0.977743
0.979877
0.985919
0.99265
0.983271
0.985293
0.986374
0.987021
0.987366
0.987582
0.987694
0.987809
0.987889
0.988016
0.988129
0.988299
0.988458
0.988674
0.988883
0.989173
0.989544
0.990327
0.99189
0.994641
)
;

boundaryField
{
    movingWall
    {
        type            fixedValue;
        value           uniform 1;
    }
    fixedWalls
    {
        type            zeroGradient;
    }
    frontAndBack
    {
        type            empty;
    }
}


// ************************************************************************* //
