/*--------------------------------*- C++ -*----------------------------------*\
| =========                 |                                                 |
| \\      /  F ield         | OpenFOAM: The Open Source CFD Toolbox           |
|  \\    /   O peration     | Version:  2212                                  |
|   \\  /    A nd           | Website:  www.openfoam.com                      |
|    \\/     M anipulation  |                                                 |
\*---------------------------------------------------------------------------*/
FoamFile
{
    version     2.0;
    format      ascii;
    arch        "LSB;label=32;scalar=64";
    class       surfaceScalarField;
    location    "8.1";
    object      phi;
}
// * * * * * * * * * * * * * * * * * * * * * * * * * * * * * * * * * * * * * //

dimensions      [0 3 -1 0 0 0 0];

oriented        oriented;

internalField   nonuniform List<scalar> 
760
(
1.56036e-07
-1.56092e-07
2.93536e-07
-1.375e-07
3.09879e-07
-1.63429e-08
1.83571e-07
1.26308e-07
-1.2039e-07
3.03962e-07
-6.65941e-07
5.4555e-07
-1.48516e-06
8.19221e-07
-2.49061e-06
1.00545e-06
-3.47999e-06
9.89377e-07
-4.21995e-06
7.39966e-07
-4.54363e-06
3.23677e-07
-4.35345e-06
-1.90181e-07
-3.59375e-06
-7.59698e-07
-2.37918e-06
-1.21457e-06
-9.40375e-07
-1.43881e-06
3.4732e-07
-1.2877e-06
1.08958e-06
-7.42264e-07
1.03289e-06
5.66988e-08
4.60931e-07
5.71954e-07
4.60931e-07
1.24973e-07
-2.81065e-07
7.44742e-08
-8.70012e-08
-2.97153e-07
3.55284e-07
-1.07895e-06
9.08105e-07
-2.31581e-06
1.54082e-06
-3.92704e-06
2.15678e-06
-5.66171e-06
2.55389e-06
-7.20627e-06
2.55001e-06
-8.3361e-06
2.1192e-06
-8.94145e-06
1.34532e-06
-8.97546e-06
3.57683e-07
-8.41561e-06
-7.50033e-07
-7.29324e-06
-1.88206e-06
-5.64188e-06
-2.86593e-06
-3.6059e-06
-3.4748e-06
-1.49047e-06
-3.40312e-06
1.78403e-07
-2.41114e-06
8.58754e-07
-6.23651e-07
5.2562e-07
9.05088e-07
9.86551e-07
-1.27659e-07
-1.53406e-07
-6.33991e-07
4.19331e-07
-1.6249e-06
1.34619e-06
-3.14123e-06
2.42444e-06
-5.057e-06
3.45659e-06
-7.07256e-06
4.17235e-06
-8.87242e-06
4.35374e-06
-1.02765e-05
3.9541e-06
-1.12332e-05
3.07587e-06
-1.17347e-05
1.84684e-06
-1.17288e-05
3.51798e-07
-1.127e-05
-1.20883e-06
-1.03375e-05
-2.81458e-06
-8.8771e-06
-4.32633e-06
-6.86912e-06
-5.48277e-06
-4.40304e-06
-5.8692e-06
-1.87878e-06
-4.9354e-06
-8.65216e-08
-2.41591e-06
2.94644e-07
5.23922e-07
1.28119e-06
-5.00515e-07
3.47109e-07
-1.55989e-06
1.47871e-06
-3.11919e-06
2.90549e-06
-5.0808e-06
4.38605e-06
-7.18437e-06
5.56016e-06
-9.12208e-06
6.11006e-06
-1.06917e-05
5.92336e-06
-1.18507e-05
5.11313e-06
-1.26272e-05
3.85237e-06
-1.30558e-05
2.27542e-06
-1.31209e-05
4.16891e-07
-1.28815e-05
-1.44824e-06
-1.22989e-05
-3.39722e-06
-1.12712e-05
-5.35399e-06
-9.66779e-06
-7.08618e-06
-7.364e-06
-8.17299e-06
-4.39847e-06
-7.90093e-06
-1.37807e-06
-5.43631e-06
1.20685e-07
-9.74829e-07
1.40188e-06
-8.61853e-07
1.20896e-06
-2.36143e-06
2.97828e-06
-4.23224e-06
4.7763e-06
-6.27928e-06
6.43309e-06
-8.22139e-06
7.50227e-06
-9.83588e-06
7.72455e-06
-1.10461e-05
7.13355e-06
-1.18785e-05
5.94556e-06
-1.2395e-05
4.36883e-06
-1.26681e-05
2.54855e-06
-1.27887e-05
5.37471e-07
-1.27431e-05
-1.49378e-06
-1.25226e-05
-3.61769e-06
-1.20483e-05
-5.82833e-06
-1.11339e-05
-8.0006e-06
-9.49145e-06
-9.81542e-06
-6.82156e-06
-1.05708e-05
-3.22276e-06
-9.03511e-06
-2.61209e-07
-3.93638e-06
1.14067e-06
-1.08693e-06
2.29589e-06
-2.78421e-06
4.67557e-06
-4.67771e-06
6.66981e-06
-6.53548e-06
8.29086e-06
-8.13321e-06
9.09999e-06
-9.33988e-06
8.93122e-06
-1.01515e-05
7.94516e-06
-1.06331e-05
6.4272e-06
-1.0875e-05
4.61074e-06
-1.09769e-05
2.6504e-06
-1.106e-05
6.20631e-07
-1.11107e-05
-1.44314e-06
-1.1145e-05
-3.58336e-06
-1.11342e-05
-5.83919e-06
-1.09247e-05
-8.21001e-06
-1.01898e-05
-1.05503e-05
-8.43508e-06
-1.23256e-05
-5.24446e-06
-1.22257e-05
-1.15859e-06
-8.02225e-06
-1.792e-08
-1.111e-06
3.40689e-06
-2.75882e-06
6.32339e-06
-4.45652e-06
8.36751e-06
-5.9923e-06
9.82664e-06
-7.20606e-06
1.03138e-05
-8.03549e-06
9.76064e-06
-8.51833e-06
8.428e-06
-8.74156e-06
6.65044e-06
-8.80867e-06
4.67784e-06
-8.81639e-06
2.65812e-06
-8.84686e-06
6.51104e-07
-8.91829e-06
-1.37171e-06
-9.05062e-06
-3.45103e-06
-9.2555e-06
-5.63431e-06
-9.47688e-06
-7.98863e-06
-9.48392e-06
-1.05433e-05
-8.75792e-06
-1.30516e-05
-6.54045e-06
-1.44432e-05
-2.42465e-06
-1.2138e-05
-2.44257e-06
-9.3638e-07
4.34327e-06
-2.34845e-06
7.73546e-06
-3.73613e-06
9.75519e-06
-4.91593e-06
1.10064e-05
-5.7869e-06
1.11847e-05
-6.33223e-06
1.0306e-05
-6.60912e-06
8.70488e-06
-6.70855e-06
6.74987e-06
-6.72638e-06
4.69568e-06
-6.73536e-06
2.6671e-06
-6.77087e-06
6.86615e-07
-6.84972e-06
-1.29286e-06
-6.99284e-06
-3.3079e-06
-7.23087e-06
-5.39629e-06
-7.58136e-06
-7.63814e-06
-7.95423e-06
-1.01704e-05
-7.94035e-06
-1.30654e-05
-6.72177e-06
-1.56618e-05
-3.58933e-06
-1.52705e-05
-6.0319e-06
-6.25861e-07
4.96913e-06
-1.6893e-06
8.79889e-06
-2.72332e-06
1.07892e-05
-3.5633e-06
1.18464e-05
-4.15375e-06
1.17752e-05
-4.50483e-06
1.06571e-05
-4.67547e-06
8.87552e-06
-4.74399e-06
6.81839e-06
-4.78253e-06
4.73422e-06
-4.83433e-06
2.7189e-06
-4.90925e-06
7.61527e-07
-5.01345e-06
-1.18866e-06
-5.15671e-06
-3.16465e-06
-5.36755e-06
-5.18544e-06
-5.70115e-06
-7.30454e-06
-6.17161e-06
-9.69996e-06
-6.56213e-06
-1.26749e-05
-6.13227e-06
-1.60916e-05
-3.92664e-06
-1.74761e-05
-9.95854e-06
-2.3316e-07
5.20229e-06
-8.94737e-07
9.46047e-06
-1.56713e-06
1.14616e-05
-2.09752e-06
1.23768e-05
-2.45824e-06
1.21359e-05
-2.67359e-06
1.08724e-05
-2.79178e-06
8.9937e-06
-2.86599e-06
6.89261e-06
-2.94072e-06
4.80894e-06
-3.03779e-06
2.81597e-06
-3.15991e-06
8.8365e-07
-3.30658e-06
-1.04199e-06
-3.47784e-06
-2.99339e-06
-3.68574e-06
-4.97754e-06
-3.98066e-06
-7.00962e-06
-4.44502e-06
-9.2356e-06
-5.02738e-06
-1.20926e-05
-5.12692e-06
-1.59921e-05
-3.56047e-06
-1.90426e-05
-1.3519e-05
1.63756e-07
5.03853e-06
-7.03791e-08
9.69461e-06
-4.03765e-07
1.1795e-05
-6.55215e-07
1.26283e-05
-8.10657e-07
1.22913e-05
-9.01225e-07
1.0963e-05
-9.66285e-07
9.05876e-06
-1.03769e-06
6.96401e-06
-1.13199e-06
4.90324e-06
-1.25694e-06
2.94092e-06
-1.41511e-06
1.04182e-06
-1.60864e-06
-8.48462e-07
-1.83594e-06
-2.76609e-06
-2.09467e-06
-4.71881e-06
-2.41202e-06
-6.69227e-06
-2.87943e-06
-8.76819e-06
-3.56236e-06
-1.14096e-05
-4.02694e-06
-1.55275e-05
-3.02674e-06
-2.00428e-05
-1.65457e-05
5.02361e-07
4.53617e-06
7.00575e-07
9.49639e-06
7.43968e-07
1.17516e-05
7.7972e-07
1.25925e-05
8.24691e-07
1.22464e-05
8.53573e-07
1.09341e-05
8.46721e-07
9.06561e-06
7.95945e-07
7.01479e-06
7.02065e-07
4.99712e-06
5.66783e-07
3.07621e-06
3.8488e-07
1.22373e-06
1.50165e-07
-6.13748e-07
-1.38915e-07
-2.47701e-06
-4.89002e-07
-4.36872e-06
-9.03663e-07
-6.27761e-06
-1.42633e-06
-8.24552e-06
-2.2045e-06
-1.06315e-05
-2.95406e-06
-1.4778e-05
-2.46099e-06
-2.05358e-05
-1.90067e-05
7.59554e-07
3.77661e-06
1.35921e-06
8.89674e-06
1.7536e-06
1.13572e-05
2.08458e-06
1.22615e-05
2.35904e-06
1.19719e-05
2.54687e-06
1.07463e-05
2.63997e-06
8.97251e-06
2.64904e-06
7.00572e-06
2.58807e-06
5.0581e-06
2.46341e-06
3.20087e-06
2.26743e-06
1.4197e-06
1.98604e-06
-3.32364e-07
1.61991e-06
-2.11088e-06
1.16413e-06
-3.91294e-06
6.14462e-07
-5.72794e-06
-8.02365e-08
-7.55082e-06
-9.53991e-07
-9.75772e-06
-1.91712e-06
-1.38148e-05
-1.92428e-06
-2.05287e-05
-2.0931e-05
8.75245e-07
2.90137e-06
1.81849e-06
7.95349e-06
2.56336e-06
1.06123e-05
3.20727e-06
1.16176e-05
3.7577e-06
1.14215e-05
4.17145e-06
1.03325e-05
4.43268e-06
8.71128e-06
4.55537e-06
6.88303e-06
4.56231e-06
5.05115e-06
4.46851e-06
3.29467e-06
4.27176e-06
1.61646e-06
3.93942e-06
-2.45783e-11
3.49225e-06
-1.66371e-06
2.90464e-06
-3.32533e-06
2.17784e-06
-5.00114e-06
1.33099e-06
-6.70397e-06
2.73746e-07
-8.70047e-06
-9.53624e-07
-1.25875e-05
-1.42511e-06
-2.00572e-05
-2.23561e-05
8.11125e-07
2.09024e-06
1.96436e-06
6.80026e-06
3.01173e-06
9.56497e-06
3.98954e-06
1.06398e-05
4.87087e-06
1.05401e-05
5.58973e-06
9.61368e-06
6.10701e-06
8.194e-06
6.42565e-06
6.56439e-06
6.56638e-06
4.91042e-06
6.54703e-06
3.31402e-06
6.36575e-06
1.79774e-06
6.01985e-06
3.45875e-07
5.47626e-06
-1.12012e-06
4.7425e-06
-2.59157e-06
3.81074e-06
-4.06937e-06
2.71001e-06
-5.60325e-06
1.40088e-06
-7.39134e-06
-1.49353e-07
-1.10372e-05
-9.09355e-07
-1.92972e-05
-2.32655e-05
5.81221e-07
1.50902e-06
1.76963e-06
5.61185e-06
3.11443e-06
8.22017e-06
4.47177e-06
9.28247e-06
5.74416e-06
9.26775e-06
6.833e-06
8.52485e-06
7.67286e-06
7.35413e-06
8.25106e-06
5.9862e-06
8.57984e-06
4.58164e-06
8.67582e-06
3.21804e-06
8.5456e-06
1.92796e-06
8.1863e-06
7.05176e-07
7.55379e-06
-4.87611e-07
6.66551e-06
-1.70329e-06
5.50885e-06
-2.91271e-06
4.12483e-06
-4.21924e-06
2.58743e-06
-5.85394e-06
9.68308e-07
-9.41809e-06
-1.39272e-07
-1.81896e-05
-2.34048e-05
1.54202e-07
1.35482e-06
1.04818e-06
4.71787e-06
2.5326e-06
6.73575e-06
4.26227e-06
7.5528e-06
5.99186e-06
7.53817e-06
7.53359e-06
6.98311e-06
8.78478e-06
6.10294e-06
9.71559e-06
5.05538e-06
1.0321e-05
3.97618e-06
1.06125e-05
2.92661e-06
1.05958e-05
1.94464e-06
1.02765e-05
1.02448e-06
9.60828e-06
1.80603e-07
8.61366e-06
-7.08668e-07
7.28245e-06
-1.5815e-06
5.66683e-06
-2.60362e-06
3.92797e-06
-4.11508e-06
2.25005e-06
-7.74017e-06
6.5668e-07
-1.65963e-05
-2.27481e-05
-5.19044e-07
1.87387e-06
2.03564e-07
3.99526e-06
1.76729e-06
5.17202e-06
3.84036e-06
5.47973e-06
6.00558e-06
5.37295e-06
7.97593e-06
5.01275e-06
9.61482e-06
4.46406e-06
1.08806e-05
3.78958e-06
1.17558e-05
3.101e-06
1.22564e-05
2.42597e-06
1.2386e-05
1.81509e-06
1.21642e-05
1.2463e-06
1.16152e-05
7.29603e-07
1.07093e-05
1.97193e-07
9.45133e-06
-3.23516e-07
7.91492e-06
-1.06721e-06
6.28598e-06
-2.48614e-06
4.46625e-06
-5.92044e-06
2.05953e-06
-1.41895e-05
-2.06885e-05
-4.18145e-06
6.05532e-06
-3.64405e-06
3.45786e-06
-1.24397e-06
2.77195e-06
1.56209e-06
2.67367e-06
4.31021e-06
2.62483e-06
6.85336e-06
2.46961e-06
9.07786e-06
2.23957e-06
1.09232e-05
1.94422e-06
1.23708e-05
1.65337e-06
1.34477e-05
1.34914e-06
1.41707e-05
1.09206e-06
1.45847e-05
8.32304e-07
1.46772e-05
6.37046e-07
1.44573e-05
4.17107e-07
1.39209e-05
2.12907e-07
1.30838e-05
-2.30142e-07
1.19341e-05
-1.33635e-06
1.01165e-05
-4.10286e-06
5.6395e-06
-9.71256e-06
-1.5049e-05
6.05532e-06
9.51317e-06
1.22851e-05
1.49588e-05
1.75836e-05
2.00532e-05
2.22928e-05
2.4237e-05
2.58904e-05
2.72395e-05
2.83316e-05
2.91639e-05
2.98009e-05
3.0218e-05
3.0431e-05
3.02008e-05
2.88645e-05
2.47616e-05
1.5049e-05
)
;

boundaryField
{
    movingWall
    {
        type            calculated;
        value           uniform 0;
    }
    fixedWalls
    {
        type            calculated;
        value           uniform 0;
    }
    frontAndBack
    {
        type            empty;
        value           nonuniform List<scalar> 0();
    }
}


// ************************************************************************* //
