/*--------------------------------*- C++ -*----------------------------------*\
| =========                 |                                                 |
| \\      /  F ield         | OpenFOAM: The Open Source CFD Toolbox           |
|  \\    /   O peration     | Version:  2212                                  |
|   \\  /    A nd           | Website:  www.openfoam.com                      |
|    \\/     M anipulation  |                                                 |
\*---------------------------------------------------------------------------*/
FoamFile
{
    version     2.0;
    format      ascii;
    arch        "LSB;label=32;scalar=64";
    class       volScalarField;
    location    "15.5";
    object      T;
}
// * * * * * * * * * * * * * * * * * * * * * * * * * * * * * * * * * * * * * //

dimensions      [0 0 0 1 0 0 0];

internalField   nonuniform List<scalar> 
400
(
0.964953
0.965692
0.967192
0.969412
0.972005
0.974374
0.976077
0.977071
0.977611
0.977978
0.978313
0.978659
0.97903
0.979414
0.979751
0.979947
0.979843
0.979274
0.978333
0.977562
0.965897
0.966803
0.968619
0.97122
0.973976
0.976013
0.977013
0.977365
0.977485
0.977575
0.977761
0.978117
0.978666
0.97938
0.980113
0.980649
0.980651
0.979866
0.978627
0.977736
0.967371
0.96859
0.970851
0.973576
0.975723
0.976634
0.976599
0.976157
0.975607
0.975191
0.975119
0.975541
0.976462
0.977853
0.979463
0.980926
0.981627
0.980956
0.979169
0.978061
0.968815
0.970357
0.972824
0.975032
0.975972
0.975547
0.974333
0.972788
0.971263
0.970135
0.969695
0.970183
0.971541
0.973796
0.976641
0.979633
0.981957
0.982537
0.980559
0.978819
0.969925
0.971652
0.973924
0.975149
0.974658
0.972788
0.970175
0.967296
0.964666
0.962747
0.96188
0.962349
0.964078
0.967129
0.971224
0.975923
0.9804
0.983386
0.983055
0.980224
0.970654
0.97237
0.974121
0.974142
0.972167
0.968805
0.964732
0.96055
0.956903
0.954286
0.953043
0.953402
0.955355
0.958938
0.963969
0.97007
0.976517
0.982118
0.984908
0.982278
0.971056
0.972584
0.973627
0.972426
0.969065
0.964323
0.958948
0.953698
0.949292
0.94621
0.944741
0.945001
0.947027
0.950831
0.956348
0.963343
0.971231
0.978911
0.98462
0.985227
0.971221
0.972477
0.972809
0.970536
0.965984
0.960064
0.953647
0.947624
0.942739
0.939424
0.937867
0.938087
0.940092
0.943878
0.94946
0.956816
0.965629
0.974907
0.982823
0.986804
0.971227
0.97219
0.971899
0.96877
0.963296
0.956497
0.94935
0.94283
0.937673
0.934247
0.932654
0.932858
0.934821
0.938498
0.943899
0.951156
0.960352
0.970834
0.980521
0.986087
0.971132
0.971855
0.971139
0.967476
0.961406
0.954025
0.946401
0.939561
0.934225
0.930705
0.929049
0.929207
0.931122
0.934705
0.939884
0.946789
0.95586
0.967067
0.978436
0.985543
0.970972
0.971528
0.970576
0.966659
0.960304
0.952657
0.944833
0.937857
0.932416
0.928788
0.927011
0.927053
0.92887
0.932351
0.937333
0.943814
0.952401
0.963804
0.9765
0.985197
0.970766
0.971246
0.970288
0.966464
0.960191
0.952598
0.944814
0.937835
0.932325
0.928567
0.926624
0.926482
0.92811
0.931405
0.936148
0.942173
0.950051
0.961225
0.974949
0.985007
0.97051
0.970991
0.970177
0.966697
0.960808
0.953577
0.946101
0.939328
0.933891
0.930085
0.927997
0.927633
0.928981
0.931947
0.936309
0.941807
0.948819
0.959337
0.973726
0.984986
0.970187
0.970744
0.970234
0.967377
0.962222
0.955694
0.948815
0.942464
0.93724
0.933459
0.931245
0.930604
0.931563
0.934027
0.937807
0.942607
0.948643
0.958241
0.972936
0.985102
0.969765
0.970438
0.970227
0.968048
0.963809
0.958252
0.952277
0.946656
0.941925
0.938384
0.93618
0.935312
0.935825
0.937646
0.940627
0.944567
0.949561
0.957925
0.972526
0.985358
0.969265
0.970085
0.970263
0.968876
0.965751
0.961416
0.956603
0.951951
0.947919
0.944773
0.942656
0.941592
0.941594
0.942644
0.944653
0.947527
0.951391
0.958266
0.972513
0.985761
0.968767
0.969573
0.969877
0.969064
0.966966
0.963928
0.960461
0.957033
0.953978
0.951502
0.949697
0.948616
0.948224
0.948564
0.94963
0.951408
0.954255
0.959822
0.973346
0.986448
0.968415
0.969394
0.969995
0.969667
0.968485
0.966653
0.964469
0.96222
0.960114
0.95831
0.956862
0.955839
0.955232
0.955081
0.955483
0.956398
0.95849
0.962769
0.974903
0.987314
0.963654
0.968333
0.968319
0.968153
0.967516
0.966667
0.965698
0.964797
0.963969
0.963358
0.962911
0.962708
0.962718
0.962928
0.963496
0.964224
0.96609
0.969339
0.978541
0.988796
0.974471
0.977557
0.979209
0.980199
0.980728
0.981059
0.981232
0.981409
0.981533
0.981728
0.981901
0.982162
0.982405
0.982736
0.983055
0.983497
0.984063
0.985257
0.987637
0.99183
)
;

boundaryField
{
    movingWall
    {
        type            fixedValue;
        value           uniform 1;
    }
    fixedWalls
    {
        type            zeroGradient;
    }
    frontAndBack
    {
        type            empty;
    }
}


// ************************************************************************* //
