/*--------------------------------*- C++ -*----------------------------------*\
| =========                 |                                                 |
| \\      /  F ield         | OpenFOAM: The Open Source CFD Toolbox           |
|  \\    /   O peration     | Version:  2212                                  |
|   \\  /    A nd           | Website:  www.openfoam.com                      |
|    \\/     M anipulation  |                                                 |
\*---------------------------------------------------------------------------*/
FoamFile
{
    version     2.0;
    format      ascii;
    arch        "LSB;label=32;scalar=64";
    class       volScalarField;
    location    "1.5";
    object      T;
}
// * * * * * * * * * * * * * * * * * * * * * * * * * * * * * * * * * * * * * //

dimensions      [0 0 0 1 0 0 0];

internalField   nonuniform List<scalar> 
400
(
0.00172542
0.00397755
0.0100978
0.0231305
0.0469598
0.0848962
0.136937
0.196897
0.253197
0.295621
0.322066
0.336509
0.342701
0.340284
0.328485
0.30365
0.261618
0.200154
0.135453
0.0951392
0.00335998
0.00797219
0.0202734
0.045212
0.0874235
0.147902
0.21983
0.288823
0.342233
0.378064
0.401516
0.417008
0.426278
0.427626
0.418702
0.392928
0.341679
0.259428
0.170176
0.117378
0.00703604
0.0170957
0.0428038
0.090301
0.160524
0.245194
0.32721
0.390231
0.430409
0.454722
0.470483
0.482147
0.492134
0.500021
0.502557
0.490578
0.448398
0.356853
0.232971
0.159742
0.0131048
0.032171
0.0779844
0.153236
0.247849
0.34111
0.411219
0.449228
0.463188
0.465959
0.466097
0.469446
0.479261
0.496188
0.518412
0.537376
0.53457
0.476249
0.336766
0.228985
0.0212882
0.0520945
0.121023
0.22067
0.32544
0.406059
0.445624
0.449056
0.434937
0.418025
0.40586
0.403057
0.411764
0.433443
0.469733
0.5171
0.562146
0.570781
0.479908
0.328593
0.0305276
0.0736814
0.163627
0.278199
0.377475
0.431706
0.436489
0.411112
0.37961
0.354161
0.338265
0.332503
0.336964
0.354226
0.389627
0.446953
0.52206
0.592501
0.598666
0.452265
0.0393189
0.093051
0.198486
0.318479
0.403504
0.429807
0.407683
0.367187
0.33281
0.311378
0.300597
0.296013
0.295368
0.301602
0.323031
0.371041
0.451063
0.551918
0.634294
0.592376
0.0462791
0.107281
0.22202
0.341781
0.411812
0.416509
0.379023
0.335899
0.309083
0.299121
0.297949
0.297396
0.29354
0.287808
0.289125
0.315686
0.384568
0.493391
0.611846
0.675673
0.0505107
0.114988
0.23379
0.351729
0.4111
0.402846
0.359398
0.320498
0.304495
0.306262
0.313652
0.317592
0.314102
0.301736
0.285139
0.284599
0.331423
0.438135
0.57387
0.669655
0.0516005
0.116017
0.234735
0.351568
0.40672
0.393714
0.349955
0.316378
0.308433
0.317238
0.328945
0.336067
0.336254
0.325512
0.300785
0.276617
0.294578
0.390265
0.542246
0.659932
0.0494162
0.110636
0.225827
0.343028
0.400686
0.389919
0.348737
0.318262
0.312902
0.322777
0.334376
0.342646
0.347533
0.343738
0.320851
0.282832
0.272644
0.349719
0.511469
0.655662
0.0445212
0.100212
0.208422
0.326139
0.392094
0.390263
0.354219
0.324294
0.316268
0.322482
0.33134
0.339646
0.348805
0.352915
0.336765
0.294132
0.261662
0.318463
0.486848
0.652538
0.0376035
0.0859909
0.183846
0.300249
0.377979
0.391528
0.364822
0.335291
0.321744
0.321716
0.327037
0.335317
0.347466
0.356712
0.34633
0.304013
0.25607
0.292704
0.465766
0.652945
0.0298759
0.0700423
0.15446
0.264829
0.353791
0.388201
0.377786
0.353215
0.335765
0.329617
0.331314
0.338744
0.350917
0.360027
0.350441
0.309328
0.25285
0.272774
0.449789
0.654863
0.0225375
0.054105
0.123035
0.221265
0.31503
0.370664
0.3838
0.373623
0.359829
0.351493
0.349906
0.353804
0.360738
0.362933
0.348146
0.306593
0.247745
0.256433
0.438109
0.659583
0.0169631
0.041876
0.0955179
0.175596
0.262583
0.330127
0.366071
0.376899
0.375651
0.371661
0.368897
0.367443
0.365354
0.35685
0.334763
0.294066
0.240431
0.244703
0.431988
0.666203
0.0122619
0.0293087
0.0700074
0.131489
0.202305
0.266655
0.313137
0.34035
0.353332
0.35762
0.356946
0.352247
0.34344
0.328182
0.304344
0.271004
0.232597
0.240047
0.434755
0.677376
0.0220751
0.0341296
0.0614708
0.101157
0.148354
0.194824
0.233973
0.262039
0.279804
0.288755
0.291393
0.288911
0.282669
0.272971
0.260721
0.246623
0.236192
0.260303
0.455804
0.693987
-0.138204
0.000948632
0.0247611
0.0551256
0.0847144
0.114697
0.142359
0.167114
0.187431
0.20529
0.219709
0.233256
0.244816
0.2558
0.26731
0.277587
0.299826
0.345862
0.511492
0.721284
0.197506
0.285188
0.340003
0.379831
0.409859
0.435614
0.457083
0.477599
0.495134
0.513047
0.528335
0.544772
0.558441
0.573684
0.585883
0.600847
0.613793
0.640911
0.68862
0.785884
)
;

boundaryField
{
    movingWall
    {
        type            fixedValue;
        value           uniform 1;
    }
    fixedWalls
    {
        type            zeroGradient;
    }
    frontAndBack
    {
        type            empty;
    }
}


// ************************************************************************* //
