/*--------------------------------*- C++ -*----------------------------------*\
| =========                 |                                                 |
| \\      /  F ield         | OpenFOAM: The Open Source CFD Toolbox           |
|  \\    /   O peration     | Version:  2212                                  |
|   \\  /    A nd           | Website:  www.openfoam.com                      |
|    \\/     M anipulation  |                                                 |
\*---------------------------------------------------------------------------*/
FoamFile
{
    version     2.0;
    format      ascii;
    arch        "LSB;label=32;scalar=64";
    class       volScalarField;
    location    "7.9";
    object      T;
}
// * * * * * * * * * * * * * * * * * * * * * * * * * * * * * * * * * * * * * //

dimensions      [0 0 0 1 0 0 0];

internalField   nonuniform List<scalar> 
400
(
0.82161
0.826489
0.836301
0.850658
0.86709
0.881636
0.891572
0.896925
0.89955
0.901227
0.902691
0.90414
0.905628
0.907083
0.908233
0.90862
0.907488
0.903956
0.898376
0.893789
0.82806
0.833911
0.845591
0.862125
0.879228
0.89136
0.896996
0.898943
0.899725
0.900304
0.901213
0.902759
0.905034
0.90788
0.910653
0.91235
0.91144
0.906725
0.89974
0.894612
0.838022
0.845715
0.859973
0.876979
0.890139
0.895784
0.896242
0.894796
0.892793
0.89126
0.891099
0.892933
0.896789
0.902526
0.90904
0.914669
0.916619
0.912042
0.90225
0.896122
0.847727
0.857326
0.872765
0.886676
0.893126
0.892166
0.887506
0.881373
0.87518
0.870589
0.86881
0.870893
0.876594
0.886047
0.89794
0.910319
0.919495
0.920437
0.909266
0.899909
0.855255
0.866038
0.880557
0.889213
0.888539
0.881136
0.870531
0.858671
0.847762
0.839797
0.836185
0.83813
0.845325
0.858079
0.87528
0.89509
0.913911
0.925906
0.922293
0.907198
0.860399
0.871351
0.883371
0.886053
0.878537
0.864762
0.847984
0.830635
0.815536
0.804709
0.799556
0.800996
0.809013
0.823807
0.844728
0.870312
0.897592
0.921373
0.932485
0.918034
0.863561
0.873774
0.882476
0.879403
0.865792
0.846234
0.824041
0.80235
0.784256
0.771637
0.765623
0.766645
0.774862
0.790387
0.813059
0.842072
0.875154
0.907762
0.932181
0.933444
0.865279
0.874267
0.879695
0.87176
0.853068
0.828652
0.802213
0.777496
0.757606
0.744153
0.737845
0.738695
0.746741
0.762028
0.784741
0.814969
0.851617
0.890711
0.924565
0.94179
0.866001
0.873599
0.876201
0.864525
0.841978
0.813977
0.784636
0.758045
0.73719
0.723399
0.716998
0.717782
0.725599
0.740316
0.762085
0.791628
0.829576
0.873481
0.914653
0.938661
0.866058
0.872414
0.873081
0.859158
0.834185
0.803845
0.772645
0.74488
0.723408
0.709318
0.702701
0.703302
0.710897
0.725169
0.745905
0.773793
0.81093
0.857613
0.905814
0.936377
0.86565
0.871035
0.870617
0.855735
0.829661
0.79827
0.766319
0.738077
0.716238
0.701759
0.694683
0.694824
0.702006
0.715835
0.735706
0.761729
0.796641
0.843881
0.897532
0.934898
0.864901
0.869653
0.8691
0.854781
0.829164
0.798039
0.766283
0.738048
0.715941
0.700954
0.693217
0.692629
0.699063
0.712139
0.731034
0.755142
0.786988
0.833069
0.890954
0.934111
0.863812
0.868243
0.86819
0.855531
0.831674
0.802063
0.771558
0.744122
0.722267
0.707057
0.698735
0.697264
0.702593
0.714368
0.73175
0.753717
0.781929
0.82512
0.885719
0.934033
0.862316
0.866737
0.867766
0.857917
0.837332
0.810685
0.78261
0.756826
0.735758
0.720587
0.711727
0.709148
0.71294
0.722744
0.737825
0.756999
0.781207
0.820487
0.882349
0.934548
0.860292
0.864939
0.867013
0.860174
0.843641
0.821104
0.796722
0.773841
0.754676
0.740393
0.731523
0.728021
0.730044
0.737302
0.749209
0.764946
0.78493
0.819059
0.880551
0.935658
0.85785
0.862861
0.866239
0.862762
0.851121
0.833837
0.814305
0.795369
0.778976
0.766214
0.757639
0.753316
0.753279
0.757447
0.765462
0.776924
0.792368
0.820367
0.880461
0.937406
0.855484
0.86035
0.863948
0.862724
0.855453
0.843695
0.829819
0.815947
0.803536
0.793467
0.78612
0.781695
0.780055
0.781344
0.785553
0.792604
0.804011
0.826723
0.883942
0.940369
0.853796
0.859085
0.863605
0.864175
0.860691
0.854037
0.845597
0.836672
0.828208
0.820897
0.815002
0.8108
0.808283
0.807592
0.80916
0.812791
0.821322
0.838961
0.89055
0.944115
0.83314
0.855622
0.856748
0.857254
0.855517
0.852684
0.849184
0.845839
0.842714
0.840426
0.838774
0.838102
0.838301
0.839296
0.841789
0.844918
0.852866
0.866664
0.906087
0.95053
0.882582
0.896976
0.904835
0.909717
0.912518
0.914396
0.915534
0.916637
0.917469
0.918574
0.919545
0.92088
0.922101
0.923696
0.9252
0.92725
0.929773
0.935031
0.945336
0.963716
)
;

boundaryField
{
    movingWall
    {
        type            fixedValue;
        value           uniform 1;
    }
    fixedWalls
    {
        type            zeroGradient;
    }
    frontAndBack
    {
        type            empty;
    }
}


// ************************************************************************* //
