/*--------------------------------*- C++ -*----------------------------------*\
| =========                 |                                                 |
| \\      /  F ield         | OpenFOAM: The Open Source CFD Toolbox           |
|  \\    /   O peration     | Version:  2212                                  |
|   \\  /    A nd           | Website:  www.openfoam.com                      |
|    \\/     M anipulation  |                                                 |
\*---------------------------------------------------------------------------*/
FoamFile
{
    version     2.0;
    format      ascii;
    arch        "LSB;label=32;scalar=64";
    class       volVectorField;
    location    "7.9";
    object      U;
}
// * * * * * * * * * * * * * * * * * * * * * * * * * * * * * * * * * * * * * //

dimensions      [0 1 -1 0 0 0 0];

internalField   nonuniform List<vector> 
400
(
(0.0016816 -0.00168296 0)
(0.00483754 -0.00189151 0)
(0.00658882 -0.00120035 0)
(0.00567212 -0.000574901 0)
(0.00156973 0.000184168 0)
(-0.00683055 0.00173935 0)
(-0.0206074 0.00478558 0)
(-0.0395371 0.00873435 0)
(-0.0608041 0.0112908 0)
(-0.0791291 0.0105115 0)
(-0.089805 0.00677464 0)
(-0.0904579 0.00166999 0)
(-0.0802245 -0.00361484 0)
(-0.0599966 -0.00827318 0)
(-0.0335274 -0.0108457 0)
(-0.00530162 -0.00979475 0)
(0.0167147 -0.00477432 0)
(0.0244639 0.00277522 0)
(0.0161759 0.00647078 0)
(0.00431609 0.00471643 0)
(0.00171974 -0.00506287 0)
(0.00316041 -0.00403016 0)
(-0.00042024 0.000588792 0)
(-0.0113323 0.00644152 0)
(-0.0314256 0.0140485 0)
(-0.0611446 0.0237703 0)
(-0.0968358 0.0330562 0)
(-0.131444 0.0370872 0)
(-0.158955 0.0335138 0)
(-0.176086 0.0234004 0)
(-0.181435 0.00911103 0)
(-0.175066 -0.00698613 0)
(-0.157552 -0.0231688 0)
(-0.129646 -0.0369084 0)
(-0.0936142 -0.044561 0)
(-0.0521982 -0.0418366 0)
(-0.0114065 -0.0263358 0)
(0.0168826 -0.00128346 0)
(0.0178684 0.0162195 0)
(0.00554157 0.0148176 0)
(-0.000240413 -0.0057768 0)
(-0.00538279 0.000805038 0)
(-0.0196104 0.0142995 0)
(-0.0445019 0.0312327 0)
(-0.0803334 0.0494386 0)
(-0.122191 0.0643111 0)
(-0.162331 0.0705368 0)
(-0.195249 0.0660208 0)
(-0.21884 0.0521863 0)
(-0.232507 0.0315332 0)
(-0.236264 0.00641983 0)
(-0.23078 -0.0211063 0)
(-0.216369 -0.0488634 0)
(-0.192528 -0.0732165 0)
(-0.158995 -0.0890176 0)
(-0.115736 -0.0892242 0)
(-0.0645622 -0.0670289 0)
(-0.013825 -0.0226708 0)
(0.00947897 0.0179115 0)
(0.00415536 0.0235763 0)
(-0.00347203 0.000457482 0)
(-0.0175142 0.0172428 0)
(-0.0435131 0.0414978 0)
(-0.0796743 0.0681865 0)
(-0.122945 0.0911487 0)
(-0.165832 0.103835 0)
(-0.201899 0.102891 0)
(-0.229219 0.0896616 0)
(-0.248056 0.0673202 0)
(-0.259009 0.0385788 0)
(-0.262917 0.00532217 0)
(-0.260586 -0.031107 0)
(-0.251956 -0.0684411 0)
(-0.235981 -0.103728 0)
(-0.210674 -0.131476 0)
(-0.173333 -0.14288 0)
(-0.121394 -0.12576 0)
(-0.056843 -0.0708559 0)
(-0.000989141 0.00355822 0)
(0.00474221 0.0282358 0)
(-0.00666214 0.0147859 0)
(-0.028727 0.0441105 0)
(-0.0632832 0.077088 0)
(-0.10445 0.108908 0)
(-0.147264 0.131194 0)
(-0.184559 0.138182 0)
(-0.212893 0.12949 0)
(-0.232673 0.108736 0)
(-0.245188 0.0797905 0)
(-0.252162 0.0454461 0)
(-0.255281 0.00724571 0)
(-0.255464 -0.0339856 0)
(-0.252487 -0.0770659 0)
(-0.24581 -0.120667 0)
(-0.232619 -0.160803 0)
(-0.208302 -0.189016 0)
(-0.166806 -0.189971 0)
(-0.103442 -0.142876 0)
(-0.0221832 -0.0388597 0)
(0.00738064 0.0270954 0)
(-0.00850972 0.034874 0)
(-0.035173 0.0766356 0)
(-0.0730842 0.114944 0)
(-0.113251 0.147689 0)
(-0.15051 0.166019 0)
(-0.179369 0.165956 0)
(-0.19889 0.149747 0)
(-0.210632 0.122492 0)
(-0.216578 0.0885361 0)
(-0.219206 0.0508674 0)
(-0.220474 0.0109604 0)
(-0.221376 -0.0307439 0)
(-0.222111 -0.0746998 0)
(-0.22279 -0.121266 0)
(-0.221223 -0.169211 0)
(-0.212327 -0.213045 0)
(-0.188014 -0.238578 0)
(-0.139679 -0.218535 0)
(-0.062845 -0.118941 0)
(0.00584672 0.0141989 0)
(-0.0082916 0.0570033 0)
(-0.0353375 0.110005 0)
(-0.0718285 0.150485 0)
(-0.107065 0.181172 0)
(-0.136697 0.193864 0)
(-0.1571 0.18647 0)
(-0.169006 0.163309 0)
(-0.17454 0.130528 0)
(-0.176108 0.0928883 0)
(-0.176202 0.0534038 0)
(-0.176313 0.0133188 0)
(-0.177114 -0.0272943 0)
(-0.17915 -0.0695511 0)
(-0.182965 -0.114697 0)
(-0.187921 -0.163828 0)
(-0.190399 -0.2158 0)
(-0.182518 -0.261656 0)
(-0.154273 -0.27518 0)
(-0.0993958 -0.20591 0)
(-0.00890807 -0.0146286 0)
(-0.00613463 0.0775965 0)
(-0.0297893 0.140554 0)
(-0.0614213 0.181219 0)
(-0.089889 0.20833 0)
(-0.111896 0.214919 0)
(-0.12543 0.200593 0)
(-0.132115 0.171362 0)
(-0.134261 0.134202 0)
(-0.134317 0.0940938 0)
(-0.134212 0.0537401 0)
(-0.134615 0.013866 0)
(-0.135708 -0.0258708 0)
(-0.137944 -0.0664521 0)
(-0.142014 -0.10906 0)
(-0.148536 -0.155645 0)
(-0.15621 -0.208564 0)
(-0.159073 -0.265897 0)
(-0.14675 -0.308139 0)
(-0.112254 -0.277216 0)
(-0.030964 -0.0753386 0)
(-0.00272943 0.0936135 0)
(-0.0204167 0.165643 0)
(-0.0451499 0.205608 0)
(-0.0663434 0.228597 0)
(-0.0816101 0.229557 0)
(-0.0900983 0.209571 0)
(-0.0937264 0.17582 0)
(-0.094633 0.135785 0)
(-0.0949045 0.0944458 0)
(-0.0956951 0.0540157 0)
(-0.0970419 0.0145939 0)
(-0.098851 -0.0245664 0)
(-0.101289 -0.0641987 0)
(-0.104861 -0.104956 0)
(-0.110714 -0.148432 0)
(-0.119585 -0.198556 0)
(-0.128347 -0.259794 0)
(-0.126526 -0.323466 0)
(-0.107481 -0.334775 0)
(-0.0373491 -0.163439 0)
(0.00121959 0.102758 0)
(-0.00894217 0.183483 0)
(-0.0256434 0.223162 0)
(-0.0396411 0.242779 0)
(-0.0491192 0.239543 0)
(-0.05399 0.215569 0)
(-0.0559561 0.178814 0)
(-0.0566645 0.137119 0)
(-0.0576209 0.0953711 0)
(-0.0593594 0.0552505 0)
(-0.0616501 0.0163071 0)
(-0.0643494 -0.0224737 0)
(-0.0674487 -0.0617014 0)
(-0.0711265 -0.101578 0)
(-0.0763152 -0.142775 0)
(-0.0845851 -0.18892 0)
(-0.0960606 -0.248353 0)
(-0.100652 -0.32433 0)
(-0.0951741 -0.37224 0)
(-0.0309233 -0.242587 0)
(0.0051179 0.103923 0)
(0.00295779 0.193082 0)
(-0.00538858 0.233655 0)
(-0.0125044 0.250811 0)
(-0.0168942 0.244724 0)
(-0.0187799 0.218506 0)
(-0.019466 0.180445 0)
(-0.0199918 0.138371 0)
(-0.0212878 0.0969219 0)
(-0.0235221 0.0573975 0)
(-0.0264098 0.0190761 0)
(-0.0298923 -0.0191507 0)
(-0.0339859 -0.0579408 0)
(-0.0386295 -0.0973478 0)
(-0.0443693 -0.137292 0)
(-0.0524333 -0.18016 0)
(-0.0657553 -0.235645 0)
(-0.0742215 -0.318104 0)
(-0.0811995 -0.396743 0)
(-0.0229422 -0.307144 0)
(0.00845602 0.09745 0)
(0.014219 0.194074 0)
(0.0141023 0.237178 0)
(0.0137083 0.253591 0)
(0.0143314 0.246509 0)
(0.0155286 0.219801 0)
(0.0163887 0.181752 0)
(0.0164428 0.14004 0)
(0.015305 0.0991077 0)
(0.0130274 0.0601955 0)
(0.00985943 0.0226179 0)
(0.00575205 -0.0147376 0)
(0.000562225 -0.0526585 0)
(-0.00556129 -0.0912436 0)
(-0.0130269 -0.130123 0)
(-0.0219738 -0.170299 0)
(-0.0377156 -0.220686 0)
(-0.0487319 -0.304463 0)
(-0.0679054 -0.408488 0)
(-0.0144596 -0.360026 0)
(0.0103264 0.0844736 0)
(0.0234145 0.186479 0)
(0.0310773 0.233302 0)
(0.0370062 0.250136 0)
(0.0426672 0.243295 0)
(0.047621 0.217509 0)
(0.051057 0.180747 0)
(0.0527312 0.140344 0)
(0.0525977 0.10059 0)
(0.0508663 0.0627935 0)
(0.0477553 0.0264473 0)
(0.0431479 -0.00950816 0)
(0.0368765 -0.0459666 0)
(0.0290644 -0.0830852 0)
(0.0189139 -0.120498 0)
(0.0075917 -0.158433 0)
(-0.0118205 -0.204397 0)
(-0.0242453 -0.286464 0)
(-0.0558473 -0.410995 0)
(-0.00613861 -0.401875 0)
(0.00987474 0.0672272 0)
(0.0290234 0.170673 0)
(0.0443472 0.222213 0)
(0.0568879 0.241304 0)
(0.06818 0.236374 0)
(0.0778653 0.213012 0)
(0.0850844 0.17872 0)
(0.0895366 0.140382 0)
(0.0912985 0.102229 0)
(0.0906705 0.0658034 0)
(0.087983 0.0309694 0)
(0.082934 -0.00329214 0)
(0.0754217 -0.0375176 0)
(0.0657333 -0.0722841 0)
(0.0524874 -0.107397 0)
(0.0375594 -0.142738 0)
(0.0131228 -0.184228 0)
(7.14063e-05 -0.263227 0)
(-0.0448023 -0.406698 0)
(0.00276402 -0.436256 0)
(0.0069273 0.0493949 0)
(0.0293572 0.148954 0)
(0.0511025 0.203626 0)
(0.0699788 0.22454 0)
(0.0874528 0.22168 0)
(0.103145 0.201521 0)
(0.115813 0.170928 0)
(0.124775 0.136041 0)
(0.129943 0.100849 0)
(0.13156 0.0670305 0)
(0.129894 0.0348348 0)
(0.124969 0.00343729 0)
(0.11634 -0.0274449 0)
(0.104611 -0.0586708 0)
(0.0875238 -0.090284 0)
(0.0683401 -0.122895 0)
(0.0382827 -0.160817 0)
(0.0238498 -0.237131 0)
(-0.0344455 -0.398949 0)
(0.0134726 -0.464419 0)
(0.00238609 0.0346293 0)
(0.0236344 0.123892 0)
(0.0509475 0.179937 0)
(0.0766766 0.202931 0)
(0.101339 0.202617 0)
(0.12422 0.186215 0)
(0.143671 0.16016 0)
(0.158476 0.129732 0)
(0.168218 0.098544 0)
(0.173105 0.0682855 0)
(0.173077 0.039553 0)
(0.168848 0.0119403 0)
(0.159013 -0.0148963 0)
(0.145283 -0.0416911 0)
(0.123986 -0.0687255 0)
(0.100452 -0.0975221 0)
(0.0646042 -0.132678 0)
(0.0469963 -0.207435 0)
(-0.0227112 -0.387073 0)
(0.0285296 -0.485551 0)
(-0.00342552 0.02862 0)
(0.0100673 0.101498 0)
(0.0371017 0.148687 0)
(0.0689633 0.169448 0)
(0.101855 0.170666 0)
(0.133571 0.158374 0)
(0.161566 0.13794 0)
(0.184108 0.113539 0)
(0.200154 0.0882551 0)
(0.210075 0.0636188 0)
(0.212997 0.0403749 0)
(0.210742 0.0184052 0)
(0.200479 -0.00266529 0)
(0.18585 -0.0232951 0)
(0.16104 -0.0439557 0)
(0.134429 -0.0677146 0)
(0.0929054 -0.101666 0)
(0.0698651 -0.179995 0)
(-0.00437377 -0.370045 0)
(0.0521582 -0.491637 0)
(-0.0140075 0.0185236 0)
(-0.00751531 0.0881776 0)
(0.0192131 0.124189 0)
(0.0564414 0.13731 0)
(0.0975907 0.136899 0)
(0.137969 0.127715 0)
(0.174218 0.113058 0)
(0.204059 0.0952809 0)
(0.225951 0.0768108 0)
(0.241041 0.0586654 0)
(0.247073 0.0417975 0)
(0.247988 0.0261084 0)
(0.238651 0.0117504 0)
(0.226837 -0.00203664 0)
(0.201844 -0.016073 0)
(0.177867 -0.0350078 0)
(0.133529 -0.0677865 0)
(0.107827 -0.145992 0)
(0.0374669 -0.326118 0)
(0.0923653 -0.455871 0)
(-0.106016 0.0824224 0)
(-0.077757 0.0689948 0)
(-0.0485683 0.0733679 0)
(0.00377518 0.077884 0)
(0.0572846 0.0782156 0)
(0.110011 0.0739504 0)
(0.157174 0.0666154 0)
(0.199531 0.0572117 0)
(0.231639 0.0475376 0)
(0.259787 0.0378833 0)
(0.275514 0.0292189 0)
(0.290668 0.0212353 0)
(0.291023 0.0144805 0)
(0.295137 0.00809909 0)
(0.278842 0.00113287 0)
(0.271634 -0.0100048 0)
(0.23233 -0.035561 0)
(0.218136 -0.0954161 0)
(0.150207 -0.229723 0)
(0.170672 -0.341456 0)
(0.129971 0.103746 0)
(0.158324 0.0752311 0)
(0.212171 0.0532314 0)
(0.270679 0.0416258 0)
(0.323253 0.0359151 0)
(0.375691 0.0319497 0)
(0.420282 0.028917 0)
(0.465596 0.0255812 0)
(0.498688 0.0229033 0)
(0.533936 0.0197111 0)
(0.553372 0.0175486 0)
(0.579182 0.0146111 0)
(0.585321 0.0131667 0)
(0.603663 0.0103481 0)
(0.595088 0.00938596 0)
(0.603593 0.00500197 0)
(0.567789 9.09318e-05 0)
(0.547616 -0.0183149 0)
(0.435696 -0.0504145 0)
(0.336756 -0.101386 0)
)
;

boundaryField
{
    movingWall
    {
        type            fixedValue;
        value           uniform (1 0 0);
    }
    fixedWalls
    {
        type            noSlip;
    }
    frontAndBack
    {
        type            empty;
    }
}


// ************************************************************************* //
