/*--------------------------------*- C++ -*----------------------------------*\
| =========                 |                                                 |
| \\      /  F ield         | OpenFOAM: The Open Source CFD Toolbox           |
|  \\    /   O peration     | Version:  2212                                  |
|   \\  /    A nd           | Website:  www.openfoam.com                      |
|    \\/     M anipulation  |                                                 |
\*---------------------------------------------------------------------------*/
FoamFile
{
    version     2.0;
    format      ascii;
    arch        "LSB;label=32;scalar=64";
    class       volScalarField;
    location    "16.8";
    object      T;
}
// * * * * * * * * * * * * * * * * * * * * * * * * * * * * * * * * * * * * * //

dimensions      [0 0 0 1 0 0 0];

internalField   nonuniform List<scalar> 
400
(
0.972765
0.973336
0.974494
0.976208
0.978211
0.980043
0.981362
0.982134
0.982554
0.98284
0.9831
0.983371
0.98366
0.98396
0.984224
0.984378
0.984299
0.983858
0.983129
0.982531
0.973493
0.974193
0.975595
0.977604
0.979735
0.981312
0.982088
0.98236
0.982453
0.982523
0.982668
0.982945
0.983373
0.98393
0.984504
0.984923
0.984927
0.984319
0.983358
0.982667
0.97463
0.975572
0.977319
0.979425
0.981086
0.981791
0.981761
0.981416
0.980985
0.980659
0.980603
0.980932
0.981651
0.982736
0.983993
0.985136
0.985686
0.985167
0.98378
0.98292
0.975744
0.976936
0.978842
0.980549
0.981274
0.980939
0.979991
0.978785
0.977594
0.976714
0.97637
0.976751
0.97781
0.979569
0.981789
0.984124
0.985938
0.986396
0.984861
0.983509
0.9766
0.977934
0.97969
0.980633
0.980246
0.978785
0.976745
0.974499
0.972446
0.970949
0.970272
0.970639
0.971987
0.974367
0.977563
0.981228
0.984721
0.987052
0.986801
0.984601
0.977161
0.978487
0.979837
0.979845
0.978301
0.975677
0.972499
0.969235
0.966389
0.964347
0.963377
0.963657
0.965181
0.967977
0.971903
0.976662
0.981692
0.986061
0.988239
0.986198
0.977469
0.978648
0.979447
0.978504
0.975881
0.97218
0.967985
0.963888
0.960449
0.958044
0.956897
0.9571
0.958681
0.96165
0.965956
0.971414
0.977569
0.983559
0.988012
0.988489
0.977595
0.978561
0.978807
0.977029
0.973476
0.968856
0.963848
0.959147
0.955334
0.952746
0.95153
0.951703
0.953268
0.956223
0.96058
0.966321
0.973198
0.980436
0.98661
0.989714
0.977597
0.978336
0.978096
0.975651
0.971378
0.966072
0.960494
0.955405
0.951379
0.948704
0.947461
0.94762
0.949153
0.952023
0.95624
0.961904
0.969081
0.977259
0.984814
0.989155
0.977521
0.978074
0.977503
0.974641
0.969904
0.964143
0.958192
0.952854
0.948688
0.945939
0.944645
0.944769
0.946264
0.949062
0.953105
0.958496
0.965576
0.97432
0.983189
0.988731
0.977396
0.977819
0.977065
0.974003
0.969044
0.963076
0.956969
0.951523
0.947275
0.944442
0.943054
0.943087
0.944505
0.947224
0.951114
0.956174
0.962876
0.971774
0.981679
0.988461
0.977235
0.9776
0.97684
0.973852
0.968955
0.96303
0.956954
0.951506
0.947204
0.94427
0.942752
0.942641
0.943913
0.946485
0.950189
0.954893
0.961043
0.969762
0.980469
0.988313
0.977035
0.977401
0.976756
0.974035
0.969438
0.963794
0.957959
0.952672
0.948427
0.945455
0.943825
0.94354
0.944593
0.946908
0.950314
0.954607
0.960081
0.96829
0.979515
0.988297
0.976783
0.977211
0.976802
0.974566
0.970542
0.965446
0.960078
0.95512
0.951042
0.94809
0.946361
0.94586
0.946609
0.948533
0.951484
0.955231
0.959944
0.967435
0.978899
0.988387
0.976455
0.976973
0.976799
0.975091
0.971781
0.967443
0.962779
0.958392
0.9547
0.951935
0.950214
0.949537
0.949937
0.951359
0.953686
0.956761
0.960661
0.967189
0.978579
0.988586
0.976066
0.9767
0.97683
0.975741
0.973298
0.969914
0.966157
0.962526
0.959379
0.956923
0.95527
0.95444
0.954441
0.955261
0.956829
0.959073
0.962089
0.967456
0.97857
0.988901
0.975678
0.976302
0.976531
0.975889
0.974248
0.971875
0.969168
0.966493
0.964108
0.962175
0.960766
0.959922
0.959617
0.959882
0.960714
0.962102
0.964324
0.96867
0.979219
0.989437
0.975404
0.976164
0.976626
0.976364
0.975437
0.974004
0.972298
0.970542
0.968898
0.96749
0.96636
0.965561
0.965087
0.96497
0.965283
0.965998
0.96763
0.970969
0.980434
0.990111
0.971691
0.975333
0.975318
0.975184
0.974684
0.97402
0.973262
0.972558
0.971911
0.971433
0.971083
0.970924
0.970932
0.971095
0.971538
0.972105
0.97356
0.976095
0.983271
0.991268
0.980118
0.98252
0.983806
0.984576
0.984987
0.985243
0.985377
0.985513
0.985609
0.985761
0.985895
0.986098
0.986287
0.986544
0.986792
0.987137
0.987578
0.988508
0.990364
0.993632
)
;

boundaryField
{
    movingWall
    {
        type            fixedValue;
        value           uniform 1;
    }
    fixedWalls
    {
        type            zeroGradient;
    }
    frontAndBack
    {
        type            empty;
    }
}


// ************************************************************************* //
