/*--------------------------------*- C++ -*----------------------------------*\
| =========                 |                                                 |
| \\      /  F ield         | OpenFOAM: The Open Source CFD Toolbox           |
|  \\    /   O peration     | Version:  2212                                  |
|   \\  /    A nd           | Website:  www.openfoam.com                      |
|    \\/     M anipulation  |                                                 |
\*---------------------------------------------------------------------------*/
FoamFile
{
    version     2.0;
    format      ascii;
    arch        "LSB;label=32;scalar=64";
    class       volScalarField;
    location    "14.3";
    object      p;
}
// * * * * * * * * * * * * * * * * * * * * * * * * * * * * * * * * * * * * * //

dimensions      [0 2 -2 0 0 0 0];

internalField   nonuniform List<scalar> 
400
(
1.80254e-07
-0.000150843
-0.000534927
-0.00107213
-0.00173286
-0.00249435
-0.00318549
-0.00359806
-0.00356583
-0.00293456
-0.001549
0.000618954
0.00324918
0.0055137
0.00653337
0.00592247
0.00400163
0.00214919
0.00111018
0.00104113
0.000116042
-5.83761e-05
-0.000377321
-0.000764498
-0.00124442
-0.00188855
-0.00270669
-0.00354402
-0.00408051
-0.00393892
-0.00284692
-0.000825328
0.00168894
0.00396052
0.0051243
0.00474267
0.00310254
0.00137429
0.000592692
0.000683737
0.000536158
0.000264688
-7.76046e-05
-0.000559965
-0.00134768
-0.00258109
-0.00421967
-0.00598438
-0.00740319
-0.0079445
-0.0072648
-0.00546258
-0.0028922
-0.000195169
0.00179124
0.00242724
0.00170829
0.000501586
-0.000396607
-0.000393313
0.00115167
0.000740986
0.000191595
-0.000775151
-0.00245156
-0.00493837
-0.00799578
-0.0111212
-0.0137041
-0.0151777
-0.0152076
-0.0138406
-0.0112943
-0.00802975
-0.00475291
-0.00221041
-0.000871088
-0.00070693
-0.00128954
-0.00191886
0.00158308
0.000973469
-2.31631e-05
-0.00192448
-0.00500719
-0.00918073
-0.0139145
-0.0184806
-0.022217
-0.0246538
-0.0255294
-0.0247237
-0.0223642
-0.0187442
-0.0143053
-0.00965642
-0.00559283
-0.00294962
-0.00219397
-0.0040187
0.00129314
0.000444779
-0.00119765
-0.00430482
-0.00900564
-0.0148814
-0.0210736
-0.0267162
-0.0311922
-0.0341795
-0.0355463
-0.0351903
-0.0331977
-0.0297194
-0.0249001
-0.0189617
-0.012506
-0.00694907
-0.0044016
-0.00652491
-4.85415e-05
-0.00114782
-0.00349981
-0.00779733
-0.0139332
-0.0211152
-0.0282371
-0.0344087
-0.0391297
-0.0422331
-0.0437208
-0.0436115
-0.0419736
-0.0388796
-0.0343116
-0.0281578
-0.0205397
-0.0127035
-0.00785548
-0.00774867
-0.00245073
-0.00374246
-0.00669899
-0.0119139
-0.0190406
-0.0269827
-0.0345051
-0.0407803
-0.045452
-0.0484782
-0.0499409
-0.0499322
-0.0485314
-0.0457894
-0.0416632
-0.0359274
-0.0283263
-0.0193717
-0.0118229
-0.00798119
-0.00553792
-0.00691553
-0.0102641
-0.0160225
-0.023659
-0.0318905
-0.0394524
-0.0456141
-0.0501387
-0.0530589
-0.0544881
-0.0545282
-0.0532539
-0.0507269
-0.0469631
-0.0418129
-0.0348686
-0.0259484
-0.0167098
-0.00999516
-0.00873408
-0.0100862
-0.0135981
-0.0195428
-0.0272872
-0.0354881
-0.0429133
-0.048911
-0.0533109
-0.0561689
-0.0575929
-0.0576641
-0.0564456
-0.0540124
-0.0504522
-0.0457614
-0.0396349
-0.0315247
-0.0223219
-0.0143405
-0.0115044
-0.0127583
-0.0162197
-0.0220549
-0.0296078
-0.0375896
-0.0448275
-0.0507005
-0.0550441
-0.0578956
-0.059338
-0.0594295
-0.0582202
-0.0557901
-0.0522879
-0.0478533
-0.0424319
-0.0353833
-0.0271986
-0.01918
-0.0135497
-0.014619
-0.0178563
-0.023316
-0.0304316
-0.0380636
-0.0451187
-0.0509508
-0.0553302
-0.0582418
-0.0597295
-0.0598319
-0.0585898
-0.0560842
-0.0525166
-0.048139
-0.0432076
-0.037057
-0.0300325
-0.0224178
-0.0148377
-0.0155682
-0.0183522
-0.0232107
-0.0296939
-0.0368795
-0.0437654
-0.0496411
-0.0541559
-0.0572021
-0.0587712
-0.0588783
-0.0575589
-0.0549169
-0.051178
-0.0466566
-0.0419661
-0.0363007
-0.0302266
-0.0228964
-0.015468
-0.0157223
-0.0177775
-0.0217466
-0.0273901
-0.0340321
-0.0407511
-0.0467413
-0.0514937
-0.0547692
-0.0564831
-0.0566241
-0.0552024
-0.0523537
-0.0483468
-0.0435823
-0.0387311
-0.0331418
-0.0281
-0.0202796
-0.0155746
-0.0152984
-0.0163382
-0.019088
-0.0236534
-0.0296345
-0.036172
-0.0423364
-0.0474283
-0.0510402
-0.0529809
-0.0531843
-0.0516917
-0.048592
-0.0442272
-0.0390542
-0.0337821
-0.0280718
-0.0242318
-0.0143852
-0.015277
-0.0145503
-0.0142609
-0.0154261
-0.018685
-0.0238949
-0.0302318
-0.0366152
-0.0421384
-0.0462018
-0.04849
-0.048867
-0.0473537
-0.0440214
-0.0392493
-0.0335192
-0.0276414
-0.0216294
-0.0180536
-0.00383301
-0.0146622
-0.0136183
-0.011707
-0.0110812
-0.0129538
-0.0173805
-0.0235343
-0.0301708
-0.0361937
-0.040812
-0.0435792
-0.0442622
-0.0428511
-0.0393768
-0.0341856
-0.0276899
-0.0206824
-0.0132762
-0.00678577
0.0160529
-0.0145834
-0.0126573
-0.0086486
-0.00623473
-0.0069102
-0.010746
-0.0168181
-0.0237402
-0.030299
-0.0355397
-0.0389041
-0.0400355
-0.038878
-0.0354483
-0.0298961
-0.022276
-0.0128726
-0.000688119
0.0166951
0.0570639
-0.0117947
-0.0118308
-0.00572622
-0.00177512
-0.00176509
-0.00540485
-0.0115754
-0.0188152
-0.0258758
-0.0316878
-0.0356627
-0.0373623
-0.0366856
-0.0333556
-0.0272244
-0.0175416
-0.00314823
0.0204904
0.0607044
0.129821
-0.029517
-0.0106299
-0.00060897
0.00308073
0.00244816
-0.00155712
-0.00799961
-0.0155536
-0.0229764
-0.0291741
-0.0335323
-0.0355883
-0.0352015
-0.0319561
-0.0252278
-0.0128601
0.00942262
0.0511716
0.122878
0.226076
)
;

boundaryField
{
    movingWall
    {
        type            zeroGradient;
    }
    fixedWalls
    {
        type            zeroGradient;
    }
    frontAndBack
    {
        type            empty;
    }
}


// ************************************************************************* //
