/*--------------------------------*- C++ -*----------------------------------*\
| =========                 |                                                 |
| \\      /  F ield         | OpenFOAM: The Open Source CFD Toolbox           |
|  \\    /   O peration     | Version:  2212                                  |
|   \\  /    A nd           | Website:  www.openfoam.com                      |
|    \\/     M anipulation  |                                                 |
\*---------------------------------------------------------------------------*/
FoamFile
{
    version     2.0;
    format      ascii;
    arch        "LSB;label=32;scalar=64";
    class       volScalarField;
    location    "5.3";
    object      p;
}
// * * * * * * * * * * * * * * * * * * * * * * * * * * * * * * * * * * * * * //

dimensions      [0 2 -2 0 0 0 0];

internalField   nonuniform List<scalar> 
400
(
-5.06864e-07
-0.000151508
-0.0005347
-0.00107072
-0.00173003
-0.00248958
-0.00317911
-0.00359078
-0.00355835
-0.00292781
-0.00154439
0.000620127
0.00324792
0.00551368
0.00653976
0.00593924
0.00402765
0.00218004
0.00114163
0.00107164
0.000115257
-5.88699e-05
-0.000376972
-0.000763434
-0.00124257
-0.0018852
-0.00270089
-0.00353543
-0.00406994
-0.00392828
-0.00283845
-0.000820316
0.00169136
0.00396396
0.0051338
0.00476181
0.00313163
0.00140653
0.00062518
0.00071465
0.000534032
0.000263509
-7.78401e-05
-0.000559195
-0.0013449
-0.00257442
-0.00420725
-0.0059654
-0.00737894
-0.0079184
-0.00724072
-0.00544225
-0.00287576
-0.000180258
0.00180883
0.00245112
0.0017394
0.000535907
-0.000361952
-0.000360572
0.00114682
0.000737297
0.000189839
-0.000773726
-0.00244415
-0.00492153
-0.00796697
-0.01108
-0.0136527
-0.015121
-0.015151
-0.0137882
-0.0112484
-0.00799043
-0.00471781
-0.00217661
-0.000836839
-0.000672122
-0.00125403
-0.00188428
0.00157351
0.000966224
-2.60914e-05
-0.00191941
-0.00498914
-0.00914509
-0.0138587
-0.0184052
-0.0221254
-0.0245519
-0.0254247
-0.0246236
-0.0222743
-0.0186671
-0.0142413
-0.00960375
-0.0055493
-0.00291251
-0.00215994
-0.00398149
0.00128043
0.000435666
-0.00119883
-0.00429131
-0.00897036
-0.0148192
-0.0209828
-0.0265984
-0.031052
-0.0340243
-0.0353854
-0.0350342
-0.0330548
-0.0295953
-0.0247972
-0.0188803
-0.0124446
-0.00690382
-0.00436445
-0.00648328
-6.06064e-05
-0.00115485
-0.00349461
-0.00777019
-0.0138754
-0.0210218
-0.0281072
-0.0342447
-0.0389369
-0.0420203
-0.0434996
-0.0433945
-0.0417722
-0.0387023
-0.0341635
-0.0280405
-0.0204522
-0.0126424
-0.00781155
-0.00771116
-0.00245719
-0.00374262
-0.00668282
-0.0118693
-0.0189577
-0.0268568
-0.0343356
-0.0405695
-0.045206
-0.0482065
-0.049657
-0.0496513
-0.0482682
-0.0455558
-0.0414667
-0.0357703
-0.0282072
-0.0192879
-0.0117689
-0.007946
-0.00553467
-0.00690512
-0.0102342
-0.0159591
-0.0235513
-0.0317338
-0.0392459
-0.0453601
-0.0498432
-0.0527322
-0.0541453
-0.054187
-0.0529321
-0.0504393
-0.0467195
-0.0416167
-0.0347173
-0.0258386
-0.0166374
-0.00994925
-0.00871982
-0.0100643
-0.0135546
-0.0194625
-0.0271586
-0.0353061
-0.0426768
-0.048622
-0.0529754
-0.055798
-0.057203
-0.0572748
-0.0560767
-0.053681
-0.05017
-0.0455329
-0.039457
-0.0313917
-0.0222274
-0.0142727
-0.011481
-0.012727
-0.0161658
-0.0219628
-0.0294655
-0.0373913
-0.044572
-0.0503893
-0.0546836
-0.0574973
-0.0589191
-0.0590106
-0.0578223
-0.0554319
-0.0519823
-0.0476054
-0.0422388
-0.0352366
-0.0270887
-0.0190928
-0.013521
-0.0145824
-0.0177973
-0.0232194
-0.0302852
-0.037861
-0.0448581
-0.0506338
-0.0549631
-0.0578361
-0.0593028
-0.059405
-0.0581846
-0.0557202
-0.052207
-0.0478897
-0.0430152
-0.0369113
-0.0299204
-0.0223235
-0.0148075
-0.0155313
-0.0182947
-0.0231182
-0.0295544
-0.0366859
-0.0435153
-0.0493356
-0.0538011
-0.0568095
-0.058358
-0.0584654
-0.0571683
-0.0545681
-0.0508847
-0.0464253
-0.0417926
-0.0361731
-0.0301275
-0.0228114
-0.0154389
-0.0156891
-0.0177277
-0.0216667
-0.0272683
-0.0338606
-0.0405262
-0.0464635
-0.0511685
-0.0544077
-0.056102
-0.0562436
-0.054845
-0.0520388
-0.0480882
-0.0433864
-0.0385944
-0.0330493
-0.028027
-0.0202215
-0.015548
-0.0152712
-0.0163005
-0.0190278
-0.0235589
-0.0294963
-0.0359847
-0.0420992
-0.047146
-0.0507234
-0.0526459
-0.0528512
-0.0513811
-0.0483245
-0.0440172
-0.0389076
-0.0336949
-0.0280277
-0.0241991
-0.0143696
-0.0152543
-0.0145299
-0.0142374
-0.01539
-0.0186243
-0.0237979
-0.0300905
-0.0364272
-0.0419073
-0.0459376
-0.0482082
-0.0485872
-0.047097
-0.0438083
-0.0390944
-0.0334287
-0.0276099
-0.0216392
-0.0180828
-0.00386826
-0.0146449
-0.013605
-0.0116983
-0.0110713
-0.0129295
-0.0173276
-0.023442
-0.0300345
-0.0360157
-0.0406012
-0.0433505
-0.0440346
-0.0426456
-0.0392152
-0.0340826
-0.0276526
-0.0207064
-0.0133457
-0.006881
0.0159688
-0.0145744
-0.0126518
-0.00865434
-0.00624984
-0.0069199
-0.0107338
-0.0167707
-0.0236512
-0.030169
-0.0353768
-0.0387225
-0.0398544
-0.0387181
-0.0353283
-0.0298328
-0.0222801
-0.0129437
-0.000811301
0.016548
0.0569416
-0.0117943
-0.0118347
-0.00574818
-0.00181195
-0.00180092
-0.00542273
-0.0115607
-0.0187599
-0.0257797
-0.031558
-0.0355125
-0.0372093
-0.0365495
-0.0332572
-0.0271834
-0.0175688
-0.00324475
0.0203401
0.0605387
0.129687
-0.029513
-0.0106395
-0.000640403
0.00303397
0.00240123
-0.00158718
-0.00799817
-0.0155121
-0.0228939
-0.0290571
-0.0333933
-0.0354448
-0.0350731
-0.0318628
-0.0251864
-0.0128817
0.00933358
0.0510335
0.12273
0.225956
)
;

boundaryField
{
    movingWall
    {
        type            zeroGradient;
    }
    fixedWalls
    {
        type            zeroGradient;
    }
    frontAndBack
    {
        type            empty;
    }
}


// ************************************************************************* //
