/*--------------------------------*- C++ -*----------------------------------*\
| =========                 |                                                 |
| \\      /  F ield         | OpenFOAM: The Open Source CFD Toolbox           |
|  \\    /   O peration     | Version:  2212                                  |
|   \\  /    A nd           | Website:  www.openfoam.com                      |
|    \\/     M anipulation  |                                                 |
\*---------------------------------------------------------------------------*/
FoamFile
{
    version     2.0;
    format      ascii;
    arch        "LSB;label=32;scalar=64";
    class       surfaceScalarField;
    location    "5.3";
    object      phi;
}
// * * * * * * * * * * * * * * * * * * * * * * * * * * * * * * * * * * * * * //

dimensions      [0 3 -1 0 0 0 0];

oriented        oriented;

internalField   nonuniform List<scalar> 
760
(
1.55507e-07
-1.5546e-07
2.92313e-07
-1.36806e-07
3.08344e-07
-1.60307e-08
1.82056e-07
1.26288e-07
-1.21517e-07
3.03572e-07
-6.66066e-07
5.4455e-07
-1.48355e-06
8.17485e-07
-2.48699e-06
1.00343e-06
-3.47484e-06
9.87859e-07
-4.21436e-06
7.39517e-07
-4.53866e-06
3.24301e-07
-4.35037e-06
-1.88296e-07
-3.59328e-06
-7.57091e-07
-2.38148e-06
-1.2118e-06
-9.44936e-07
-1.43654e-06
3.41649e-07
-1.28659e-06
1.0848e-06
-7.43153e-07
1.03019e-06
5.46097e-08
4.60021e-07
5.7017e-07
4.6002e-07
1.23983e-07
-2.79443e-07
7.2664e-08
-8.54877e-08
-2.98821e-07
3.55454e-07
-1.07936e-06
9.06823e-07
-2.31373e-06
1.53794e-06
-3.92161e-06
2.15243e-06
-5.65303e-06
2.54891e-06
-7.19532e-06
2.54573e-06
-8.32411e-06
2.11664e-06
-8.92959e-06
1.34499e-06
-8.96474e-06
3.59454e-07
-8.40694e-06
-7.4609e-07
-7.28745e-06
-1.87659e-06
-5.63937e-06
-2.85988e-06
-3.60656e-06
-3.46936e-06
-1.49347e-06
-3.39967e-06
1.74159e-07
-2.41078e-06
8.55617e-07
-6.26848e-07
5.24416e-07
9.01372e-07
9.84436e-07
-1.28429e-07
-1.51014e-07
-6.34688e-07
4.20771e-07
-1.62406e-06
1.34482e-06
-3.13727e-06
2.42004e-06
-5.04892e-06
3.44959e-06
-7.06045e-06
4.16396e-06
-8.85716e-06
4.34562e-06
-1.02591e-05
3.94763e-06
-1.12144e-05
3.07199e-06
-1.17155e-05
1.84609e-06
-1.17106e-05
3.54569e-07
-1.12534e-05
-1.2033e-06
-1.03234e-05
-2.80657e-06
-8.86637e-06
-4.31693e-06
-6.86228e-06
-5.47345e-06
-4.40013e-06
-5.86183e-06
-1.87899e-06
-4.93192e-06
-8.80872e-08
-2.41775e-06
2.94027e-07
5.19259e-07
1.27846e-06
-5.0019e-07
3.49176e-07
-1.55806e-06
1.47864e-06
-3.11418e-06
2.90094e-06
-5.07141e-06
4.37727e-06
-7.17043e-06
5.5486e-06
-9.10423e-06
6.09776e-06
-1.06708e-05
5.91221e-06
-1.18276e-05
5.10436e-06
-1.26025e-05
3.84689e-06
-1.30303e-05
2.27395e-06
-1.30961e-05
4.20318e-07
-1.2858e-05
-1.44134e-06
-1.22778e-05
-3.38683e-06
-1.12534e-05
-5.34131e-06
-9.65393e-06
-7.07291e-06
-7.35467e-06
-8.16109e-06
-4.39396e-06
-7.89262e-06
-1.37787e-06
-5.43384e-06
1.20043e-07
-9.78657e-07
1.39851e-06
-8.60258e-07
1.20943e-06
-2.35671e-06
2.97509e-06
-4.22322e-06
4.76745e-06
-6.26551e-06
6.41956e-06
-8.20329e-06
7.48638e-06
-9.81423e-06
7.70871e-06
-1.10215e-05
7.11948e-06
-1.18515e-05
5.93437e-06
-1.23662e-05
4.36155e-06
-1.26383e-05
2.54612e-06
-1.27588e-05
5.40821e-07
-1.27146e-05
-1.48554e-06
-1.24966e-05
-3.60487e-06
-1.20255e-05
-5.8124e-06
-1.11149e-05
-7.98354e-06
-9.4767e-06
-9.79926e-06
-6.81189e-06
-1.05574e-05
-3.21911e-06
-9.02662e-06
-2.61691e-07
-3.93608e-06
1.13681e-06
-1.08413e-06
2.29356e-06
-2.77731e-06
4.66828e-06
-4.66615e-06
6.65629e-06
-6.51939e-06
8.2728e-06
-8.11321e-06
9.08021e-06
-9.31659e-06
8.91208e-06
-1.01252e-05
7.92808e-06
-1.0604e-05
6.41321e-06
-1.08435e-05
4.60103e-06
-1.09437e-05
2.64633e-06
-1.10262e-05
6.23349e-07
-1.10782e-05
-1.43362e-06
-1.11152e-05
-3.5678e-06
-1.11081e-05
-5.81953e-06
-1.09028e-05
-8.18884e-06
-1.01719e-05
-1.05301e-05
-8.42144e-06
-1.23079e-05
-5.23618e-06
-1.22119e-05
-1.15741e-06
-8.01484e-06
-2.05967e-08
-1.10752e-06
3.40108e-06
-2.75094e-06
6.3117e-06
-4.44421e-06
8.34956e-06
-5.9759e-06
9.80449e-06
-7.18613e-06
1.02904e-05
-8.01229e-06
9.73824e-06
-8.49178e-06
8.40757e-06
-8.7115e-06
6.63293e-06
-8.7752e-06
4.66474e-06
-8.78029e-06
2.65141e-06
-8.80969e-06
6.52745e-07
-8.88214e-06
-1.36117e-06
-9.01745e-06
-3.43249e-06
-9.22688e-06
-5.6101e-06
-9.45342e-06
-7.9623e-06
-9.46519e-06
-1.05184e-05
-8.74296e-06
-1.30302e-05
-6.52951e-06
-1.44253e-05
-2.42036e-06
-1.2124e-05
-2.44096e-06
-9.32975e-07
4.33405e-06
-2.34092e-06
7.71964e-06
-3.72473e-06
9.73338e-06
-4.90099e-06
1.09808e-05
-5.76872e-06
1.11582e-05
-6.31076e-06
1.02803e-05
-6.58395e-06
8.68077e-06
-6.6793e-06
6.72828e-06
-6.69315e-06
4.67859e-06
-6.69896e-06
2.65722e-06
-6.73291e-06
6.86697e-07
-6.81222e-06
-1.28187e-06
-6.958e-06
-3.28671e-06
-7.20074e-06
-5.36736e-06
-7.55728e-06
-7.60575e-06
-7.93608e-06
-1.01396e-05
-7.92665e-06
-1.30396e-05
-6.71122e-06
-1.56408e-05
-3.58228e-06
-1.52529e-05
-6.02324e-06
-6.23144e-07
4.9572e-06
-1.68317e-06
8.77967e-06
-2.71409e-06
1.07643e-05
-3.55118e-06
1.18178e-05
-4.1388e-06
1.17458e-05
-4.48684e-06
1.06283e-05
-4.65396e-06
8.84789e-06
-4.71864e-06
6.79295e-06
-4.75345e-06
4.7134e-06
-4.80231e-06
2.70608e-06
-4.87549e-06
7.59881e-07
-4.97956e-06
-1.1778e-06
-5.12449e-06
-3.14178e-06
-5.33901e-06
-5.15283e-06
-5.67813e-06
-7.26664e-06
-6.15495e-06
-9.66274e-06
-6.5506e-06
-1.2644e-05
-6.12363e-06
-1.60677e-05
-3.92061e-06
-1.74559e-05
-9.94386e-06
-2.31678e-07
5.18887e-06
-8.90884e-07
9.43887e-06
-1.56111e-06
1.14345e-05
-2.08944e-06
1.23462e-05
-2.44802e-06
1.21044e-05
-2.66098e-06
1.08413e-05
-2.77647e-06
8.96338e-06
-2.8478e-06
6.86428e-06
-2.91983e-06
4.78543e-06
-3.01473e-06
2.80098e-06
-3.13532e-06
8.80479e-07
-3.28135e-06
-1.03178e-06
-3.45305e-06
-2.97007e-06
-3.6628e-06
-4.94308e-06
-3.96155e-06
-6.96789e-06
-4.43132e-06
-9.19298e-06
-5.01883e-06
-1.20564e-05
-5.12125e-06
-1.59653e-05
-3.55674e-06
-1.90204e-05
-1.35006e-05
1.6362e-07
5.02526e-06
-6.93611e-08
9.67185e-06
-4.01579e-07
1.17667e-05
-6.51913e-07
1.25965e-05
-8.06156e-07
1.22586e-05
-8.95375e-07
1.09305e-05
-9.59018e-07
9.02702e-06
-1.02904e-06
6.9343e-06
-1.12208e-06
4.87847e-06
-1.24592e-06
2.92482e-06
-1.40301e-06
1.03757e-06
-1.59552e-06
-8.39269e-07
-1.82212e-06
-2.74348e-06
-2.08083e-06
-4.68437e-06
-2.39944e-06
-6.64928e-06
-2.87024e-06
-8.72218e-06
-3.55729e-06
-1.13694e-05
-4.0242e-06
-1.54984e-05
-3.025e-06
-2.00197e-05
-1.65256e-05
5.0067e-07
4.52459e-06
6.98509e-07
9.47401e-06
7.41814e-07
1.17234e-05
7.77594e-07
1.25607e-05
8.22713e-07
1.22135e-05
8.51731e-07
1.09015e-05
8.44842e-07
9.03391e-06
7.93786e-07
6.98536e-06
6.99717e-07
4.97254e-06
5.64503e-07
3.06003e-06
3.83197e-07
1.21887e-06
1.496e-07
-6.05672e-07
-1.38093e-07
-2.45578e-06
-4.86549e-07
-4.33591e-06
-9.00102e-07
-6.23573e-06
-1.42338e-06
-8.19891e-06
-2.20369e-06
-1.05891e-05
-2.95453e-06
-1.47476e-05
-2.46126e-06
-2.05129e-05
-1.89869e-05
7.56324e-07
3.76826e-06
1.35406e-06
8.87628e-06
1.74708e-06
1.13304e-05
2.0769e-06
1.22309e-05
2.3504e-06
1.194e-05
2.53718e-06
1.07147e-05
2.62894e-06
8.94215e-06
2.63641e-06
6.97789e-06
2.57386e-06
5.0351e-06
2.44828e-06
3.1856e-06
2.2525e-06
1.41465e-06
1.97252e-06
-3.2569e-07
1.60851e-06
-2.09177e-06
1.15542e-06
-3.88282e-06
6.08583e-07
-5.6889e-06
-8.39307e-08
-7.50639e-06
-9.57798e-07
-9.71521e-06
-1.92095e-06
-1.37844e-05
-1.92608e-06
-2.05078e-05
-2.09129e-05
8.71062e-07
2.8972e-06
1.81081e-06
7.93653e-06
2.55303e-06
1.05882e-05
3.19462e-06
1.15893e-05
3.7429e-06
1.13917e-05
4.15445e-06
1.03031e-05
4.41325e-06
8.68335e-06
4.53329e-06
6.85784e-06
4.5378e-06
5.03059e-06
4.44229e-06
3.28112e-06
4.245e-06
1.61194e-06
3.91445e-06
4.8596e-09
3.46967e-06
-1.64698e-06
2.88566e-06
-3.29881e-06
2.16314e-06
-4.96638e-06
1.32033e-06
-6.66358e-06
2.66064e-07
-8.66095e-06
-9.59833e-07
-1.25585e-05
-1.42802e-06
-2.00396e-05
-2.2341e-05
8.06937e-07
2.09026e-06
1.95526e-06
6.78821e-06
2.99874e-06
9.54469e-06
3.9731e-06
1.0615e-05
4.85119e-06
1.05136e-05
5.56685e-06
9.58748e-06
6.08082e-06
8.16938e-06
6.39608e-06
6.54258e-06
6.53379e-06
4.89289e-06
6.51235e-06
3.30255e-06
6.33055e-06
1.79374e-06
5.98525e-06
3.50159e-07
5.44455e-06
-1.10629e-06
4.71498e-06
-2.56924e-06
3.78851e-06
-4.03991e-06
2.69376e-06
-5.56883e-06
1.3899e-06
-7.35709e-06
-1.55016e-07
-1.10136e-05
-9.13556e-07
-1.92811e-05
-2.32545e-05
5.78046e-07
1.51222e-06
1.7609e-06
5.60535e-06
3.10063e-06
8.20496e-06
4.45316e-06
9.26245e-06
5.72102e-06
9.24576e-06
6.80555e-06
8.50295e-06
7.64128e-06
7.33366e-06
8.21555e-06
5.96831e-06
8.54094e-06
4.56749e-06
8.63458e-06
3.20891e-06
8.50343e-06
1.92489e-06
8.14495e-06
7.08635e-07
7.51533e-06
-4.76661e-07
6.6316e-06
-1.68551e-06
5.48096e-06
-2.88927e-06
4.1043e-06
-4.19217e-06
2.57338e-06
-5.82618e-06
9.58114e-07
-9.39832e-06
-1.43932e-07
-1.8179e-05
-2.33985e-05
1.52402e-07
1.35981e-06
1.04124e-06
4.71651e-06
2.52008e-06
6.72613e-06
4.24397e-06
7.53855e-06
5.96794e-06
7.52179e-06
7.50442e-06
6.96647e-06
8.7507e-06
6.08737e-06
9.67707e-06
5.04194e-06
1.02787e-05
3.96582e-06
1.05676e-05
2.9201e-06
1.05496e-05
1.94283e-06
1.02307e-05
1.02752e-06
9.56599e-06
1.88081e-07
8.57574e-06
-6.95263e-07
7.2511e-06
-1.56463e-06
5.64349e-06
-2.58456e-06
3.91298e-06
-4.09567e-06
2.24135e-06
-7.7267e-06
6.53369e-07
-1.6591e-05
-2.27451e-05
-5.17607e-07
1.87742e-06
2.01254e-07
3.99765e-06
1.75886e-06
5.16852e-06
3.82491e-06
5.4725e-06
5.98304e-06
5.36366e-06
7.94684e-06
5.00266e-06
9.57978e-06
4.45444e-06
1.08405e-05
3.78125e-06
1.17115e-05
3.09479e-06
1.22094e-05
2.42219e-06
1.23381e-05
1.81416e-06
1.21175e-05
1.24808e-06
1.1571e-05
7.34609e-07
1.06703e-05
2.05432e-07
9.41984e-06
-3.14176e-07
7.89166e-06
-1.05638e-06
6.2715e-06
-2.47551e-06
4.45873e-06
-5.91393e-06
2.05643e-06
-1.41887e-05
-2.06887e-05
-4.17978e-06
6.05721e-06
-3.64266e-06
3.46052e-06
-1.24643e-06
2.7723e-06
1.55394e-06
2.67212e-06
4.29572e-06
2.62189e-06
6.83251e-06
2.46587e-06
9.0512e-06
2.23576e-06
1.08917e-05
1.94079e-06
1.23357e-05
1.65078e-06
1.34103e-05
1.3475e-06
1.41329e-05
1.09164e-06
1.45479e-05
8.3305e-07
1.46434e-05
6.39078e-07
1.4429e-05
4.199e-07
1.38985e-05
2.16269e-07
1.30677e-05
-2.25517e-07
1.19252e-05
-1.33301e-06
1.01132e-05
-4.10201e-06
5.6382e-06
-9.71369e-06
-1.50505e-05
6.05721e-06
9.51773e-06
1.229e-05
1.49622e-05
1.7584e-05
2.00499e-05
2.22857e-05
2.42265e-05
2.58772e-05
2.72247e-05
2.83164e-05
2.91494e-05
2.97885e-05
3.02084e-05
3.04247e-05
3.01992e-05
2.88662e-05
2.47641e-05
1.50505e-05
)
;

boundaryField
{
    movingWall
    {
        type            calculated;
        value           uniform 0;
    }
    fixedWalls
    {
        type            calculated;
        value           uniform 0;
    }
    frontAndBack
    {
        type            empty;
        value           nonuniform List<scalar> 0();
    }
}


// ************************************************************************* //
