/*--------------------------------*- C++ -*----------------------------------*\
| =========                 |                                                 |
| \\      /  F ield         | OpenFOAM: The Open Source CFD Toolbox           |
|  \\    /   O peration     | Version:  2212                                  |
|   \\  /    A nd           | Website:  www.openfoam.com                      |
|    \\/     M anipulation  |                                                 |
\*---------------------------------------------------------------------------*/
FoamFile
{
    version     2.0;
    format      ascii;
    arch        "LSB;label=32;scalar=64";
    class       volScalarField;
    location    "5.3";
    object      T;
}
// * * * * * * * * * * * * * * * * * * * * * * * * * * * * * * * * * * * * * //

dimensions      [0 0 0 1 0 0 0];

internalField   nonuniform List<scalar> 
400
(
0.626198
0.638503
0.663206
0.699188
0.740056
0.775775
0.799591
0.811772
0.81718
0.820307
0.82282
0.825075
0.827146
0.828829
0.829597
0.828496
0.823958
0.813837
0.798535
0.785897
0.642751
0.657434
0.686686
0.727896
0.770122
0.799612
0.813054
0.817842
0.820103
0.821762
0.823689
0.826346
0.829825
0.833749
0.836928
0.837441
0.83239
0.819328
0.801194
0.787563
0.668335
0.687503
0.723019
0.765259
0.797937
0.812572
0.815532
0.814765
0.812769
0.811191
0.81149
0.814664
0.820756
0.829448
0.838791
0.845678
0.844834
0.830664
0.806122
0.790558
0.693359
0.717232
0.755821
0.791056
0.808913
0.810369
0.804669
0.796285
0.787322
0.780627
0.778136
0.781596
0.790677
0.805614
0.824248
0.843097
0.855296
0.850869
0.821899
0.798982
0.713057
0.740127
0.777304
0.801419
0.804974
0.79505
0.779608
0.761696
0.744969
0.732742
0.727183
0.730228
0.741459
0.761506
0.788806
0.820478
0.850285
0.867045
0.852531
0.816033
0.72697
0.755079
0.787694
0.79994
0.790901
0.770435
0.745024
0.718365
0.695262
0.67877
0.670923
0.673041
0.685135
0.707714
0.740147
0.780577
0.824545
0.863078
0.878137
0.841887
0.736131
0.763352
0.789935
0.791374
0.771816
0.742164
0.708359
0.675352
0.648228
0.629502
0.620652
0.622122
0.634169
0.657168
0.69131
0.735959
0.788198
0.841122
0.88129
0.878083
0.741763
0.766921
0.787621
0.780378
0.7525
0.715421
0.675401
0.638416
0.609261
0.589817
0.580814
0.582023
0.593504
0.615525
0.648831
0.694269
0.75098
0.813346
0.869094
0.898035
0.74491
0.767476
0.7832
0.769636
0.735709
0.693335
0.649338
0.610195
0.580228
0.560764
0.551891
0.553042
0.563975
0.584661
0.615737
0.659033
0.716606
0.785683
0.852591
0.892758
0.74629
0.766282
0.778572
0.761462
0.723938
0.678254
0.631888
0.591549
0.56116
0.541629
0.532653
0.533594
0.544103
0.563866
0.592898
0.632833
0.688012
0.760474
0.838352
0.889188
0.746382
0.76408
0.774421
0.756146
0.717201
0.670127
0.622934
0.582226
0.551587
0.531723
0.522219
0.522549
0.532427
0.551424
0.57892
0.615523
0.666391
0.738712
0.824748
0.886793
0.745481
0.761292
0.771122
0.754245
0.716413
0.669916
0.623161
0.582577
0.551624
0.531104
0.520719
0.52006
0.528904
0.546834
0.572871
0.606409
0.65202
0.721743
0.814154
0.885602
0.74364
0.758021
0.768324
0.754721
0.720135
0.676057
0.631128
0.59159
0.560855
0.53992
0.528675
0.526801
0.534156
0.550335
0.574302
0.604715
0.64454
0.709136
0.805545
0.885527
0.74074
0.754166
0.765597
0.757009
0.728176
0.688834
0.647459
0.610091
0.580183
0.559051
0.546908
0.543466
0.548749
0.562298
0.583171
0.609705
0.643529
0.70174
0.800046
0.886457
0.736613
0.749694
0.76215
0.758767
0.736958
0.704207
0.668304
0.634911
0.60737
0.587165
0.574785
0.56997
0.572824
0.582918
0.599458
0.621237
0.648957
0.699142
0.796947
0.88834
0.731504
0.744482
0.758024
0.760017
0.746566
0.722455
0.694074
0.666414
0.642625
0.624278
0.612051
0.605908
0.605808
0.611562
0.62266
0.638454
0.659808
0.700773
0.79668
0.891299
0.72674
0.739257
0.752252
0.757293
0.750861
0.735689
0.716204
0.696221
0.678234
0.663645
0.653012
0.646559
0.644069
0.645651
0.651334
0.660906
0.676795
0.710166
0.802117
0.896264
0.723293
0.735545
0.749054
0.756145
0.755447
0.748395
0.737559
0.725291
0.713314
0.702782
0.694207
0.687979
0.684176
0.682909
0.684968
0.689917
0.702401
0.729032
0.812817
0.902583
0.688056
0.733032
0.738574
0.743248
0.74356
0.74151
0.737903
0.734142
0.730436
0.72782
0.726037
0.725642
0.726517
0.728506
0.732819
0.73799
0.750918
0.773229
0.838298
0.913383
0.779775
0.807343
0.822841
0.832951
0.839296
0.84388
0.847046
0.850004
0.852366
0.855084
0.857455
0.86038
0.862992
0.86622
0.86916
0.873049
0.877537
0.886691
0.904056
0.935809
)
;

boundaryField
{
    movingWall
    {
        type            fixedValue;
        value           uniform 1;
    }
    fixedWalls
    {
        type            zeroGradient;
    }
    frontAndBack
    {
        type            empty;
    }
}


// ************************************************************************* //
