/*--------------------------------*- C++ -*----------------------------------*\
| =========                 |                                                 |
| \\      /  F ield         | OpenFOAM: The Open Source CFD Toolbox           |
|  \\    /   O peration     | Version:  2212                                  |
|   \\  /    A nd           | Website:  www.openfoam.com                      |
|    \\/     M anipulation  |                                                 |
\*---------------------------------------------------------------------------*/
FoamFile
{
    version     2.0;
    format      ascii;
    arch        "LSB;label=32;scalar=64";
    class       volScalarField;
    location    "8.7";
    object      p;
}
// * * * * * * * * * * * * * * * * * * * * * * * * * * * * * * * * * * * * * //

dimensions      [0 2 -2 0 0 0 0];

internalField   nonuniform List<scalar> 
400
(
6.50628e-07
-0.000150315
-0.000534356
-0.00107151
-0.00173218
-0.00249359
-0.00318465
-0.00359719
-0.00356495
-0.00293371
-0.00154823
0.000619595
0.00324973
0.00551432
0.00653428
0.00592384
0.00400341
0.00215119
0.00111221
0.00104313
0.00011657
-5.78303e-05
-0.000376741
-0.000763889
-0.00124378
-0.00188785
-0.00270588
-0.0035431
-0.00407951
-0.00393792
-0.002846
-0.000824543
0.00168964
0.00396128
0.00512534
0.00474414
0.00310444
0.0013763
0.000594722
0.000685737
0.000536648
0.000265214
-7.70408e-05
-0.000559366
-0.001347
-0.00258025
-0.00421859
-0.00598301
-0.0074016
-0.00794284
-0.00726323
-0.00546116
-0.00289093
-0.000193945
0.00179261
0.00242891
0.00171029
0.000503719
-0.000394482
-0.000391253
0.00115207
0.00074142
0.000192104
-0.00077452
-0.00245069
-0.00493711
-0.00799402
-0.0111189
-0.0137013
-0.0151747
-0.0152046
-0.0138378
-0.0112918
-0.00802749
-0.00475082
-0.00220835
-0.000868981
-0.000704789
-0.00128738
-0.00191674
0.00158328
0.000973761
-2.27024e-05
-0.0019237
-0.00500586
-0.00917866
-0.0139115
-0.0184768
-0.0222125
-0.0246488
-0.0255243
-0.0247187
-0.0223597
-0.0187403
-0.014302
-0.00965355
-0.00559034
-0.00294739
-0.00219188
-0.00401647
0.00129321
0.000444992
-0.00119712
-0.00430369
-0.00900356
-0.0148781
-0.0210691
-0.0267105
-0.0311855
-0.0341721
-0.0355387
-0.0351829
-0.0331908
-0.0297134
-0.024895
-0.0189575
-0.0125027
-0.00694648
-0.00439937
-0.00652248
-4.84512e-05
-0.00114752
-0.003499
-0.00779561
-0.0139302
-0.0211106
-0.0282309
-0.0344009
-0.0391206
-0.0422231
-0.0437104
-0.0436012
-0.0419641
-0.0388711
-0.0343044
-0.0281521
-0.0205352
-0.0127002
-0.00785295
-0.00774641
-0.00245041
-0.00374188
-0.00669772
-0.0119114
-0.0190364
-0.0269767
-0.0344971
-0.0407703
-0.0454404
-0.0484655
-0.0499276
-0.049919
-0.048519
-0.0457783
-0.0416538
-0.0359198
-0.0283204
-0.0193674
-0.0118199
-0.00797903
-0.00553719
-0.00691451
-0.0102622
-0.0160192
-0.0236537
-0.031883
-0.0394427
-0.0456022
-0.0501249
-0.0530436
-0.0544721
-0.0545123
-0.0532389
-0.0507134
-0.0469516
-0.0418035
-0.0348613
-0.0259429
-0.016706
-0.00999253
-0.00873287
-0.0100847
-0.0135957
-0.0195387
-0.027281
-0.0354795
-0.0429021
-0.0488975
-0.0532952
-0.0561516
-0.0575747
-0.0576459
-0.0564284
-0.0539969
-0.050439
-0.0457506
-0.0396264
-0.0315182
-0.0223171
-0.0143369
-0.0115028
-0.0127563
-0.0162168
-0.0220503
-0.029601
-0.0375802
-0.0448155
-0.0506859
-0.0550272
-0.057877
-0.0593184
-0.05941
-0.0582016
-0.0557734
-0.0522736
-0.0478416
-0.0424227
-0.0353762
-0.0271931
-0.0191755
-0.0135478
-0.0146169
-0.0178532
-0.0233112
-0.0304246
-0.038054
-0.0451065
-0.050936
-0.0553131
-0.0582228
-0.0597095
-0.0598119
-0.0585709
-0.0560672
-0.0525021
-0.0481272
-0.0431984
-0.0370499
-0.0300269
-0.022413
-0.0148358
-0.015566
-0.0183491
-0.023206
-0.0296872
-0.0368703
-0.0437537
-0.0496268
-0.0541393
-0.0571838
-0.0587519
-0.058859
-0.0575407
-0.0549006
-0.0511643
-0.0466457
-0.0419578
-0.0362944
-0.0302216
-0.0228921
-0.0154662
-0.0157203
-0.0177748
-0.0217426
-0.0273841
-0.0340239
-0.0407405
-0.0467282
-0.0514785
-0.0547522
-0.0564653
-0.0566064
-0.0551857
-0.052339
-0.0483346
-0.043573
-0.0387245
-0.0331372
-0.0280962
-0.0202765
-0.0155729
-0.0152966
-0.016336
-0.0190848
-0.0236487
-0.0296278
-0.0361631
-0.0423252
-0.047415
-0.0510253
-0.0529652
-0.0531686
-0.0516771
-0.0485794
-0.0442173
-0.0390472
-0.0337777
-0.0280694
-0.0242298
-0.014384
-0.0152754
-0.0145488
-0.0142593
-0.015424
-0.0186818
-0.0238901
-0.0302249
-0.0366062
-0.0421274
-0.0461894
-0.0484767
-0.0488539
-0.0473416
-0.0440113
-0.0392418
-0.0335146
-0.0276395
-0.0216294
-0.0180544
-0.00383406
-0.0146609
-0.0136172
-0.011706
-0.0110802
-0.0129522
-0.0173776
-0.0235297
-0.0301642
-0.0361852
-0.040802
-0.0435684
-0.0442514
-0.0428414
-0.039369
-0.0341805
-0.0276878
-0.0206829
-0.0132788
-0.00678948
0.0160497
-0.0145824
-0.0126565
-0.00864825
-0.00623481
-0.00691006
-0.0107449
-0.0168155
-0.0237358
-0.0302927
-0.0355319
-0.0388954
-0.0400269
-0.0388703
-0.0354424
-0.0298928
-0.0222756
-0.0128753
-0.00069306
0.0166892
0.0570591
-0.0117941
-0.0118304
-0.00572655
-0.00177612
-0.00176608
-0.0054051
-0.0115742
-0.0188122
-0.025871
-0.0316815
-0.0356555
-0.0373549
-0.036679
-0.0333507
-0.027222
-0.0175423
-0.00315198
0.0204843
0.0606977
0.129816
-0.0295162
-0.0106296
-0.000609702
0.00307931
0.00244669
-0.00155789
-0.00799902
-0.0155512
-0.0229722
-0.0291684
-0.0335256
-0.0355814
-0.0351952
-0.0319513
-0.0252254
-0.0128605
0.0094192
0.051166
0.122872
0.226071
)
;

boundaryField
{
    movingWall
    {
        type            zeroGradient;
    }
    fixedWalls
    {
        type            zeroGradient;
    }
    frontAndBack
    {
        type            empty;
    }
}


// ************************************************************************* //
