/*--------------------------------*- C++ -*----------------------------------*\
| =========                 |                                                 |
| \\      /  F ield         | OpenFOAM: The Open Source CFD Toolbox           |
|  \\    /   O peration     | Version:  2212                                  |
|   \\  /    A nd           | Website:  www.openfoam.com                      |
|    \\/     M anipulation  |                                                 |
\*---------------------------------------------------------------------------*/
FoamFile
{
    version     2.0;
    format      ascii;
    arch        "LSB;label=32;scalar=64";
    class       volScalarField;
    location    "8.7";
    object      T;
}
// * * * * * * * * * * * * * * * * * * * * * * * * * * * * * * * * * * * * * //

dimensions      [0 0 0 1 0 0 0];

internalField   nonuniform List<scalar> 
400
(
0.85386
0.857628
0.865243
0.876411
0.889237
0.900658
0.908536
0.912857
0.915031
0.916447
0.917697
0.918951
0.920256
0.921554
0.922618
0.923069
0.922282
0.919546
0.915178
0.911591
0.858811
0.863363
0.872456
0.885356
0.898757
0.908335
0.912836
0.914397
0.915003
0.915453
0.916206
0.917526
0.919498
0.921993
0.924468
0.92608
0.925543
0.92186
0.916321
0.912277
0.866492
0.872502
0.883641
0.896949
0.907277
0.91169
0.911931
0.910583
0.908777
0.907399
0.907223
0.908788
0.912116
0.917091
0.922776
0.92777
0.929722
0.92625
0.918424
0.91354
0.873981
0.881496
0.893568
0.904424
0.909363
0.908324
0.904196
0.898817
0.89342
0.889422
0.887866
0.889653
0.894567
0.902723
0.912995
0.923724
0.931797
0.933017
0.924157
0.916643
0.879775
0.888207
0.899503
0.906098
0.905166
0.898668
0.88943
0.879143
0.869697
0.862801
0.859675
0.861355
0.867574
0.878586
0.89342
0.910486
0.926718
0.937216
0.934705
0.922553
0.883701
0.892222
0.901435
0.9031
0.89642
0.884456
0.869904
0.854884
0.841804
0.832419
0.827953
0.829207
0.836165
0.848987
0.867084
0.88916
0.912638
0.933086
0.942842
0.931302
0.886065
0.893933
0.900364
0.89722
0.885354
0.868399
0.849161
0.830358
0.814641
0.803668
0.798433
0.799325
0.806482
0.819987
0.83967
0.864791
0.89334
0.921376
0.94233
0.943776
0.887294
0.894122
0.897799
0.890551
0.874322
0.853153
0.830216
0.808743
0.79142
0.779685
0.774174
0.774917
0.781947
0.795289
0.815071
0.841323
0.873033
0.906724
0.935772
0.950508
0.887743
0.89341
0.894699
0.88426
0.864701
0.84041
0.814926
0.791779
0.773572
0.76151
0.7559
0.756583
0.763427
0.776307
0.795326
0.821061
0.85398
0.891888
0.92728
0.947833
0.887679
0.892331
0.891986
0.879607
0.857937
0.831599
0.80447
0.780263
0.761485
0.749136
0.743324
0.743843
0.750501
0.763011
0.781167
0.805526
0.837826
0.878205
0.919674
0.94586
0.887261
0.891141
0.889882
0.876647
0.854001
0.826736
0.798934
0.774287
0.755169
0.742466
0.736243
0.736358
0.742657
0.754789
0.77221
0.794986
0.825423
0.866359
0.912564
0.944587
0.886586
0.889998
0.888646
0.875853
0.853568
0.826523
0.798878
0.77423
0.754872
0.741719
0.734915
0.734389
0.740033
0.751506
0.768078
0.789204
0.817025
0.857019
0.906902
0.943904
0.885652
0.888865
0.88797
0.876552
0.855748
0.830006
0.803451
0.779507
0.760379
0.747036
0.739722
0.738422
0.743094
0.753425
0.768669
0.78793
0.812617
0.850159
0.902407
0.943833
0.884399
0.887684
0.887769
0.878724
0.860692
0.837503
0.813064
0.790576
0.772157
0.758864
0.751088
0.748818
0.752139
0.760735
0.773956
0.79077
0.811979
0.846163
0.89951
0.944268
0.882721
0.886263
0.887301
0.880809
0.866218
0.846566
0.82534
0.805399
0.788667
0.776174
0.768404
0.765331
0.7671
0.773459
0.783895
0.797694
0.815219
0.844951
0.897976
0.945216
0.880705
0.884624
0.886867
0.883266
0.872839
0.857687
0.840653
0.82415
0.809854
0.798712
0.791218
0.787438
0.787408
0.791064
0.798091
0.808148
0.821699
0.846109
0.897906
0.94671
0.878738
0.882553
0.885062
0.883443
0.876771
0.866364
0.854209
0.842098
0.83127
0.822487
0.816077
0.81222
0.810798
0.811943
0.815645
0.821844
0.831846
0.851638
0.900913
0.949246
0.877337
0.881596
0.884982
0.884973
0.881582
0.875569
0.868093
0.860252
0.852845
0.84646
0.841319
0.837663
0.83548
0.834897
0.836282
0.839475
0.846913
0.862233
0.906596
0.952449
0.859689
0.878357
0.879022
0.879148
0.877405
0.874769
0.871598
0.868596
0.865804
0.863756
0.862268
0.86164
0.86177
0.862598
0.864723
0.867406
0.874239
0.886113
0.919936
0.957936
0.901319
0.913368
0.919912
0.923937
0.926204
0.927698
0.928573
0.929431
0.930068
0.930947
0.93172
0.932811
0.933812
0.935134
0.93639
0.938109
0.940249
0.944723
0.953537
0.969199
)
;

boundaryField
{
    movingWall
    {
        type            fixedValue;
        value           uniform 1;
    }
    fixedWalls
    {
        type            zeroGradient;
    }
    frontAndBack
    {
        type            empty;
    }
}


// ************************************************************************* //
