/*--------------------------------*- C++ -*----------------------------------*\
| =========                 |                                                 |
| \\      /  F ield         | OpenFOAM: The Open Source CFD Toolbox           |
|  \\    /   O peration     | Version:  2212                                  |
|   \\  /    A nd           | Website:  www.openfoam.com                      |
|    \\/     M anipulation  |                                                 |
\*---------------------------------------------------------------------------*/
FoamFile
{
    version     2.0;
    format      ascii;
    arch        "LSB;label=32;scalar=64";
    class       volScalarField;
    location    "2.5";
    object      T;
}
// * * * * * * * * * * * * * * * * * * * * * * * * * * * * * * * * * * * * * //

dimensions      [0 0 0 1 0 0 0];

internalField   nonuniform List<scalar> 
400
(
0.112686
0.137564
0.187675
0.261867
0.351163
0.437921
0.504861
0.545414
0.565485
0.575616
0.581754
0.585505
0.587137
0.585887
0.580409
0.567791
0.543254
0.49919
0.437532
0.388592
0.138394
0.171199
0.2358
0.327096
0.427162
0.508384
0.555767
0.578327
0.590643
0.599065
0.605635
0.611215
0.615777
0.61809
0.615534
0.603183
0.573698
0.51942
0.448655
0.396466
0.181631
0.229021
0.315267
0.419474
0.510082
0.564651
0.588933
0.600098
0.60599
0.609595
0.613589
0.619659
0.628197
0.638277
0.646243
0.644799
0.621312
0.560274
0.469406
0.411005
0.229518
0.293353
0.396334
0.496377
0.562156
0.58975
0.59615
0.59374
0.586911
0.580606
0.578507
0.583513
0.596127
0.616636
0.642084
0.6653
0.670883
0.632579
0.527111
0.445455
0.272737
0.350067
0.459684
0.54366
0.582075
0.586358
0.574653
0.55543
0.5348
0.518826
0.510782
0.513562
0.527487
0.554147
0.592917
0.640048
0.683861
0.697585
0.630485
0.508433
0.307165
0.392768
0.500651
0.564506
0.578378
0.562849
0.534608
0.501938
0.472749
0.451808
0.440886
0.441323
0.453466
0.479368
0.520784
0.578053
0.646239
0.708263
0.718656
0.597678
0.332445
0.421213
0.52279
0.567758
0.562027
0.531326
0.491518
0.452091
0.420838
0.400083
0.389697
0.389129
0.398562
0.420075
0.457084
0.513083
0.58809
0.673442
0.742034
0.711813
0.349593
0.437552
0.531648
0.561958
0.542263
0.501346
0.455263
0.414393
0.385014
0.367035
0.358601
0.357833
0.364401
0.380149
0.409491
0.458883
0.533026
0.627666
0.723215
0.775851
0.360196
0.444799
0.532322
0.553135
0.524651
0.477854
0.42948
0.390044
0.363992
0.349428
0.343278
0.342963
0.347589
0.358253
0.378917
0.417662
0.485078
0.583936
0.69409
0.767718
0.365397
0.445126
0.527759
0.544432
0.512101
0.462871
0.414428
0.377149
0.354058
0.342173
0.337736
0.337952
0.341697
0.349428
0.363734
0.391777
0.447992
0.545472
0.670783
0.762249
0.366086
0.440213
0.519948
0.537339
0.505198
0.456016
0.408619
0.373157
0.351846
0.341334
0.337645
0.338013
0.341293
0.347591
0.358176
0.377852
0.421679
0.51243
0.647446
0.758695
0.362841
0.431075
0.508901
0.531017
0.503347
0.45677
0.411122
0.376672
0.355655
0.345093
0.341209
0.341333
0.344309
0.350057
0.358953
0.373124
0.405519
0.48723
0.629832
0.757112
0.355668
0.418488
0.495192
0.524997
0.505394
0.463732
0.420555
0.386655
0.364911
0.353236
0.348373
0.347818
0.35037
0.355726
0.363757
0.374576
0.397182
0.467475
0.614656
0.757458
0.344069
0.402191
0.477022
0.515902
0.508231
0.475107
0.43646
0.403717
0.380895
0.367303
0.360644
0.35876
0.360461
0.365106
0.372183
0.380663
0.395766
0.454819
0.604605
0.75948
0.328035
0.383618
0.456354
0.503368
0.508959
0.487113
0.45558
0.425916
0.403188
0.388129
0.379586
0.375936
0.376108
0.379184
0.38436
0.390406
0.399913
0.447599
0.597858
0.763192
0.308805
0.361717
0.430815
0.483701
0.503303
0.496095
0.475607
0.452357
0.432072
0.416803
0.406627
0.400728
0.398277
0.398387
0.400315
0.403095
0.408746
0.44598
0.595958
0.768745
0.29216
0.343683
0.407428
0.459797
0.487687
0.493421
0.485551
0.472004
0.457793
0.4454
0.435655
0.428463
0.423525
0.420221
0.418674
0.418291
0.422978
0.454019
0.602867
0.77803
0.280203
0.325088
0.384801
0.434258
0.466069
0.481235
0.484647
0.480919
0.473876
0.465688
0.457831
0.450725
0.44512
0.440547
0.438767
0.438628
0.447712
0.478208
0.62035
0.790181
0.20389
0.335151
0.368203
0.400082
0.421283
0.435522
0.444288
0.45001
0.453557
0.456867
0.459952
0.463796
0.468594
0.473811
0.48214
0.490299
0.510888
0.547243
0.664387
0.810809
0.431792
0.505081
0.549248
0.580831
0.603689
0.621945
0.636377
0.649413
0.660343
0.671213
0.680591
0.69054
0.699121
0.708628
0.716778
0.726726
0.736502
0.755784
0.789246
0.855648
)
;

boundaryField
{
    movingWall
    {
        type            fixedValue;
        value           uniform 1;
    }
    fixedWalls
    {
        type            zeroGradient;
    }
    frontAndBack
    {
        type            empty;
    }
}


// ************************************************************************* //
