/*--------------------------------*- C++ -*----------------------------------*\
| =========                 |                                                 |
| \\      /  F ield         | OpenFOAM: The Open Source CFD Toolbox           |
|  \\    /   O peration     | Version:  2212                                  |
|   \\  /    A nd           | Website:  www.openfoam.com                      |
|    \\/     M anipulation  |                                                 |
\*---------------------------------------------------------------------------*/
FoamFile
{
    version     2.0;
    format      ascii;
    arch        "LSB;label=32;scalar=64";
    class       volScalarField;
    location    "17.9";
    object      T;
}
// * * * * * * * * * * * * * * * * * * * * * * * * * * * * * * * * * * * * * //

dimensions      [0 0 0 1 0 0 0];

internalField   nonuniform List<scalar> 
400
(
0.977971
0.978432
0.979365
0.980747
0.982362
0.98384
0.984905
0.985529
0.985869
0.986101
0.986312
0.986531
0.986766
0.987009
0.987223
0.987349
0.987285
0.98693
0.98634
0.985857
0.978558
0.979123
0.980253
0.981873
0.983592
0.984865
0.985492
0.985712
0.985787
0.985843
0.98596
0.986185
0.986532
0.986984
0.987449
0.98779
0.987794
0.987303
0.986526
0.985968
0.979474
0.980234
0.981643
0.983342
0.984682
0.985251
0.985226
0.984945
0.984596
0.984332
0.984286
0.984553
0.985135
0.986014
0.987034
0.98796
0.988407
0.987989
0.986867
0.986172
0.980372
0.981333
0.982871
0.984248
0.984832
0.984559
0.98379
0.982812
0.981847
0.981133
0.980854
0.981163
0.982022
0.983448
0.985247
0.987139
0.98861
0.988983
0.987742
0.986649
0.981061
0.982138
0.983553
0.984313
0.983997
0.982813
0.981159
0.979339
0.977675
0.976461
0.975913
0.976209
0.977303
0.979232
0.981821
0.984792
0.987623
0.989512
0.989311
0.987533
0.981513
0.982582
0.98367
0.983672
0.98242
0.980294
0.977717
0.975072
0.972765
0.97111
0.970324
0.970551
0.971786
0.974053
0.977234
0.981092
0.985167
0.988708
0.990474
0.988824
0.981761
0.982711
0.983352
0.982585
0.980459
0.977459
0.974059
0.970738
0.96795
0.966001
0.965071
0.965235
0.966517
0.968924
0.972414
0.976838
0.981826
0.986681
0.990289
0.990677
0.981861
0.982639
0.982833
0.98139
0.97851
0.974765
0.970705
0.966895
0.963804
0.961706
0.96072
0.96086
0.962129
0.964525
0.968057
0.972711
0.978284
0.98415
0.989153
0.991668
0.981862
0.982456
0.982256
0.980272
0.976809
0.972508
0.967987
0.963862
0.960598
0.958429
0.957421
0.95755
0.958793
0.96112
0.964538
0.96913
0.974948
0.981575
0.987698
0.991215
0.9818
0.982243
0.981775
0.979454
0.975614
0.970945
0.966121
0.961793
0.958415
0.956187
0.955138
0.955238
0.956451
0.958719
0.961997
0.966367
0.972106
0.979194
0.986381
0.990871
0.981698
0.982037
0.98142
0.978937
0.974917
0.970079
0.965129
0.960715
0.95727
0.954973
0.953848
0.953875
0.955025
0.957229
0.960383
0.964485
0.969918
0.977131
0.985157
0.990652
0.981567
0.981859
0.981239
0.978815
0.974846
0.970042
0.965117
0.9607
0.957212
0.954834
0.953603
0.953513
0.954544
0.95663
0.959633
0.963446
0.968432
0.9755
0.984176
0.990532
0.981405
0.981699
0.981171
0.978963
0.975237
0.970662
0.965932
0.961646
0.958204
0.955795
0.954473
0.954242
0.955096
0.956973
0.959734
0.963215
0.967653
0.974307
0.983403
0.990519
0.981202
0.981545
0.98121
0.979395
0.976132
0.972001
0.967649
0.96363
0.960324
0.957931
0.956529
0.956123
0.95673
0.95829
0.960683
0.963721
0.967542
0.973614
0.982904
0.990592
0.980936
0.981354
0.981208
0.979821
0.977136
0.97362
0.969839
0.966283
0.963289
0.961048
0.959653
0.959104
0.959428
0.960581
0.962468
0.964961
0.968123
0.973414
0.982645
0.990754
0.980621
0.981133
0.981235
0.980348
0.978367
0.975623
0.972577
0.969634
0.967083
0.965092
0.963752
0.963079
0.96308
0.963744
0.965016
0.966835
0.969281
0.973631
0.982638
0.991009
0.980307
0.980811
0.980993
0.98047
0.979138
0.977213
0.975018
0.97285
0.970916
0.96935
0.968207
0.967523
0.967276
0.967491
0.968166
0.969291
0.971093
0.974615
0.983164
0.991443
0.980085
0.9807
0.981071
0.980856
0.980103
0.97894
0.977557
0.976133
0.9748
0.973658
0.972742
0.972095
0.971711
0.971616
0.97187
0.972449
0.973773
0.976479
0.984149
0.991989
0.977077
0.980024
0.980011
0.979901
0.979494
0.978955
0.97834
0.977768
0.977244
0.976856
0.976573
0.976443
0.976449
0.976581
0.97694
0.9774
0.978579
0.980633
0.986447
0.992926
0.983901
0.985846
0.986887
0.98751
0.987842
0.988049
0.988157
0.988267
0.988344
0.988466
0.988575
0.988739
0.988892
0.9891
0.989301
0.98958
0.989937
0.990691
0.992195
0.994842
)
;

boundaryField
{
    movingWall
    {
        type            fixedValue;
        value           uniform 1;
    }
    fixedWalls
    {
        type            zeroGradient;
    }
    frontAndBack
    {
        type            empty;
    }
}


// ************************************************************************* //
