/*--------------------------------*- C++ -*----------------------------------*\
| =========                 |                                                 |
| \\      /  F ield         | OpenFOAM: The Open Source CFD Toolbox           |
|  \\    /   O peration     | Version:  2212                                  |
|   \\  /    A nd           | Website:  www.openfoam.com                      |
|    \\/     M anipulation  |                                                 |
\*---------------------------------------------------------------------------*/
FoamFile
{
    version     2.0;
    format      ascii;
    arch        "LSB;label=32;scalar=64";
    class       volScalarField;
    location    "15.8";
    object      p;
}
// * * * * * * * * * * * * * * * * * * * * * * * * * * * * * * * * * * * * * //

dimensions      [0 2 -2 0 0 0 0];

internalField   nonuniform List<scalar> 
400
(
8.82064e-08
-0.000150944
-0.000535029
-0.00107223
-0.00173296
-0.00249445
-0.00318558
-0.00359816
-0.00356593
-0.00293466
-0.0015491
0.000618861
0.00324909
0.0055136
0.00653326
0.00592235
0.00400152
0.00214908
0.00111007
0.00104102
0.000115941
-5.84779e-05
-0.000377423
-0.000764599
-0.00124452
-0.00188865
-0.00270678
-0.00354412
-0.00408062
-0.00393903
-0.00284702
-0.000825427
0.00168884
0.00396041
0.00512419
0.00474255
0.00310242
0.00137418
0.000592583
0.000683629
0.000536056
0.000264585
-7.77069e-05
-0.000560067
-0.00134778
-0.00258119
-0.00421977
-0.00598447
-0.00740329
-0.00794462
-0.00726491
-0.00546268
-0.0028923
-0.000195274
0.00179113
0.00242713
0.00170818
0.000501468
-0.000396723
-0.000393429
0.00115157
0.000740882
0.000191492
-0.000775252
-0.00245166
-0.00493848
-0.00799589
-0.0111213
-0.0137042
-0.0151778
-0.0152077
-0.0138407
-0.0112944
-0.00802986
-0.00475303
-0.00221052
-0.00087121
-0.000707053
-0.00128967
-0.00191899
0.00158297
0.000973364
-2.32687e-05
-0.00192458
-0.00500729
-0.00918084
-0.0139146
-0.0184807
-0.0222171
-0.0246539
-0.0255296
-0.0247238
-0.0223643
-0.0187443
-0.0143055
-0.00965654
-0.00559295
-0.00294974
-0.00219409
-0.00401882
0.00129303
0.000444675
-0.00119776
-0.00430493
-0.00900574
-0.0148815
-0.0210737
-0.0267163
-0.0311923
-0.0341797
-0.0355465
-0.0351905
-0.0331978
-0.0297196
-0.0249002
-0.0189618
-0.0125061
-0.00694918
-0.00440172
-0.00652503
-4.86469e-05
-0.00114792
-0.00349991
-0.00779745
-0.0139333
-0.0211153
-0.0282373
-0.0344089
-0.0391299
-0.0422333
-0.043721
-0.0436116
-0.0419738
-0.0388797
-0.0343117
-0.028158
-0.0205398
-0.0127036
-0.00785559
-0.00774878
-0.00245084
-0.00374257
-0.00669909
-0.0119141
-0.0190407
-0.0269829
-0.0345053
-0.0407804
-0.0454522
-0.0484784
-0.0499411
-0.0499324
-0.0485316
-0.0457895
-0.0416633
-0.0359276
-0.0283264
-0.0193718
-0.011823
-0.00798129
-0.00553803
-0.00691564
-0.0102642
-0.0160226
-0.0236591
-0.0318906
-0.0394526
-0.0456143
-0.0501389
-0.0530591
-0.0544883
-0.0545284
-0.0532541
-0.0507271
-0.0469633
-0.041813
-0.0348687
-0.0259485
-0.0167099
-0.00999528
-0.00873418
-0.0100863
-0.0135982
-0.0195429
-0.0272873
-0.0354882
-0.0429134
-0.0489112
-0.0533111
-0.0561691
-0.0575931
-0.0576643
-0.0564458
-0.0540126
-0.0504524
-0.0457615
-0.039635
-0.0315249
-0.022322
-0.0143406
-0.0115045
-0.0127584
-0.0162198
-0.022055
-0.029608
-0.0375897
-0.0448277
-0.0507007
-0.0550443
-0.0578958
-0.0593382
-0.0594297
-0.0582204
-0.0557903
-0.0522881
-0.0478534
-0.0424321
-0.0353835
-0.0271988
-0.0191801
-0.0135498
-0.0146191
-0.0178564
-0.0233161
-0.0304317
-0.0380638
-0.0451189
-0.050951
-0.0553305
-0.058242
-0.0597297
-0.0598321
-0.05859
-0.0560844
-0.0525168
-0.0481391
-0.0432077
-0.0370571
-0.0300326
-0.0224179
-0.0148378
-0.0155683
-0.0183523
-0.0232108
-0.029694
-0.0368796
-0.0437656
-0.0496413
-0.0541561
-0.0572023
-0.0587714
-0.0588785
-0.0575592
-0.0549171
-0.0511782
-0.0466568
-0.0419662
-0.0363008
-0.0302267
-0.0228965
-0.0154681
-0.0157224
-0.0177776
-0.0217467
-0.0273902
-0.0340322
-0.0407513
-0.0467415
-0.0514939
-0.0547694
-0.0564833
-0.0566244
-0.0552027
-0.0523539
-0.048347
-0.0435825
-0.0387312
-0.0331419
-0.0281001
-0.0202797
-0.0155747
-0.0152985
-0.0163384
-0.0190881
-0.0236535
-0.0296346
-0.0361722
-0.0423366
-0.0474285
-0.0510404
-0.0529811
-0.0531845
-0.0516919
-0.0485922
-0.0442274
-0.0390544
-0.0337823
-0.0280719
-0.0242319
-0.0143853
-0.0152771
-0.0145504
-0.014261
-0.0154262
-0.0186852
-0.023895
-0.0302319
-0.0366153
-0.0421385
-0.046202
-0.0484902
-0.0488672
-0.0473539
-0.0440216
-0.0392494
-0.0335193
-0.0276415
-0.0216295
-0.0180537
-0.0038331
-0.0146623
-0.0136184
-0.0117071
-0.0110813
-0.0129539
-0.0173806
-0.0235344
-0.0301709
-0.0361939
-0.0408122
-0.0435794
-0.0442624
-0.0428513
-0.0393769
-0.0341857
-0.02769
-0.0206824
-0.0132763
-0.00678585
0.0160528
-0.0145835
-0.0126574
-0.0086487
-0.00623483
-0.0069103
-0.0107461
-0.0168182
-0.0237404
-0.0302991
-0.0355398
-0.0389042
-0.0400357
-0.0388781
-0.0354485
-0.0298962
-0.0222761
-0.0128727
-0.000688183
0.0166951
0.0570638
-0.0117948
-0.0118309
-0.00572631
-0.00177521
-0.00176518
-0.00540495
-0.0115755
-0.0188153
-0.025876
-0.031688
-0.0356628
-0.0373624
-0.0366858
-0.0333558
-0.0272245
-0.0175417
-0.00314831
0.0204903
0.0607044
0.129821
-0.0295171
-0.01063
-0.000609065
0.00308064
0.00244807
-0.00155721
-0.00799971
-0.0155537
-0.0229765
-0.0291742
-0.0335324
-0.0355885
-0.0352016
-0.0319562
-0.0252279
-0.0128602
0.00942253
0.0511715
0.122878
0.226076
)
;

boundaryField
{
    movingWall
    {
        type            zeroGradient;
    }
    fixedWalls
    {
        type            zeroGradient;
    }
    frontAndBack
    {
        type            empty;
    }
}


// ************************************************************************* //
