/*--------------------------------*- C++ -*----------------------------------*\
| =========                 |                                                 |
| \\      /  F ield         | OpenFOAM: The Open Source CFD Toolbox           |
|  \\    /   O peration     | Version:  2212                                  |
|   \\  /    A nd           | Website:  www.openfoam.com                      |
|    \\/     M anipulation  |                                                 |
\*---------------------------------------------------------------------------*/
FoamFile
{
    version     2.0;
    format      ascii;
    arch        "LSB;label=32;scalar=64";
    class       volScalarField;
    location    "15.8";
    object      T;
}
// * * * * * * * * * * * * * * * * * * * * * * * * * * * * * * * * * * * * * //

dimensions      [0 0 0 1 0 0 0];

internalField   nonuniform List<scalar> 
400
(
0.966941
0.967637
0.969049
0.971139
0.97358
0.975812
0.977417
0.978355
0.978864
0.979211
0.979527
0.979854
0.980204
0.980567
0.980886
0.981071
0.980973
0.980437
0.97955
0.978823
0.967829
0.968683
0.970392
0.972842
0.975438
0.977356
0.9783
0.978631
0.978744
0.97883
0.979005
0.979341
0.97986
0.980533
0.981227
0.981733
0.981735
0.980996
0.979828
0.978988
0.969216
0.970364
0.972494
0.97506
0.977083
0.977942
0.977908
0.97749
0.97697
0.976577
0.976509
0.976907
0.977777
0.97909
0.980611
0.981993
0.982657
0.982024
0.980339
0.979294
0.970576
0.972028
0.974352
0.976432
0.977316
0.976914
0.975767
0.974308
0.972867
0.971802
0.971386
0.971847
0.973129
0.975259
0.977945
0.980771
0.982966
0.983516
0.981651
0.980009
0.971621
0.973247
0.975387
0.97654
0.976074
0.974308
0.97184
0.969121
0.966637
0.964825
0.964006
0.964449
0.966081
0.968962
0.97283
0.977267
0.981495
0.984315
0.984005
0.981335
0.972307
0.973922
0.975571
0.975588
0.973721
0.970547
0.9667
0.96275
0.959306
0.956834
0.95566
0.955999
0.957844
0.961227
0.965978
0.97174
0.977828
0.983117
0.985752
0.983273
0.972684
0.974123
0.975102
0.973966
0.970792
0.966314
0.961238
0.956279
0.952117
0.949207
0.947819
0.948065
0.949978
0.953571
0.958781
0.965387
0.972837
0.980089
0.98548
0.986054
0.972839
0.97402
0.97433
0.972182
0.967883
0.962292
0.956231
0.950542
0.945929
0.942797
0.941326
0.941535
0.943428
0.947004
0.952276
0.959223
0.967546
0.976308
0.983783
0.987542
0.972843
0.973749
0.97347
0.970514
0.965344
0.958922
0.952173
0.946015
0.941144
0.937908
0.936403
0.936596
0.93845
0.941922
0.947024
0.953877
0.962563
0.972462
0.981609
0.986865
0.972754
0.973432
0.972752
0.969292
0.96356
0.956589
0.949387
0.942928
0.937887
0.934562
0.932997
0.933146
0.934955
0.93834
0.943232
0.949753
0.95832
0.968904
0.979641
0.986351
0.972602
0.973124
0.972221
0.96852
0.962519
0.955296
0.947907
0.941318
0.936178
0.932752
0.931073
0.931113
0.932828
0.936117
0.940822
0.946944
0.955054
0.965822
0.977812
0.986024
0.972408
0.972858
0.971949
0.968337
0.962411
0.955241
0.947889
0.941297
0.936092
0.932544
0.930707
0.930573
0.932111
0.935223
0.939703
0.945394
0.952835
0.963387
0.976347
0.985845
0.972166
0.972617
0.971845
0.968557
0.962995
0.956166
0.949105
0.942708
0.937572
0.933977
0.932005
0.93166
0.932934
0.935735
0.939855
0.945048
0.951671
0.961605
0.975192
0.985825
0.971861
0.972385
0.9719
0.969199
0.96433
0.958165
0.951668
0.94567
0.940736
0.937164
0.935073
0.934467
0.935372
0.9377
0.94127
0.945803
0.951505
0.96057
0.974447
0.985934
0.971463
0.972096
0.971894
0.969833
0.965829
0.960581
0.954937
0.949629
0.945161
0.941816
0.939734
0.938914
0.939398
0.941119
0.943934
0.947655
0.952372
0.960271
0.974059
0.986176
0.970991
0.971763
0.971929
0.970616
0.967664
0.96357
0.959024
0.95463
0.950822
0.94785
0.945851
0.944846
0.944847
0.945839
0.947737
0.950451
0.954101
0.960594
0.974048
0.986557
0.97052
0.97128
0.971565
0.970794
0.968811
0.965942
0.962667
0.95943
0.956544
0.954206
0.952501
0.95148
0.95111
0.951431
0.952437
0.954116
0.956805
0.962063
0.974834
0.987206
0.970188
0.971112
0.971677
0.971365
0.970247
0.968516
0.966453
0.964329
0.96234
0.960636
0.959268
0.958302
0.957729
0.957586
0.957965
0.95883
0.960805
0.964846
0.976305
0.988023
0.965693
0.970109
0.970094
0.969936
0.969333
0.968531
0.967615
0.966764
0.965982
0.965405
0.964982
0.96479
0.9648
0.964997
0.965534
0.966221
0.967982
0.971051
0.979739
0.989423
0.975904
0.978817
0.980375
0.981309
0.981808
0.98212
0.982283
0.98245
0.982566
0.98275
0.982913
0.98316
0.983389
0.983701
0.984002
0.98442
0.984954
0.986081
0.988329
0.992287
)
;

boundaryField
{
    movingWall
    {
        type            fixedValue;
        value           uniform 1;
    }
    fixedWalls
    {
        type            zeroGradient;
    }
    frontAndBack
    {
        type            empty;
    }
}


// ************************************************************************* //
