/*--------------------------------*- C++ -*----------------------------------*\
| =========                 |                                                 |
| \\      /  F ield         | OpenFOAM: The Open Source CFD Toolbox           |
|  \\    /   O peration     | Version:  2212                                  |
|   \\  /    A nd           | Website:  www.openfoam.com                      |
|    \\/     M anipulation  |                                                 |
\*---------------------------------------------------------------------------*/
FoamFile
{
    version     2.0;
    format      ascii;
    arch        "LSB;label=32;scalar=64";
    class       volScalarField;
    location    "18.2";
    object      T;
}
// * * * * * * * * * * * * * * * * * * * * * * * * * * * * * * * * * * * * * //

dimensions      [0 0 0 1 0 0 0];

internalField   nonuniform List<scalar> 
400
(
0.979207
0.979641
0.980522
0.981826
0.983349
0.984744
0.985748
0.986337
0.986658
0.986877
0.987077
0.987283
0.987505
0.987735
0.987937
0.988055
0.987996
0.98766
0.987104
0.986648
0.979761
0.980293
0.98136
0.982888
0.98451
0.98571
0.986302
0.98651
0.98658
0.986633
0.986744
0.986956
0.987284
0.987711
0.98815
0.988471
0.988476
0.988012
0.987279
0.986752
0.980625
0.981341
0.98267
0.984273
0.985537
0.986074
0.986051
0.985786
0.985456
0.985206
0.985163
0.985415
0.985964
0.986795
0.987757
0.988632
0.989055
0.98866
0.987602
0.986945
0.981471
0.982378
0.983829
0.985128
0.985678
0.985421
0.984695
0.983771
0.98286
0.982186
0.981922
0.982214
0.983024
0.984371
0.98607
0.987857
0.989246
0.989598
0.988427
0.987396
0.982122
0.983137
0.984472
0.985189
0.98489
0.983772
0.98221
0.980491
0.97892
0.977774
0.977256
0.977536
0.978568
0.98039
0.982835
0.98564
0.988313
0.990098
0.989908
0.98823
0.982548
0.983556
0.984582
0.984584
0.983401
0.981393
0.97896
0.976462
0.974284
0.972721
0.971978
0.972193
0.973359
0.975499
0.978504
0.982146
0.985995
0.989338
0.991006
0.989448
0.982781
0.983677
0.984282
0.983557
0.981549
0.978716
0.975506
0.972369
0.969737
0.967896
0.967018
0.967173
0.968384
0.970657
0.973952
0.97813
0.98284
0.987424
0.990831
0.991198
0.982876
0.983609
0.983791
0.982428
0.979709
0.976172
0.972339
0.968741
0.965822
0.96384
0.96291
0.963042
0.96424
0.966502
0.969838
0.974232
0.979495
0.985034
0.989758
0.992133
0.982876
0.983436
0.983246
0.981373
0.978103
0.974041
0.969772
0.965876
0.962794
0.960746
0.959794
0.959916
0.961089
0.963287
0.966515
0.970851
0.976345
0.982603
0.988384
0.991705
0.982818
0.983235
0.982792
0.9806
0.976974
0.972565
0.96801
0.963922
0.960733
0.958629
0.957638
0.957732
0.958877
0.96102
0.964115
0.968242
0.973662
0.980354
0.98714
0.991381
0.982721
0.98304
0.982457
0.980112
0.976316
0.971748
0.967073
0.962904
0.959651
0.957482
0.95642
0.956445
0.957531
0.959613
0.962591
0.966465
0.971596
0.978406
0.985985
0.991174
0.982597
0.982873
0.982286
0.979997
0.976248
0.971713
0.967061
0.962891
0.959597
0.957351
0.956188
0.956103
0.957077
0.959047
0.961882
0.965484
0.970192
0.976866
0.985059
0.991061
0.982445
0.982721
0.982222
0.980137
0.976618
0.972297
0.967831
0.963783
0.960533
0.958258
0.957009
0.956792
0.957598
0.959371
0.961978
0.965265
0.969456
0.97574
0.984329
0.991048
0.982252
0.982576
0.982259
0.980544
0.977463
0.973562
0.969453
0.965657
0.962535
0.960275
0.958951
0.958568
0.959141
0.960615
0.962874
0.965743
0.969351
0.975085
0.983858
0.991117
0.982001
0.982395
0.982257
0.980947
0.978412
0.975091
0.971521
0.968162
0.965335
0.963219
0.961902
0.961383
0.961689
0.962778
0.96456
0.966914
0.9699
0.974897
0.983613
0.99127
0.981704
0.982187
0.982283
0.981445
0.979573
0.976982
0.974106
0.971327
0.968917
0.967037
0.965772
0.965136
0.965137
0.965765
0.966966
0.968684
0.970994
0.975101
0.983606
0.991511
0.981408
0.981883
0.982055
0.98156
0.980302
0.978484
0.976412
0.974363
0.972538
0.971058
0.96998
0.969334
0.9691
0.969303
0.96994
0.971003
0.972705
0.976031
0.984103
0.99192
0.981198
0.981778
0.982128
0.981925
0.981213
0.980115
0.978809
0.977464
0.976206
0.975127
0.974262
0.973651
0.973288
0.973198
0.973438
0.973985
0.975235
0.977791
0.985033
0.992436
0.978358
0.98114
0.981127
0.981023
0.980639
0.980129
0.979549
0.979009
0.978513
0.978147
0.977879
0.977757
0.977763
0.977887
0.978226
0.97866
0.979774
0.981713
0.987204
0.993321
0.984801
0.986637
0.987619
0.988207
0.988521
0.988716
0.988818
0.988922
0.988995
0.98911
0.989212
0.989367
0.989512
0.989708
0.989898
0.990161
0.990499
0.99121
0.99263
0.99513
)
;

boundaryField
{
    movingWall
    {
        type            fixedValue;
        value           uniform 1;
    }
    fixedWalls
    {
        type            zeroGradient;
    }
    frontAndBack
    {
        type            empty;
    }
}


// ************************************************************************* //
