/*--------------------------------*- C++ -*----------------------------------*\
| =========                 |                                                 |
| \\      /  F ield         | OpenFOAM: The Open Source CFD Toolbox           |
|  \\    /   O peration     | Version:  2212                                  |
|   \\  /    A nd           | Website:  www.openfoam.com                      |
|    \\/     M anipulation  |                                                 |
\*---------------------------------------------------------------------------*/
FoamFile
{
    version     2.0;
    format      ascii;
    arch        "LSB;label=32;scalar=64";
    class       surfaceScalarField;
    location    "5.2";
    object      phi;
}
// * * * * * * * * * * * * * * * * * * * * * * * * * * * * * * * * * * * * * //

dimensions      [0 3 -1 0 0 0 0];

oriented        oriented;

internalField   nonuniform List<scalar> 
760
(
1.55418e-07
-1.55409e-07
2.92151e-07
-1.36733e-07
3.08149e-07
-1.59981e-08
1.81866e-07
1.26282e-07
-1.21657e-07
3.03524e-07
-6.66088e-07
5.44431e-07
-1.48337e-06
8.17284e-07
-2.48658e-06
1.0032e-06
-3.47426e-06
9.87685e-07
-4.21372e-06
7.3946e-07
-4.53808e-06
3.24361e-07
-4.34998e-06
-1.88103e-07
-3.59316e-06
-7.56819e-07
-2.38165e-06
-1.2115e-06
-9.45367e-07
-1.43629e-06
3.41081e-07
-1.28645e-06
1.0843e-06
-7.43222e-07
1.0299e-06
5.44024e-08
4.59919e-07
5.6998e-07
4.59919e-07
1.23854e-07
-2.79263e-07
7.24385e-08
-8.53173e-08
-2.99026e-07
3.55466e-07
-1.07941e-06
9.06664e-07
-2.31349e-06
1.5376e-06
-3.92098e-06
2.15192e-06
-5.65203e-06
2.54834e-06
-7.19408e-06
2.54525e-06
-8.32276e-06
2.11636e-06
-8.92825e-06
1.34495e-06
-8.96353e-06
3.59638e-07
-8.40596e-06
-7.4568e-07
-7.28676e-06
-1.87601e-06
-5.63903e-06
-2.85923e-06
-3.60655e-06
-3.46877e-06
-1.49373e-06
-3.39927e-06
1.73741e-07
-2.41069e-06
8.55293e-07
-6.27149e-07
5.24287e-07
9.00986e-07
9.84206e-07
-1.28523e-07
-1.50741e-07
-6.3477e-07
4.20931e-07
-1.62396e-06
1.34465e-06
-3.1368e-06
2.41951e-06
-5.04797e-06
3.44877e-06
-7.05907e-06
4.16302e-06
-8.85546e-06
4.34473e-06
-1.02571e-05
3.94694e-06
-1.12124e-05
3.07159e-06
-1.17134e-05
1.84602e-06
-1.17087e-05
3.54869e-07
-1.12516e-05
-1.20272e-06
-1.03219e-05
-2.80574e-06
-8.8652e-06
-4.31594e-06
-6.86151e-06
-5.47245e-06
-4.39977e-06
-5.86101e-06
-1.87897e-06
-4.93149e-06
-8.82352e-08
-2.41789e-06
2.93962e-07
5.18789e-07
1.27817e-06
-5.00149e-07
3.49408e-07
-1.55784e-06
1.47862e-06
-3.11359e-06
2.9004e-06
-5.07032e-06
4.37625e-06
-7.16885e-06
5.5473e-06
-9.10225e-06
6.09642e-06
-1.06686e-05
5.91104e-06
-1.18251e-05
5.10348e-06
-1.25999e-05
3.84637e-06
-1.30277e-05
2.27384e-06
-1.30935e-05
4.20698e-07
-1.28556e-05
-1.44062e-06
-1.22756e-05
-3.38576e-06
-1.12515e-05
-5.34e-06
-9.65248e-06
-7.07152e-06
-7.35367e-06
-8.15982e-06
-4.39345e-06
-7.8917e-06
-1.37783e-06
-5.43351e-06
1.19978e-07
-9.79016e-07
1.39815e-06
-8.60069e-07
1.20948e-06
-2.35616e-06
2.9747e-06
-4.22218e-06
4.76642e-06
-6.26395e-06
6.41803e-06
-8.20129e-06
7.48464e-06
-9.81191e-06
7.70704e-06
-1.10189e-05
7.11806e-06
-1.18488e-05
5.93329e-06
-1.23633e-05
4.36088e-06
-1.26354e-05
2.54594e-06
-1.27559e-05
5.41198e-07
-1.27118e-05
-1.48469e-06
-1.2494e-05
-3.60357e-06
-1.20232e-05
-5.81078e-06
-1.11129e-05
-7.98179e-06
-9.47517e-06
-9.79758e-06
-6.81087e-06
-1.0556e-05
-3.2187e-06
-9.02568e-06
-2.61731e-07
-3.93599e-06
1.13642e-06
-1.0838e-06
2.29328e-06
-2.77653e-06
4.66743e-06
-4.66485e-06
6.65475e-06
-6.51761e-06
8.27079e-06
-8.11107e-06
9.07809e-06
-9.31416e-06
8.91013e-06
-1.01225e-05
7.92642e-06
-1.06011e-05
6.4119e-06
-1.08404e-05
4.60015e-06
-1.09404e-05
2.646e-06
-1.10229e-05
6.23664e-07
-1.1075e-05
-1.43265e-06
-1.11123e-05
-3.56624e-06
-1.11055e-05
-5.81755e-06
-1.09006e-05
-8.1867e-06
-1.01701e-05
-1.05281e-05
-8.42003e-06
-1.23061e-05
-5.23531e-06
-1.22104e-05
-1.15728e-06
-8.01402e-06
-2.0861e-08
-1.10713e-06
3.40041e-06
-2.75005e-06
6.31035e-06
-4.44285e-06
8.34755e-06
-5.97414e-06
9.80207e-06
-7.18403e-06
1.0288e-05
-8.00991e-06
9.73601e-06
-8.4891e-06
8.40561e-06
-8.7085e-06
6.6313e-06
-8.77189e-06
4.66354e-06
-8.77672e-06
2.65082e-06
-8.806e-06
6.52945e-07
-8.87854e-06
-1.36011e-06
-9.01414e-06
-3.43064e-06
-9.22401e-06
-5.60768e-06
-9.45106e-06
-7.95965e-06
-9.4633e-06
-1.05158e-05
-8.74144e-06
-1.3028e-05
-6.52839e-06
-1.44235e-05
-2.41991e-06
-1.21225e-05
-2.44077e-06
-9.32596e-07
4.333e-06
-2.34009e-06
7.71785e-06
-3.72349e-06
9.73095e-06
-4.8994e-06
1.0978e-05
-5.76682e-06
1.11554e-05
-6.30856e-06
1.02777e-05
-6.58142e-06
8.67847e-06
-6.67637e-06
6.72625e-06
-6.68983e-06
4.677e-06
-6.69531e-06
2.6563e-06
-6.7291e-06
6.86731e-07
-6.80844e-06
-1.28077e-06
-6.95448e-06
-3.2846e-06
-7.19769e-06
-5.36447e-06
-7.55484e-06
-7.6025e-06
-7.93423e-06
-1.01364e-05
-7.92525e-06
-1.30369e-05
-6.71014e-06
-1.56386e-05
-3.58156e-06
-1.52511e-05
-6.02233e-06
-6.22846e-07
4.95585e-06
-1.6825e-06
8.7775e-06
-2.71309e-06
1.07615e-05
-3.54989e-06
1.18148e-05
-4.13724e-06
1.17428e-05
-4.48498e-06
1.06255e-05
-4.65176e-06
8.84525e-06
-4.71605e-06
6.79054e-06
-4.75048e-06
4.71142e-06
-4.79903e-06
2.70485e-06
-4.87203e-06
7.59731e-07
-4.97607e-06
-1.17672e-06
-5.12118e-06
-3.1395e-06
-5.33608e-06
-5.14957e-06
-5.67576e-06
-7.26281e-06
-6.15323e-06
-9.65896e-06
-6.5494e-06
-1.26408e-05
-6.12274e-06
-1.60652e-05
-3.91999e-06
-1.74538e-05
-9.94232e-06
-2.31518e-07
5.18736e-06
-8.90466e-07
9.43645e-06
-1.56046e-06
1.14315e-05
-2.08857e-06
1.23429e-05
-2.44693e-06
1.21011e-05
-2.65965e-06
1.08382e-05
-2.77485e-06
8.96045e-06
-2.84587e-06
6.86157e-06
-2.91761e-06
4.78316e-06
-3.01227e-06
2.79951e-06
-3.1327e-06
8.80164e-07
-3.27866e-06
-1.03077e-06
-3.45042e-06
-2.96774e-06
-3.66038e-06
-4.93961e-06
-3.95954e-06
-6.96365e-06
-4.42988e-06
-9.18862e-06
-5.01793e-06
-1.20527e-05
-5.12065e-06
-1.59625e-05
-3.55635e-06
-1.90181e-05
-1.34987e-05
1.63602e-07
5.02376e-06
-6.92502e-08
9.6693e-06
-4.01336e-07
1.17636e-05
-6.51542e-07
1.25931e-05
-8.05644e-07
1.22552e-05
-8.94701e-07
1.09273e-05
-9.58171e-07
9.02392e-06
-1.02802e-06
6.93141e-06
-1.12091e-06
4.87605e-06
-1.24462e-06
2.92322e-06
-1.40159e-06
1.03713e-06
-1.594e-06
-8.38361e-07
-1.82054e-06
-2.74119e-06
-2.07928e-06
-4.68086e-06
-2.39806e-06
-6.64488e-06
-2.86923e-06
-8.71745e-06
-3.55673e-06
-1.13652e-05
-4.0239e-06
-1.54953e-05
-3.0248e-06
-2.00172e-05
-1.65235e-05
5.00479e-07
4.52328e-06
6.9828e-07
9.4715e-06
7.41588e-07
1.17203e-05
7.77395e-07
1.25573e-05
8.22562e-07
1.221e-05
8.51635e-07
1.08982e-05
8.44784e-07
9.03077e-06
7.93736e-07
6.98246e-06
6.99678e-07
4.97011e-06
5.64491e-07
3.05841e-06
3.83255e-07
1.21837e-06
1.49764e-07
-6.04871e-07
-1.37806e-07
-2.45362e-06
-4.86135e-07
-4.33253e-06
-8.99619e-07
-6.2314e-06
-1.423e-06
-8.19407e-06
-2.20357e-06
-1.05847e-05
-2.95455e-06
-1.47444e-05
-2.46128e-06
-2.05105e-05
-1.89848e-05
7.55963e-07
3.76732e-06
1.35349e-06
8.87398e-06
1.74638e-06
1.13274e-05
2.0761e-06
1.22276e-05
2.34954e-06
1.19366e-05
2.53627e-06
1.07115e-05
2.62795e-06
8.9391e-06
2.63529e-06
6.97511e-06
2.5726e-06
5.0328e-06
2.44695e-06
3.18406e-06
2.2512e-06
1.41412e-06
1.97135e-06
-3.25027e-07
1.60753e-06
-2.0898e-06
1.15467e-06
-3.87968e-06
6.08087e-07
-5.68482e-06
-8.42456e-08
-7.50174e-06
-9.58153e-07
-9.71075e-06
-1.92133e-06
-1.37812e-05
-1.92626e-06
-2.05056e-05
-2.0911e-05
8.70595e-07
2.89673e-06
1.80996e-06
7.93461e-06
2.5519e-06
1.05855e-05
3.19326e-06
1.15862e-05
3.74136e-06
1.13885e-05
4.15274e-06
1.03001e-05
4.41135e-06
8.6805e-06
4.53116e-06
6.8553e-06
4.53545e-06
5.02851e-06
4.43976e-06
3.27975e-06
4.24239e-06
1.6115e-06
3.91207e-06
5.29205e-09
3.46748e-06
-1.64521e-06
2.88381e-06
-3.29601e-06
2.16171e-06
-4.96271e-06
1.31928e-06
-6.65931e-06
2.65293e-07
-8.65676e-06
-9.60467e-07
-1.25554e-05
-1.42832e-06
-2.00377e-05
-2.23393e-05
8.06468e-07
2.09026e-06
1.95424e-06
6.78684e-06
2.99731e-06
9.5424e-06
3.97132e-06
1.06122e-05
4.8491e-06
1.05107e-05
5.56447e-06
9.5847e-06
6.07814e-06
8.16683e-06
6.39309e-06
6.54034e-06
6.53051e-06
4.89109e-06
6.50888e-06
3.30138e-06
6.32704e-06
1.79333e-06
5.98172e-06
3.50613e-07
5.44133e-06
-1.10482e-06
4.71218e-06
-2.56686e-06
3.78624e-06
-4.03678e-06
2.6921e-06
-5.56516e-06
1.38877e-06
-7.35344e-06
-1.55608e-07
-1.10111e-05
-9.13995e-07
-1.92793e-05
-2.32533e-05
5.7769e-07
1.51257e-06
1.75992e-06
5.6046e-06
3.09909e-06
8.20324e-06
4.4511e-06
9.2602e-06
5.71849e-06
9.24334e-06
6.80261e-06
8.50059e-06
7.63794e-06
7.3315e-06
8.21183e-06
5.96645e-06
8.5369e-06
4.56603e-06
8.63031e-06
3.20797e-06
8.49905e-06
1.92458e-06
8.14065e-06
7.09014e-07
7.51132e-06
-4.75486e-07
6.62806e-06
-1.6836e-06
5.47804e-06
-2.88675e-06
4.10214e-06
-4.18926e-06
2.57191e-06
-5.8232e-06
9.57036e-07
-9.39618e-06
-1.44427e-07
-1.81778e-05
-2.33978e-05
1.522e-07
1.36037e-06
1.04046e-06
4.71634e-06
2.51867e-06
6.72503e-06
4.24192e-06
7.53694e-06
5.96529e-06
7.51997e-06
7.50122e-06
6.96466e-06
8.74701e-06
6.08571e-06
9.67294e-06
5.04052e-06
1.02742e-05
3.96474e-06
1.05628e-05
2.91943e-06
1.05447e-05
1.94265e-06
1.02259e-05
1.02786e-06
9.56149e-06
1.88891e-07
8.5717e-06
-6.93816e-07
7.24776e-06
-1.56281e-06
5.641e-06
-2.5825e-06
3.91137e-06
-4.09357e-06
2.24042e-06
-7.72523e-06
6.53012e-07
-1.65904e-05
-2.27447e-05
-5.17449e-07
1.87782e-06
2.00986e-07
3.99791e-06
1.75789e-06
5.16812e-06
3.82316e-06
5.47168e-06
5.98051e-06
5.36262e-06
7.94361e-06
5.00155e-06
9.57592e-06
4.4534e-06
1.08361e-05
3.78036e-06
1.17067e-05
3.09413e-06
1.22043e-05
2.4218e-06
1.23329e-05
1.81407e-06
1.21125e-05
1.24828e-06
1.15662e-05
7.35153e-07
1.06661e-05
2.06322e-07
9.41644e-06
-3.13168e-07
7.88914e-06
-1.0552e-06
6.26992e-06
-2.47435e-06
4.45791e-06
-5.91322e-06
2.0561e-06
-1.41886e-05
-2.06886e-05
-4.1796e-06
6.05742e-06
-3.64251e-06
3.46082e-06
-1.24673e-06
2.77233e-06
1.55301e-06
2.67194e-06
4.29408e-06
2.62156e-06
6.83017e-06
2.46546e-06
9.04823e-06
2.23534e-06
1.08882e-05
1.94042e-06
1.23318e-05
1.6505e-06
1.34063e-05
1.34733e-06
1.41287e-05
1.0916e-06
1.45439e-05
8.33132e-07
1.46397e-05
6.39297e-07
1.44259e-05
4.202e-07
1.38961e-05
2.16631e-07
1.30659e-05
-2.25017e-07
1.19242e-05
-1.33264e-06
1.01129e-05
-4.10191e-06
5.63805e-06
-9.71381e-06
-1.50506e-05
6.05742e-06
9.51824e-06
1.22906e-05
1.49625e-05
1.75841e-05
2.00495e-05
2.22849e-05
2.42253e-05
2.58758e-05
2.72231e-05
2.83147e-05
2.91478e-05
2.97871e-05
3.02073e-05
3.0424e-05
3.0199e-05
2.88663e-05
2.47644e-05
1.50506e-05
)
;

boundaryField
{
    movingWall
    {
        type            calculated;
        value           uniform 0;
    }
    fixedWalls
    {
        type            calculated;
        value           uniform 0;
    }
    frontAndBack
    {
        type            empty;
        value           nonuniform List<scalar> 0();
    }
}


// ************************************************************************* //
