/*--------------------------------*- C++ -*----------------------------------*\
| =========                 |                                                 |
| \\      /  F ield         | OpenFOAM: The Open Source CFD Toolbox           |
|  \\    /   O peration     | Version:  2212                                  |
|   \\  /    A nd           | Website:  www.openfoam.com                      |
|    \\/     M anipulation  |                                                 |
\*---------------------------------------------------------------------------*/
FoamFile
{
    version     2.0;
    format      ascii;
    arch        "LSB;label=32;scalar=64";
    class       surfaceScalarField;
    location    "1.7";
    object      phi;
}
// * * * * * * * * * * * * * * * * * * * * * * * * * * * * * * * * * * * * * //

dimensions      [0 3 -1 0 0 0 0];

oriented        oriented;

internalField   nonuniform List<scalar> 
760
(
6.82907e-08
-6.82908e-08
1.01765e-07
-3.34747e-08
7.12123e-08
3.05534e-08
-4.05348e-08
1.11747e-07
-2.65674e-07
2.25139e-07
-6.44889e-07
3.79216e-07
-1.20383e-06
5.58942e-07
-1.91169e-06
7.07858e-07
-2.65511e-06
7.43421e-07
-3.26596e-06
6.10852e-07
-3.58766e-06
3.21694e-07
-3.53078e-06
-5.68753e-08
-3.0036e-06
-5.27178e-07
-2.08797e-06
-9.15629e-07
-9.63885e-07
-1.12409e-06
7.06272e-08
-1.03451e-06
7.22782e-07
-6.52154e-07
7.51289e-07
-2.85079e-08
3.50554e-07
4.00735e-07
3.50554e-07
-7.8356e-09
-6.04551e-08
-1.4716e-07
1.0585e-07
-4.59283e-07
3.42676e-07
-1.00537e-06
6.57839e-07
-1.84132e-06
1.06109e-06
-2.96565e-06
1.50354e-06
-4.26908e-06
1.86237e-06
-5.54534e-06
1.98412e-06
-6.57658e-06
1.77466e-06
-7.21029e-06
1.24456e-06
-7.37125e-06
4.8265e-07
-7.0087e-06
-4.19424e-07
-6.14677e-06
-1.3891e-06
-4.81184e-06
-2.25056e-06
-3.13042e-06
-2.80551e-06
-1.36478e-06
-2.80015e-06
2.38293e-08
-2.04077e-06
6.43951e-07
-6.4863e-07
4.16808e-07
6.27879e-07
7.67362e-07
-1.78179e-07
1.17724e-07
-6.13563e-07
5.41235e-07
-1.31858e-06
1.0477e-06
-2.35363e-06
1.69288e-06
-3.71994e-06
2.4274e-06
-5.29333e-06
3.07693e-06
-6.85126e-06
3.4203e-06
-8.18041e-06
3.31327e-06
-9.15902e-06
2.75327e-06
-9.73706e-06
1.82259e-06
-9.87476e-06
6.20355e-07
-9.55839e-06
-7.35792e-07
-8.80131e-06
-2.14619e-06
-7.56364e-06
-3.48823e-06
-5.83557e-06
-4.53358e-06
-3.72281e-06
-4.91291e-06
-1.57493e-06
-4.18864e-06
-7.43946e-08
-2.14917e-06
2.63765e-07
2.89719e-07
1.03113e-06
-3.91093e-07
5.08817e-07
-1.15914e-06
1.30928e-06
-2.24307e-06
2.13163e-06
-3.65847e-06
3.10828e-06
-5.32038e-06
4.08931e-06
-7.02853e-06
4.78508e-06
-8.56485e-06
4.95662e-06
-9.79319e-06
4.54161e-06
-1.06752e-05
3.63533e-06
-1.12173e-05
2.36463e-06
-1.14048e-05
8.0786e-07
-1.12512e-05
-8.89427e-07
-1.07624e-05
-2.63497e-06
-9.85064e-06
-4.39996e-06
-8.40688e-06
-5.97734e-06
-6.33326e-06
-6.98653e-06
-3.71439e-06
-6.80752e-06
-1.14103e-06
-4.72253e-06
1.16359e-07
-9.67667e-07
1.14749e-06
-5.91896e-07
1.10071e-06
-1.63819e-06
2.35558e-06
-2.98675e-06
3.48018e-06
-4.58982e-06
4.71135e-06
-6.29928e-06
5.79877e-06
-7.90163e-06
6.38743e-06
-9.23188e-06
6.28687e-06
-1.02307e-05
5.54041e-06
-1.09134e-05
4.3181e-06
-1.13244e-05
2.7756e-06
-1.15175e-05
1.00092e-06
-1.15178e-05
-8.89054e-07
-1.1325e-05
-2.82778e-06
-1.08649e-05
-4.86009e-06
-9.97426e-06
-6.86799e-06
-8.40341e-06
-8.55738e-06
-5.92814e-06
-9.28279e-06
-2.71908e-06
-7.93159e-06
-2.10558e-07
-3.47619e-06
9.36927e-07
-7.19646e-07
1.82036e-06
-1.92163e-06
3.55757e-06
-3.36447e-06
4.92302e-06
-4.94487e-06
6.29176e-06
-6.49038e-06
7.34428e-06
-7.82005e-06
7.7171e-06
-8.83038e-06
7.2972e-06
-9.51584e-06
6.22587e-06
-9.92912e-06
4.73138e-06
-1.0147e-05
2.99346e-06
-1.02686e-05
1.12249e-06
-1.03449e-05
-8.12711e-07
-1.03671e-05
-2.80561e-06
-1.03213e-05
-4.90588e-06
-1.00668e-05
-7.12248e-06
-9.29219e-06
-9.33198e-06
-7.5553e-06
-1.10197e-05
-4.54952e-06
-1.09374e-05
-9.65819e-07
-7.05989e-06
-2.88913e-08
-7.35533e-07
2.55589e-06
-1.94134e-06
4.76338e-06
-3.3102e-06
6.29188e-06
-4.70546e-06
7.68701e-06
-5.97022e-06
8.60904e-06
-6.97231e-06
8.71918e-06
-7.66035e-06
7.98525e-06
-8.06443e-06
6.62994e-06
-8.25943e-06
4.92638e-06
-8.33368e-06
3.0677e-06
-8.37238e-06
1.1612e-06
-8.4315e-06
-7.53593e-07
-8.5291e-06
-2.70801e-06
-8.69724e-06
-4.73774e-06
-8.88719e-06
-6.93253e-06
-8.85449e-06
-9.36468e-06
-8.08258e-06
-1.17916e-05
-5.89764e-06
-1.31223e-05
-2.08207e-06
-1.08755e-05
-2.11096e-06
-6.35564e-07
3.19146e-06
-1.70487e-06
5.83268e-06
-2.87651e-06
7.46353e-06
-4.00107e-06
8.81157e-06
-4.95815e-06
9.56612e-06
-5.66621e-06
9.42724e-06
-6.11338e-06
8.43242e-06
-6.34912e-06
6.86568e-06
-6.45128e-06
5.02855e-06
-6.49384e-06
3.11026e-06
-6.52385e-06
1.19121e-06
-6.56167e-06
-7.15769e-07
-6.64107e-06
-2.62861e-06
-6.82149e-06
-4.55733e-06
-7.14732e-06
-6.6067e-06
-7.52514e-06
-8.98686e-06
-7.50356e-06
-1.18132e-05
-6.2644e-06
-1.43615e-05
-3.16567e-06
-1.39742e-05
-5.27663e-06
-4.42354e-07
3.63381e-06
-1.27449e-06
6.66482e-06
-2.17941e-06
8.36844e-06
-3.0073e-06
9.63946e-06
-3.67765e-06
1.02365e-05
-4.15451e-06
9.90411e-06
-4.45208e-06
8.72998e-06
-4.62254e-06
7.03614e-06
-4.72952e-06
5.13552e-06
-4.81757e-06
3.19832e-06
-4.89496e-06
1.2686e-06
-4.95164e-06
-6.5909e-07
-5.0081e-06
-2.57215e-06
-5.12119e-06
-4.44424e-06
-5.39804e-06
-6.32985e-06
-5.87973e-06
-8.50516e-06
-6.29932e-06
-1.13936e-05
-5.85298e-06
-1.48078e-05
-3.65899e-06
-1.61682e-05
-8.93562e-06
-1.90349e-07
3.82416e-06
-7.255e-07
7.19997e-06
-1.33262e-06
8.97556e-06
-1.86629e-06
1.01731e-05
-2.27994e-06
1.06501e-05
-2.57451e-06
1.01987e-05
-2.77651e-06
8.93199e-06
-2.92749e-06
7.18711e-06
-3.0659e-06
5.27394e-06
-3.20901e-06
3.34142e-06
-3.34597e-06
1.40556e-06
-3.45395e-06
-5.5111e-07
-3.53398e-06
-2.49212e-06
-3.61782e-06
-4.3604e-06
-3.81162e-06
-6.13605e-06
-4.263e-06
-8.05378e-06
-4.89411e-06
-1.07625e-05
-5.00616e-06
-1.46958e-05
-3.44401e-06
-1.77303e-05
-1.23796e-05
7.57812e-08
3.74838e-06
-1.33131e-07
7.40888e-06
-4.40249e-07
9.28267e-06
-6.94008e-07
1.04269e-05
-8.74455e-07
1.08306e-05
-1.00162e-06
1.03258e-05
-1.10871e-06
9.03909e-06
-1.22642e-06
7.30482e-06
-1.36936e-06
5.41688e-06
-1.5354e-06
3.50746e-06
-1.71238e-06
1.58255e-06
-1.8836e-06
-3.79895e-07
-2.03484e-06
-2.34088e-06
-2.17481e-06
-4.22043e-06
-2.37033e-06
-5.94053e-06
-2.79047e-06
-7.63363e-06
-3.51696e-06
-1.0036e-05
-4.00878e-06
-1.42039e-05
-2.99409e-06
-1.8745e-05
-1.53737e-05
2.938e-07
3.45458e-06
4.05029e-07
7.29765e-06
4.16246e-07
9.27146e-06
4.49519e-07
1.03936e-05
5.09265e-07
1.07708e-05
5.61437e-07
1.02737e-05
5.69228e-07
9.03129e-06
5.17536e-07
7.35652e-06
4.1104e-07
5.52337e-06
2.61604e-07
3.65689e-06
7.73488e-08
1.7668e-06
-1.39857e-07
-1.62689e-07
-3.82233e-07
-2.0985e-06
-6.51288e-07
-3.95138e-06
-9.69744e-07
-5.62208e-06
-1.4348e-06
-7.16857e-06
-2.24349e-06
-9.2273e-06
-3.02209e-06
-1.34253e-05
-2.49938e-06
-1.92677e-05
-1.78731e-05
4.5141e-07
3.00317e-06
8.52003e-07
6.89706e-06
1.15598e-06
8.96748e-06
1.47814e-06
1.00715e-05
1.81088e-06
1.04381e-05
2.08359e-06
1.0001e-05
2.25e-06
8.86488e-06
2.30712e-06
7.2994e-06
2.27525e-06
5.55525e-06
2.17106e-06
3.76109e-06
1.99412e-06
1.94373e-06
1.72373e-06
1.07706e-07
1.38148e-06
-1.75626e-06
9.62216e-07
-3.53211e-06
4.67377e-07
-5.12724e-06
-1.85526e-07
-6.51567e-06
-1.08348e-06
-8.32935e-06
-2.0816e-06
-1.24272e-05
-2.00766e-06
-1.93417e-05
-1.98808e-05
5.16033e-07
2.48713e-06
1.14679e-06
6.2663e-06
1.72227e-06
8.39199e-06
2.32177e-06
9.47197e-06
2.93056e-06
9.8293e-06
3.46168e-06
9.46983e-06
3.84848e-06
8.47809e-06
4.07704e-06
7.07083e-06
4.16626e-06
5.46603e-06
4.13446e-06
3.79289e-06
3.97775e-06
2.10044e-06
3.68115e-06
4.04312e-07
3.23161e-06
-1.30672e-06
2.64108e-06
-2.94158e-06
1.92285e-06
-4.40902e-06
1.09645e-06
-5.68927e-06
3.03502e-08
-7.26325e-06
-1.19604e-06
-1.12008e-05
-1.54148e-06
-1.89962e-05
-2.14222e-05
4.64281e-07
2.02285e-06
1.20307e-06
5.52751e-06
1.99073e-06
7.60433e-06
2.85197e-06
8.61073e-06
3.75214e-06
8.92913e-06
4.58289e-06
8.63908e-06
5.24975e-06
7.81123e-06
5.71441e-06
6.60617e-06
5.98002e-06
5.20043e-06
6.05944e-06
3.71346e-06
5.95062e-06
2.20926e-06
5.63583e-06
7.19103e-07
5.08976e-06
-7.60647e-07
4.33455e-06
-2.18637e-06
3.38654e-06
-3.46101e-06
2.30884e-06
-4.61157e-06
1.04348e-06
-5.99788e-06
-3.89638e-07
-9.76771e-06
-1.0739e-06
-1.8312e-05
-2.24961e-05
3.08335e-07
1.71452e-06
1.02177e-06
4.81407e-06
1.97986e-06
6.64625e-06
3.08513e-06
7.50546e-06
4.26809e-06
7.74618e-06
5.40471e-06
7.50246e-06
6.37445e-06
6.84148e-06
7.11053e-06
5.87009e-06
7.59178e-06
4.71918e-06
7.817e-06
3.48824e-06
7.78257e-06
2.24369e-06
7.48105e-06
1.02062e-06
6.85821e-06
-1.37808e-07
5.96089e-06
-1.28904e-06
4.80122e-06
-2.30134e-06
3.47642e-06
-3.28677e-06
2.04497e-06
-4.56644e-06
5.06166e-07
-8.2289e-06
-3.93411e-07
-1.74124e-05
-2.28896e-05
-2.51489e-08
1.73967e-06
4.16606e-07
4.37232e-06
1.42397e-06
5.63888e-06
2.76659e-06
6.16285e-06
4.25664e-06
6.25613e-06
5.7228e-06
6.03629e-06
7.02038e-06
5.5439e-06
8.06258e-06
4.82789e-06
8.79953e-06
3.98223e-06
9.21521e-06
3.07255e-06
9.2919e-06
2.16701e-06
9.0272e-06
1.28532e-06
8.41828e-06
4.71113e-07
7.43737e-06
-3.08127e-07
6.16429e-06
-1.02826e-06
4.6873e-06
-1.80978e-06
3.19898e-06
-3.07812e-06
1.78001e-06
-6.80993e-06
4.72998e-07
-1.61054e-05
-2.24166e-05
-4.31291e-07
2.17096e-06
-1.40251e-07
4.08128e-06
8.30839e-07
4.66779e-06
2.30157e-06
4.69212e-06
4.00641e-06
4.55129e-06
5.71398e-06
4.32872e-06
7.25813e-06
3.99975e-06
8.54374e-06
3.54228e-06
9.49976e-06
3.02621e-06
1.01071e-05
2.4652e-06
1.03446e-05
1.92952e-06
1.0225e-05
1.40487e-06
9.74691e-06
9.49239e-07
8.93993e-06
4.98858e-07
7.86983e-06
4.18349e-08
6.61257e-06
-5.52517e-07
5.37607e-06
-1.84162e-06
3.95326e-06
-5.38713e-06
1.84645e-06
-1.39986e-05
-2.05701e-05
-4.07605e-06
6.24701e-06
-3.6732e-06
3.67843e-06
-1.72664e-06
2.72123e-06
5.11387e-07
2.45409e-06
2.74319e-06
2.31949e-06
4.9022e-06
2.16971e-06
6.8996e-06
2.00235e-06
8.65616e-06
1.78572e-06
1.01125e-05
1.56988e-06
1.12562e-05
1.32146e-06
1.20757e-05
1.11001e-06
1.25994e-05
8.81206e-07
1.28262e-05
7.22491e-07
1.27985e-05
5.26473e-07
1.24783e-05
3.62058e-07
1.19094e-05
1.64569e-08
1.11592e-05
-1.09149e-06
9.75004e-06
-3.97795e-06
5.48771e-06
-9.73622e-06
-1.50824e-05
6.24701e-06
9.92544e-06
1.26467e-05
1.51008e-05
1.74202e-05
1.959e-05
2.15923e-05
2.3378e-05
2.49479e-05
2.62694e-05
2.73794e-05
2.82606e-05
2.89831e-05
2.95095e-05
2.98716e-05
2.98881e-05
2.87966e-05
2.48186e-05
1.50824e-05
)
;

boundaryField
{
    movingWall
    {
        type            calculated;
        value           uniform 0;
    }
    fixedWalls
    {
        type            calculated;
        value           uniform 0;
    }
    frontAndBack
    {
        type            empty;
        value           nonuniform List<scalar> 0();
    }
}


// ************************************************************************* //
