/*--------------------------------*- C++ -*----------------------------------*\
| =========                 |                                                 |
| \\      /  F ield         | OpenFOAM: The Open Source CFD Toolbox           |
|  \\    /   O peration     | Version:  2212                                  |
|   \\  /    A nd           | Website:  www.openfoam.com                      |
|    \\/     M anipulation  |                                                 |
\*---------------------------------------------------------------------------*/
FoamFile
{
    version     2.0;
    format      ascii;
    arch        "LSB;label=32;scalar=64";
    class       volScalarField;
    location    "1.7";
    object      T;
}
// * * * * * * * * * * * * * * * * * * * * * * * * * * * * * * * * * * * * * //

dimensions      [0 0 0 1 0 0 0];

internalField   nonuniform List<scalar> 
400
(
0.00765806
0.0141029
0.0294588
0.0577882
0.102847
0.164774
0.236461
0.303945
0.353922
0.383399
0.399088
0.407484
0.410851
0.408199
0.398085
0.376416
0.337454
0.275021
0.20174
0.151993
0.0127271
0.0239257
0.0499742
0.095663
0.162875
0.244707
0.323469
0.38183
0.417379
0.439015
0.453856
0.464575
0.471782
0.4738
0.467762
0.447088
0.402228
0.324276
0.231672
0.172294
0.0230459
0.0441549
0.0905634
0.163209
0.253856
0.342827
0.409312
0.44832
0.469854
0.48337
0.493316
0.502681
0.512726
0.522677
0.528941
0.522723
0.488449
0.405614
0.284893
0.210158
0.0380713
0.0735006
0.145331
0.242122
0.340995
0.41669
0.457563
0.472136
0.474531
0.472836
0.472458
0.477488
0.489684
0.509436
0.534664
0.557491
0.56032
0.510597
0.379102
0.274165
0.0560023
0.10752
0.202877
0.312236
0.401704
0.450549
0.460822
0.450332
0.433869
0.419008
0.410892
0.412243
0.424404
0.448828
0.486735
0.535095
0.581606
0.594544
0.512872
0.367645
0.0741924
0.140185
0.252213
0.361773
0.430975
0.44989
0.433548
0.405036
0.378208
0.35883
0.348978
0.348225
0.356901
0.377405
0.414265
0.470802
0.543555
0.61225
0.621359
0.483302
0.0902047
0.16676
0.287805
0.390025
0.436906
0.430938
0.397311
0.361479
0.335122
0.320485
0.315129
0.315159
0.319489
0.330747
0.355834
0.404028
0.480447
0.575723
0.653441
0.614535
0.102516
0.185081
0.309354
0.40233
0.430796
0.408072
0.366502
0.332126
0.313609
0.308728
0.310698
0.313352
0.314611
0.316176
0.325189
0.355573
0.422044
0.524322
0.634926
0.692058
0.110479
0.194958
0.319026
0.404684
0.421055
0.389219
0.346171
0.317584
0.308888
0.313494
0.321653
0.326943
0.327614
0.323885
0.319502
0.328498
0.375868
0.47559
0.602292
0.689715
0.11399
0.197212
0.319228
0.401185
0.412234
0.377203
0.335686
0.312853
0.311509
0.321777
0.332659
0.3391
0.3411
0.338253
0.329044
0.321237
0.345021
0.434133
0.574838
0.683503
0.112953
0.192515
0.311532
0.39385
0.405806
0.371902
0.33257
0.312804
0.314276
0.325687
0.336014
0.34183
0.345325
0.346849
0.340807
0.325336
0.327511
0.399828
0.548375
0.680801
0.107731
0.182234
0.29706
0.382675
0.40117
0.372209
0.335018
0.315033
0.314915
0.324136
0.332341
0.336905
0.341404
0.347665
0.34856
0.333579
0.320069
0.374307
0.527642
0.679318
0.0983913
0.167103
0.276427
0.366827
0.396495
0.376632
0.342565
0.320258
0.315321
0.320152
0.325816
0.329627
0.334994
0.344575
0.351738
0.341151
0.318052
0.354338
0.510225
0.680522
0.0855792
0.14801
0.249946
0.34426
0.388207
0.382372
0.354883
0.331001
0.320063
0.319061
0.321727
0.325287
0.331722
0.342947
0.353198
0.346812
0.319187
0.340327
0.497773
0.683267
0.0710827
0.126583
0.219303
0.314391
0.372323
0.384336
0.368854
0.347912
0.333433
0.327214
0.3266
0.329439
0.336023
0.346399
0.355313
0.349789
0.320627
0.330222
0.489211
0.688245
0.0576456
0.105789
0.187073
0.27728
0.344894
0.375782
0.377967
0.367237
0.355382
0.347474
0.344253
0.344911
0.348776
0.354483
0.35756
0.349432
0.321603
0.324364
0.485703
0.695078
0.0476448
0.087968
0.157095
0.23652
0.30417
0.34734
0.366951
0.371455
0.369228
0.365487
0.362562
0.360821
0.359928
0.358571
0.354422
0.343474
0.322129
0.32548
0.490948
0.706115
0.0487199
0.0807983
0.13764
0.201351
0.259114
0.302584
0.330594
0.345675
0.352434
0.354063
0.353196
0.350789
0.347834
0.343882
0.339609
0.333422
0.329007
0.345492
0.510778
0.721597
-0.0861527
0.0694631
0.109551
0.153773
0.191396
0.223466
0.248911
0.268996
0.284243
0.297214
0.307932
0.318281
0.328148
0.337569
0.349075
0.358697
0.380219
0.419177
0.561264
0.746701
0.228371
0.318857
0.375803
0.417893
0.450038
0.477105
0.499471
0.520042
0.537518
0.554711
0.569478
0.584845
0.597921
0.612114
0.623957
0.63798
0.650498
0.675323
0.71727
0.804507
)
;

boundaryField
{
    movingWall
    {
        type            fixedValue;
        value           uniform 1;
    }
    fixedWalls
    {
        type            zeroGradient;
    }
    frontAndBack
    {
        type            empty;
    }
}


// ************************************************************************* //
