/*--------------------------------*- C++ -*----------------------------------*\
| =========                 |                                                 |
| \\      /  F ield         | OpenFOAM: The Open Source CFD Toolbox           |
|  \\    /   O peration     | Version:  2212                                  |
|   \\  /    A nd           | Website:  www.openfoam.com                      |
|    \\/     M anipulation  |                                                 |
\*---------------------------------------------------------------------------*/
FoamFile
{
    version     2.0;
    format      ascii;
    arch        "LSB;label=32;scalar=64";
    class       volScalarField;
    location    "3.6";
    object      T;
}
// * * * * * * * * * * * * * * * * * * * * * * * * * * * * * * * * * * * * * //

dimensions      [0 0 0 1 0 0 0];

internalField   nonuniform List<scalar> 
400
(
0.354577
0.376998
0.421753
0.486594
0.560366
0.625542
0.669787
0.692806
0.702888
0.70831
0.712242
0.715251
0.717394
0.718195
0.716732
0.711221
0.69874
0.67477
0.639708
0.610882
0.383386
0.410507
0.464066
0.538942
0.615969
0.670902
0.697238
0.70771
0.713402
0.717635
0.721562
0.725727
0.730116
0.733931
0.735236
0.730734
0.71554
0.685151
0.644754
0.614197
0.428584
0.464479
0.530319
0.608319
0.669883
0.69996
0.70948
0.712532
0.713176
0.713529
0.715547
0.720527
0.72855
0.738965
0.748809
0.752928
0.742506
0.707676
0.654257
0.620165
0.473839
0.519086
0.591865
0.659174
0.696524
0.705728
0.702978
0.695742
0.686648
0.679715
0.677576
0.682625
0.694643
0.713915
0.737547
0.760114
0.770387
0.750716
0.686612
0.637641
0.510532
0.562608
0.634706
0.684463
0.699159
0.691533
0.675278
0.654705
0.634821
0.620281
0.6138
0.617876
0.632169
0.65776
0.693145
0.734702
0.77315
0.789515
0.750126
0.673385
0.537334
0.592507
0.658605
0.689897
0.685534
0.663145
0.63344
0.601403
0.573797
0.554422
0.545403
0.548092
0.562523
0.589776
0.629996
0.681936
0.740433
0.792146
0.805506
0.727561
0.555768
0.610669
0.668354
0.6833
0.663761
0.629187
0.588971
0.549876
0.51876
0.498039
0.488739
0.490803
0.504408
0.530469
0.570328
0.624801
0.691823
0.763141
0.818358
0.801679
0.567745
0.62008
0.669447
0.671732
0.640848
0.597074
0.549943
0.507552
0.47582
0.455804
0.447314
0.449302
0.461613
0.484996
0.521525
0.57415
0.644039
0.725606
0.802595
0.843491
0.575042
0.623584
0.665988
0.659551
0.620874
0.570985
0.520092
0.476795
0.445844
0.427249
0.419853
0.422114
0.433453
0.454142
0.48597
0.533137
0.601106
0.689071
0.779511
0.836462
0.578836
0.623148
0.660654
0.64972
0.606803
0.55345
0.500782
0.457491
0.427418
0.409872
0.40311
0.405491
0.416292
0.435387
0.463595
0.504532
0.566594
0.656408
0.760551
0.83196
0.579968
0.620112
0.6548
0.643012
0.598849
0.544283
0.491342
0.448472
0.418899
0.401644
0.394777
0.396774
0.406976
0.425092
0.451026
0.486726
0.541204
0.628312
0.741878
0.828845
0.578963
0.615194
0.648707
0.639596
0.597584
0.544102
0.491981
0.449489
0.419732
0.401933
0.394301
0.395449
0.404777
0.421974
0.446413
0.478169
0.524862
0.606733
0.727716
0.827426
0.575924
0.608801
0.642338
0.638542
0.601561
0.551253
0.501121
0.459419
0.429418
0.4108
0.402095
0.402046
0.410093
0.425882
0.448617
0.477151
0.51636
0.590324
0.715812
0.827475
0.570585
0.600754
0.634647
0.638214
0.609679
0.565555
0.519318
0.479316
0.44926
0.429591
0.419419
0.417651
0.423826
0.437437
0.45764
0.482694
0.515109
0.58043
0.708199
0.828921
0.562636
0.591531
0.625666
0.636596
0.618159
0.582663
0.54263
0.506277
0.477647
0.457847
0.446616
0.443079
0.446861
0.457353
0.473707
0.494478
0.520621
0.576024
0.703492
0.831653
0.552431
0.58049
0.614428
0.632265
0.625622
0.601824
0.571066
0.540874
0.515483
0.496604
0.484601
0.47905
0.479564
0.485677
0.496747
0.511835
0.531943
0.576803
0.70271
0.835897
0.54302
0.570619
0.602531
0.623248
0.625647
0.613604
0.59408
0.572932
0.553767
0.538407
0.527444
0.52092
0.518506
0.520015
0.525504
0.534465
0.54993
0.586944
0.70938
0.842955
0.536015
0.561416
0.592661
0.614655
0.623842
0.622178
0.613725
0.602094
0.589966
0.578951
0.569894
0.563174
0.559069
0.557436
0.559488
0.564367
0.578288
0.609866
0.72371
0.852053
0.483663
0.564014
0.57931
0.593543
0.600453
0.603073
0.602683
0.601299
0.599405
0.598453
0.598227
0.59946
0.602106
0.60585
0.612507
0.61988
0.637582
0.667791
0.758716
0.867569
0.633626
0.680556
0.707747
0.726322
0.7389
0.748515
0.75573
0.762346
0.767814
0.77359
0.778611
0.784306
0.789299
0.795142
0.800284
0.806851
0.813837
0.827715
0.852798
0.90042
)
;

boundaryField
{
    movingWall
    {
        type            fixedValue;
        value           uniform 1;
    }
    fixedWalls
    {
        type            zeroGradient;
    }
    frontAndBack
    {
        type            empty;
    }
}


// ************************************************************************* //
