/*--------------------------------*- C++ -*----------------------------------*\
| =========                 |                                                 |
| \\      /  F ield         | OpenFOAM: The Open Source CFD Toolbox           |
|  \\    /   O peration     | Version:  2212                                  |
|   \\  /    A nd           | Website:  www.openfoam.com                      |
|    \\/     M anipulation  |                                                 |
\*---------------------------------------------------------------------------*/
FoamFile
{
    version     2.0;
    format      ascii;
    arch        "LSB;label=32;scalar=64";
    class       surfaceScalarField;
    location    "9.2";
    object      phi;
}
// * * * * * * * * * * * * * * * * * * * * * * * * * * * * * * * * * * * * * //

dimensions      [0 3 -1 0 0 0 0];

oriented        oriented;

internalField   nonuniform List<scalar> 
760
(
1.56067e-07
-1.56118e-07
2.936e-07
-1.37533e-07
3.09958e-07
-1.63577e-08
1.83649e-07
1.26309e-07
-1.20332e-07
3.03981e-07
-6.65931e-07
5.45599e-07
-1.48524e-06
8.19306e-07
-2.49078e-06
1.00555e-06
-3.48023e-06
9.8945e-07
-4.22022e-06
7.39986e-07
-4.54386e-06
3.23643e-07
-4.35358e-06
-1.90279e-07
-3.59375e-06
-7.59831e-07
-2.37904e-06
-1.21471e-06
-9.40126e-07
-1.43892e-06
3.4762e-07
-1.28775e-06
1.08983e-06
-7.42211e-07
1.03302e-06
5.68097e-08
4.60976e-07
5.72045e-07
4.60976e-07
1.25025e-07
-2.81143e-07
7.45675e-08
-8.70761e-08
-2.97065e-07
3.55274e-07
-1.07892e-06
9.08166e-07
-2.3159e-06
1.54096e-06
-3.9273e-06
2.157e-06
-5.66213e-06
2.55414e-06
-7.20681e-06
2.55022e-06
-8.33669e-06
2.11933e-06
-8.94204e-06
1.34533e-06
-8.97598e-06
3.5759e-07
-8.41603e-06
-7.50237e-07
-7.29351e-06
-1.88234e-06
-5.64199e-06
-2.86623e-06
-3.60584e-06
-3.47507e-06
-1.49031e-06
-3.40328e-06
1.7863e-07
-2.41115e-06
8.58917e-07
-6.23478e-07
5.25682e-07
9.0528e-07
9.86658e-07
-1.27619e-07
-1.53525e-07
-6.33951e-07
4.19257e-07
-1.62493e-06
1.34625e-06
-3.14142e-06
2.42466e-06
-5.05739e-06
3.45693e-06
-7.07316e-06
4.17277e-06
-8.87318e-06
4.35416e-06
-1.02774e-05
3.95443e-06
-1.12341e-05
3.07607e-06
-1.17357e-05
1.84688e-06
-1.17297e-05
3.51655e-07
-1.12709e-05
-1.20912e-06
-1.03382e-05
-2.81499e-06
-8.87763e-06
-4.32681e-06
-6.86945e-06
-5.48325e-06
-4.40317e-06
-5.86956e-06
-1.87875e-06
-4.93556e-06
-8.64358e-08
-2.4158e-06
2.94677e-07
5.24167e-07
1.28133e-06
-5.00528e-07
3.47003e-07
-1.55998e-06
1.4787e-06
-3.11944e-06
2.90571e-06
-5.08126e-06
4.38648e-06
-7.18507e-06
5.56074e-06
-9.12299e-06
6.11069e-06
-1.06928e-05
5.92394e-06
-1.18519e-05
5.11359e-06
-1.26285e-05
3.85266e-06
-1.30571e-05
2.2755e-06
-1.31222e-05
4.16715e-07
-1.28827e-05
-1.4486e-06
-1.23e-05
-3.39776e-06
-1.12721e-05
-5.35465e-06
-9.6685e-06
-7.08686e-06
-7.36447e-06
-8.1736e-06
-4.39869e-06
-7.90134e-06
-1.37807e-06
-5.43642e-06
1.2072e-07
-9.74621e-07
1.40205e-06
-8.6193e-07
1.20893e-06
-2.36166e-06
2.97843e-06
-4.23269e-06
4.77674e-06
-6.27998e-06
6.43377e-06
-8.22232e-06
7.50308e-06
-9.837e-06
7.72537e-06
-1.10474e-05
7.1343e-06
-1.18799e-05
5.94615e-06
-1.23965e-05
4.36923e-06
-1.26697e-05
2.54869e-06
-1.27903e-05
5.373e-07
-1.27446e-05
-1.49421e-06
-1.2524e-05
-3.61837e-06
-1.20495e-05
-5.82917e-06
-1.11349e-05
-8.00149e-06
-9.49222e-06
-9.81626e-06
-6.82206e-06
-1.05715e-05
-3.22294e-06
-9.03553e-06
-2.61181e-07
-3.93638e-06
1.14087e-06
-1.08707e-06
2.296e-06
-2.78456e-06
4.67592e-06
-4.6783e-06
6.67048e-06
-6.53631e-06
8.29178e-06
-8.13425e-06
9.10102e-06
-9.34111e-06
8.93223e-06
-1.01529e-05
7.94607e-06
-1.06347e-05
6.42796e-06
-1.08767e-05
4.61127e-06
-1.09787e-05
2.65063e-06
-1.10619e-05
6.20493e-07
-1.11124e-05
-1.44364e-06
-1.11466e-05
-3.58418e-06
-1.11355e-05
-5.84024e-06
-1.09259e-05
-8.21112e-06
-1.01908e-05
-1.05514e-05
-8.4358e-06
-1.23265e-05
-5.24489e-06
-1.22264e-05
-1.15865e-06
-8.02262e-06
-1.77747e-08
-1.11117e-06
3.40717e-06
-2.75922e-06
6.32397e-06
-4.45716e-06
8.36841e-06
-5.99315e-06
9.82778e-06
-7.20711e-06
1.0315e-05
-8.03672e-06
9.76184e-06
-8.51976e-06
8.4291e-06
-8.74319e-06
6.6514e-06
-8.81048e-06
4.67856e-06
-8.81835e-06
2.65849e-06
-8.84888e-06
6.51022e-07
-8.92025e-06
-1.37227e-06
-9.05241e-06
-3.45202e-06
-9.25704e-06
-5.63561e-06
-9.47813e-06
-7.99003e-06
-9.48492e-06
-1.05446e-05
-8.75871e-06
-1.30527e-05
-6.54102e-06
-1.44441e-05
-2.42487e-06
-1.21388e-05
-2.44265e-06
-9.36556e-07
4.34373e-06
-2.34884e-06
7.73626e-06
-3.73672e-06
9.7563e-06
-4.91672e-06
1.10078e-05
-5.78787e-06
1.11861e-05
-6.33339e-06
1.03074e-05
-6.61048e-06
8.7062e-06
-6.71014e-06
6.75105e-06
-6.72819e-06
4.69662e-06
-6.73734e-06
2.66764e-06
-6.77294e-06
6.86616e-07
-6.85176e-06
-1.29345e-06
-6.99473e-06
-3.30905e-06
-7.23249e-06
-5.39784e-06
-7.58265e-06
-7.63987e-06
-7.9552e-06
-1.01721e-05
-7.94108e-06
-1.30668e-05
-6.72233e-06
-1.56629e-05
-3.58969e-06
-1.52714e-05
-6.03234e-06
-6.26002e-07
4.96973e-06
-1.68962e-06
8.79987e-06
-2.72381e-06
1.07905e-05
-3.56395e-06
1.18479e-05
-4.15455e-06
1.17767e-05
-4.50581e-06
1.06586e-05
-4.67664e-06
8.87703e-06
-4.74538e-06
6.81979e-06
-4.78412e-06
4.73536e-06
-4.83609e-06
2.71961e-06
-4.91109e-06
7.6162e-07
-5.0153e-06
-1.18924e-06
-5.15846e-06
-3.16589e-06
-5.36909e-06
-5.1872e-06
-5.70239e-06
-7.30658e-06
-6.17251e-06
-9.70195e-06
-6.56275e-06
-1.26766e-05
-6.13273e-06
-1.60929e-05
-3.92696e-06
-1.74772e-05
-9.95931e-06
-2.33239e-07
5.20297e-06
-8.94941e-07
9.46157e-06
-1.56745e-06
1.1463e-05
-2.09795e-06
1.23784e-05
-2.4588e-06
1.21376e-05
-2.67428e-06
1.08741e-05
-2.79261e-06
8.99536e-06
-2.86699e-06
6.89416e-06
-2.94187e-06
4.81024e-06
-3.03906e-06
2.8168e-06
-3.16126e-06
8.83825e-07
-3.30796e-06
-1.04254e-06
-3.47919e-06
-2.99466e-06
-3.68698e-06
-4.9794e-06
-3.98169e-06
-7.01187e-06
-4.44576e-06
-9.23788e-06
-5.02784e-06
-1.20945e-05
-5.12723e-06
-1.59935e-05
-3.56067e-06
-1.90437e-05
-1.352e-05
1.63761e-07
5.03921e-06
-7.04351e-08
9.69577e-06
-4.03884e-07
1.17965e-05
-6.55396e-07
1.26299e-05
-8.10904e-07
1.22931e-05
-9.01548e-07
1.09647e-05
-9.66687e-07
9.0605e-06
-1.03817e-06
6.96565e-06
-1.13254e-06
4.90461e-06
-1.25755e-06
2.94181e-06
-1.41578e-06
1.04206e-06
-1.60936e-06
-8.48966e-07
-1.8367e-06
-2.76732e-06
-2.09542e-06
-4.72068e-06
-2.4127e-06
-6.69459e-06
-2.87992e-06
-8.77066e-06
-3.56263e-06
-1.14118e-05
-4.02709e-06
-1.55291e-05
-3.02683e-06
-2.0044e-05
-1.65468e-05
5.02447e-07
4.53676e-06
7.00679e-07
9.49754e-06
7.44077e-07
1.17531e-05
7.79828e-07
1.25942e-05
8.24792e-07
1.22481e-05
8.53668e-07
1.09359e-05
8.46818e-07
9.06735e-06
7.96057e-07
7.01641e-06
7.02186e-07
4.99848e-06
5.669e-07
3.0771e-06
3.84965e-07
1.22399e-06
1.50191e-07
-6.14192e-07
-1.38963e-07
-2.47817e-06
-4.89137e-07
-4.37051e-06
-9.03856e-07
-6.27987e-06
-1.42649e-06
-8.24802e-06
-2.20454e-06
-1.06337e-05
-2.95403e-06
-1.47796e-05
-2.46097e-06
-2.0537e-05
-1.90078e-05
7.5972e-07
3.77704e-06
1.35947e-06
8.89778e-06
1.75393e-06
1.13586e-05
2.08498e-06
1.22631e-05
2.3595e-06
1.19736e-05
2.54739e-06
1.0748e-05
2.64056e-06
8.97417e-06
2.64973e-06
7.00725e-06
2.58884e-06
5.05937e-06
2.46423e-06
3.20171e-06
2.26824e-06
1.41998e-06
1.98678e-06
-3.32733e-07
1.62053e-06
-2.11192e-06
1.1646e-06
-3.91458e-06
6.14779e-07
-5.73005e-06
-8.00377e-08
-7.5532e-06
-9.53787e-07
-9.75998e-06
-1.91692e-06
-1.38164e-05
-1.92419e-06
-2.05298e-05
-2.0932e-05
8.7546e-07
2.90158e-06
1.81888e-06
7.95436e-06
2.5639e-06
1.06136e-05
3.20794e-06
1.16191e-05
3.75849e-06
1.1423e-05
4.17236e-06
1.03341e-05
4.43374e-06
8.7128e-06
4.55657e-06
6.88442e-06
4.56365e-06
5.05229e-06
4.46994e-06
3.29542e-06
4.2732e-06
1.61671e-06
3.94078e-06
-3.12261e-10
3.49348e-06
-1.66461e-06
2.90566e-06
-3.32677e-06
2.17863e-06
-5.00301e-06
1.33157e-06
-6.70614e-06
2.74156e-07
-8.70257e-06
-9.53294e-07
-1.2589e-05
-1.42495e-06
-2.00581e-05
-2.23569e-05
8.11341e-07
2.09024e-06
1.96483e-06
6.80087e-06
3.01241e-06
9.566e-06
3.9904e-06
1.06411e-05
4.87191e-06
1.05415e-05
5.59095e-06
9.61508e-06
6.10842e-06
8.19533e-06
6.42725e-06
6.56558e-06
6.56815e-06
4.91139e-06
6.54892e-06
3.31465e-06
6.36768e-06
1.79796e-06
6.02172e-06
3.45643e-07
5.47798e-06
-1.12087e-06
4.74399e-06
-2.59277e-06
3.81193e-06
-4.07096e-06
2.71088e-06
-5.60509e-06
1.40147e-06
-7.39316e-06
-1.49053e-07
-1.10385e-05
-9.09132e-07
-1.9298e-05
-2.3266e-05
5.81384e-07
1.50886e-06
1.77008e-06
5.61217e-06
3.11514e-06
8.22094e-06
4.47274e-06
9.2835e-06
5.74538e-06
9.2689e-06
6.83445e-06
8.52601e-06
7.67455e-06
7.35523e-06
8.25297e-06
5.98717e-06
8.58194e-06
4.58241e-06
8.67805e-06
3.21855e-06
8.54788e-06
1.92813e-06
8.18853e-06
7.04991e-07
7.55586e-06
-4.88203e-07
6.66734e-06
-1.70425e-06
5.51034e-06
-2.91396e-06
4.12593e-06
-4.22068e-06
2.58817e-06
-5.8554e-06
9.68846e-07
-9.41912e-06
-1.39027e-07
-1.81902e-05
-2.34051e-05
1.54293e-07
1.35456e-06
1.04854e-06
4.71793e-06
2.53324e-06
6.73623e-06
4.26322e-06
7.55352e-06
5.9931e-06
7.53902e-06
7.53512e-06
6.98399e-06
8.78658e-06
6.10377e-06
9.71764e-06
5.05611e-06
1.03233e-05
3.97674e-06
1.06149e-05
2.92697e-06
1.05983e-05
1.94475e-06
1.02789e-05
1.02432e-06
9.61054e-06
1.80202e-07
8.61568e-06
-7.09387e-07
7.28411e-06
-1.5824e-06
5.66807e-06
-2.60463e-06
3.92876e-06
-4.11609e-06
2.2505e-06
-7.74087e-06
6.56853e-07
-1.65965e-05
-2.27482e-05
-5.19119e-07
1.87368e-06
2.03677e-07
3.99513e-06
1.76772e-06
5.17219e-06
3.84115e-06
5.48009e-06
6.00673e-06
5.37343e-06
7.97744e-06
5.01328e-06
9.61665e-06
4.46457e-06
1.08827e-05
3.79003e-06
1.17581e-05
3.10134e-06
1.22589e-05
2.42617e-06
1.23885e-05
1.81514e-06
1.21666e-05
1.2462e-06
1.16175e-05
7.29336e-07
1.07114e-05
1.96753e-07
9.45299e-06
-3.24011e-07
7.91614e-06
-1.06778e-06
6.28673e-06
-2.48669e-06
4.46664e-06
-5.92078e-06
2.05969e-06
-1.41896e-05
-2.06885e-05
-4.18154e-06
6.05522e-06
-3.64413e-06
3.45772e-06
-1.24386e-06
2.77192e-06
1.56249e-06
2.67374e-06
4.31095e-06
2.62498e-06
6.85443e-06
2.4698e-06
9.07923e-06
2.23977e-06
1.09249e-05
1.94441e-06
1.23727e-05
1.65351e-06
1.34496e-05
1.34923e-06
1.41727e-05
1.09208e-06
1.45866e-05
8.32264e-07
1.4679e-05
6.36937e-07
1.44588e-05
4.16959e-07
1.39221e-05
2.1273e-07
1.30847e-05
-2.30384e-07
1.19345e-05
-1.33652e-06
1.01166e-05
-4.1029e-06
5.63956e-06
-9.7125e-06
-1.5049e-05
6.05522e-06
9.51294e-06
1.22849e-05
1.49586e-05
1.75836e-05
2.00534e-05
2.22931e-05
2.42376e-05
2.58911e-05
2.72403e-05
2.83324e-05
2.91646e-05
2.98016e-05
3.02185e-05
3.04313e-05
3.02009e-05
2.88644e-05
2.47615e-05
1.5049e-05
)
;

boundaryField
{
    movingWall
    {
        type            calculated;
        value           uniform 0;
    }
    fixedWalls
    {
        type            calculated;
        value           uniform 0;
    }
    frontAndBack
    {
        type            empty;
        value           nonuniform List<scalar> 0();
    }
}


// ************************************************************************* //
