/*--------------------------------*- C++ -*----------------------------------*\
| =========                 |                                                 |
| \\      /  F ield         | OpenFOAM: The Open Source CFD Toolbox           |
|  \\    /   O peration     | Version:  2212                                  |
|   \\  /    A nd           | Website:  www.openfoam.com                      |
|    \\/     M anipulation  |                                                 |
\*---------------------------------------------------------------------------*/
FoamFile
{
    version     2.0;
    format      ascii;
    arch        "LSB;label=32;scalar=64";
    class       volScalarField;
    location    "9.2";
    object      T;
}
// * * * * * * * * * * * * * * * * * * * * * * * * * * * * * * * * * * * * * //

dimensions      [0 0 0 1 0 0 0];

internalField   nonuniform List<scalar> 
400
(
0.870266
0.873506
0.880062
0.889693
0.90078
0.910685
0.917552
0.921347
0.923278
0.924551
0.925686
0.926832
0.928032
0.929236
0.930238
0.930701
0.930065
0.927706
0.923917
0.920806
0.874507
0.878432
0.886277
0.897422
0.909028
0.917356
0.921286
0.922646
0.923167
0.92356
0.924237
0.92544
0.927245
0.929539
0.93183
0.933361
0.932975
0.929783
0.924943
0.92142
0.881095
0.886292
0.895923
0.907439
0.916386
0.920191
0.920334
0.919063
0.917391
0.916122
0.915957
0.917385
0.920424
0.924971
0.930178
0.934782
0.936668
0.9337
0.926832
0.922553
0.887523
0.89403
0.904471
0.913845
0.918053
0.917003
0.913195
0.908266
0.90334
0.899696
0.898284
0.899919
0.904403
0.911839
0.921201
0.93099
0.938402
0.939672
0.931922
0.92531
0.892491
0.899784
0.909523
0.915128
0.91411
0.908137
0.899689
0.890307
0.881702
0.875426
0.872593
0.874141
0.879824
0.889866
0.903378
0.918909
0.933683
0.943294
0.941245
0.930535
0.895841
0.903187
0.911053
0.912265
0.906079
0.895143
0.881862
0.86817
0.856247
0.8477
0.843645
0.844815
0.85119
0.862907
0.879415
0.899522
0.920874
0.939457
0.948395
0.938253
0.897831
0.904573
0.909937
0.906833
0.895955
0.880472
0.862915
0.845758
0.831413
0.821406
0.816648
0.817497
0.82407
0.836436
0.854423
0.87734
0.903337
0.928819
0.94784
0.94928
0.898838
0.904638
0.907519
0.900712
0.885868
0.866534
0.845588
0.825974
0.810143
0.799431
0.794421
0.795143
0.801618
0.813858
0.831965
0.855945
0.884854
0.915509
0.941884
0.955235
0.89917
0.903927
0.904651
0.894949
0.877066
0.854873
0.831584
0.810418
0.793765
0.782744
0.777644
0.778317
0.784636
0.796475
0.813913
0.837457
0.8675
0.902019
0.934181
0.952821
0.899062
0.902918
0.902166
0.890694
0.870875
0.846799
0.82199
0.799837
0.782649
0.771359
0.766071
0.766598
0.772755
0.78427
0.800942
0.823258
0.852773
0.889571
0.927266
0.951023
0.898654
0.901835
0.900259
0.88799
0.867265
0.842332
0.816895
0.794328
0.776819
0.765197
0.75953
0.759688
0.765522
0.7767
0.792715
0.813609
0.841455
0.87879
0.920811
0.949869
0.898029
0.900818
0.899168
0.88728
0.866866
0.842123
0.816822
0.794247
0.776513
0.764473
0.758269
0.757837
0.763071
0.77365
0.788896
0.808298
0.833783
0.870285
0.915662
0.949244
0.897184
0.899828
0.898608
0.887947
0.86886
0.8453
0.820992
0.799061
0.781537
0.769322
0.762646
0.761499
0.76584
0.775371
0.789403
0.807107
0.829749
0.864041
0.911581
0.949178
0.896063
0.898811
0.898508
0.889987
0.873402
0.852161
0.829787
0.809192
0.79232
0.780151
0.773049
0.771008
0.774103
0.782039
0.794215
0.809681
0.829156
0.860403
0.908947
0.949569
0.894565
0.897581
0.898174
0.891965
0.878492
0.860466
0.841026
0.822768
0.807446
0.796012
0.788915
0.786132
0.787796
0.793676
0.803295
0.816
0.832108
0.859306
0.907556
0.950428
0.892766
0.896159
0.897895
0.894322
0.884621
0.870682
0.855064
0.839948
0.826861
0.816666
0.809821
0.806387
0.806398
0.809793
0.816283
0.825556
0.838025
0.860367
0.907493
0.95178
0.891001
0.894317
0.896336
0.894595
0.888316
0.878697
0.867525
0.856419
0.846502
0.838467
0.832612
0.829105
0.827834
0.828923
0.83236
0.838092
0.847298
0.865413
0.910228
0.954079
0.889746
0.8935
0.896362
0.896126
0.892855
0.887243
0.880336
0.873124
0.866329
0.860484
0.855787
0.852458
0.850482
0.849978
0.851277
0.854235
0.861063
0.875066
0.915391
0.956981
0.873753
0.89045
0.890925
0.8909
0.889201
0.88671
0.883752
0.880963
0.87838
0.876484
0.875107
0.874519
0.874628
0.87538
0.877313
0.879761
0.885983
0.896788
0.927504
0.961956
0.911231
0.922051
0.927911
0.931498
0.933499
0.934805
0.935556
0.936296
0.936841
0.93761
0.938288
0.939255
0.940146
0.94133
0.942457
0.944004
0.945938
0.949988
0.957982
0.972162
)
;

boundaryField
{
    movingWall
    {
        type            fixedValue;
        value           uniform 1;
    }
    fixedWalls
    {
        type            zeroGradient;
    }
    frontAndBack
    {
        type            empty;
    }
}


// ************************************************************************* //
