/*--------------------------------*- C++ -*----------------------------------*\
| =========                 |                                                 |
| \\      /  F ield         | OpenFOAM: The Open Source CFD Toolbox           |
|  \\    /   O peration     | Version:  2212                                  |
|   \\  /    A nd           | Website:  www.openfoam.com                      |
|    \\/     M anipulation  |                                                 |
\*---------------------------------------------------------------------------*/
FoamFile
{
    version     2.0;
    format      ascii;
    arch        "LSB;label=32;scalar=64";
    class       volScalarField;
    location    "13.5";
    object      p;
}
// * * * * * * * * * * * * * * * * * * * * * * * * * * * * * * * * * * * * * //

dimensions      [0 2 -2 0 0 0 0];

internalField   nonuniform List<scalar> 
400
(
2.50144e-07
-0.000150766
-0.00053485
-0.00107205
-0.00173278
-0.00249427
-0.0031854
-0.00359797
-0.00356575
-0.00293448
-0.00154891
0.000619057
0.00324928
0.00551378
0.00653345
0.00592255
0.00400172
0.00214928
0.00111027
0.00104122
0.000116118
-5.82992e-05
-0.000377245
-0.000764419
-0.00124434
-0.00188847
-0.0027066
-0.00354392
-0.00408043
-0.00393885
-0.00284684
-0.000825235
0.00168904
0.0039606
0.00512438
0.00474275
0.00310263
0.00137438
0.000592786
0.00068383
0.000536236
0.000264765
-7.75273e-05
-0.000559886
-0.0013476
-0.00258101
-0.00421958
-0.00598427
-0.00740309
-0.00794443
-0.00726473
-0.00546249
-0.00289211
-0.00019508
0.00179133
0.00242733
0.00170838
0.000501679
-0.000396513
-0.000393221
0.00115175
0.000741064
0.000191673
-0.000775067
-0.00245148
-0.0049383
-0.00799571
-0.0111211
-0.013704
-0.0151776
-0.0152075
-0.0138405
-0.0112942
-0.00802965
-0.00475282
-0.00221031
-0.000870995
-0.000706838
-0.00128945
-0.00191877
0.00158315
0.000973548
-2.30874e-05
-0.0019244
-0.00500709
-0.00918065
-0.0139144
-0.0184805
-0.0222169
-0.0246536
-0.0255293
-0.0247235
-0.0223641
-0.0187441
-0.0143052
-0.00965631
-0.00559273
-0.00294953
-0.00219388
-0.00401861
0.00129321
0.000444863
-0.00119758
-0.00430475
-0.00900553
-0.0148812
-0.0210735
-0.0267161
-0.0311921
-0.0341794
-0.0355462
-0.0351902
-0.0331976
-0.0297193
-0.0249
-0.0189615
-0.0125059
-0.00694897
-0.00440151
-0.00652482
-4.8466e-05
-0.00114773
-0.00349971
-0.00779726
-0.0139331
-0.0211151
-0.028237
-0.0344086
-0.0391296
-0.0422329
-0.0437207
-0.0436113
-0.0419735
-0.0388794
-0.0343115
-0.0281577
-0.0205396
-0.0127034
-0.00785539
-0.00774858
-0.00245066
-0.00374238
-0.00669889
-0.0119138
-0.0190405
-0.0269826
-0.034505
-0.0407801
-0.0454518
-0.048478
-0.0499408
-0.049932
-0.0485312
-0.0457892
-0.041663
-0.0359273
-0.0283262
-0.0193716
-0.0118228
-0.00798109
-0.00553784
-0.00691546
-0.010264
-0.0160224
-0.0236588
-0.0318903
-0.0394523
-0.045614
-0.0501385
-0.0530587
-0.0544879
-0.054528
-0.0532537
-0.0507267
-0.0469629
-0.0418127
-0.0348685
-0.0259483
-0.0167097
-0.00999506
-0.00873398
-0.0100861
-0.013598
-0.0195427
-0.027287
-0.0354879
-0.0429131
-0.0489109
-0.0533107
-0.0561687
-0.0575927
-0.0576639
-0.0564454
-0.0540122
-0.050452
-0.0457612
-0.0396347
-0.0315246
-0.0223218
-0.0143404
-0.0115043
-0.0127582
-0.0162196
-0.0220548
-0.0296077
-0.0375894
-0.0448274
-0.0507003
-0.0550439
-0.0578954
-0.0593377
-0.0594293
-0.05822
-0.0557899
-0.0522877
-0.0478531
-0.0424318
-0.0353832
-0.0271985
-0.0191799
-0.0135496
-0.0146189
-0.0178562
-0.0233159
-0.0304315
-0.0380635
-0.0451185
-0.0509506
-0.05533
-0.0582415
-0.0597292
-0.0598316
-0.0585895
-0.056084
-0.0525164
-0.0481388
-0.0432074
-0.0370569
-0.0300324
-0.0224177
-0.0148376
-0.0155681
-0.0183521
-0.0232105
-0.0296938
-0.0368793
-0.0437653
-0.0496409
-0.0541557
-0.0572019
-0.058771
-0.0588781
-0.0575587
-0.0549167
-0.0511778
-0.0466564
-0.0419659
-0.0363005
-0.0302265
-0.0228963
-0.0154679
-0.0157222
-0.0177774
-0.0217465
-0.0273899
-0.034032
-0.040751
-0.0467411
-0.0514935
-0.054769
-0.0564829
-0.0566239
-0.0552022
-0.0523535
-0.0483466
-0.0435822
-0.038731
-0.0331417
-0.0280999
-0.0202795
-0.0155745
-0.0152983
-0.0163382
-0.0190879
-0.0236533
-0.0296344
-0.0361719
-0.0423362
-0.0474281
-0.05104
-0.0529807
-0.0531841
-0.0516915
-0.0485918
-0.0442271
-0.0390541
-0.033782
-0.0280717
-0.0242317
-0.0143851
-0.0152769
-0.0145502
-0.0142608
-0.015426
-0.018685
-0.0238948
-0.0302316
-0.036615
-0.0421382
-0.0462016
-0.0484898
-0.0488668
-0.0473535
-0.0440212
-0.0392491
-0.0335191
-0.0276413
-0.0216294
-0.0180535
-0.00383294
-0.0146621
-0.0136183
-0.0117069
-0.0110811
-0.0129537
-0.0173804
-0.0235342
-0.0301706
-0.0361936
-0.0408118
-0.043579
-0.044262
-0.042851
-0.0393766
-0.0341854
-0.0276898
-0.0206823
-0.0132762
-0.00678574
0.016053
-0.0145833
-0.0126572
-0.00864852
-0.00623466
-0.00691012
-0.0107459
-0.016818
-0.0237401
-0.0302988
-0.0355395
-0.0389039
-0.0400354
-0.0388778
-0.0354482
-0.029896
-0.0222759
-0.0128726
-0.000688084
0.0166951
0.0570639
-0.0117947
-0.0118308
-0.00572615
-0.00177505
-0.00176502
-0.00540478
-0.0115753
-0.0188151
-0.0258757
-0.0316877
-0.0356626
-0.0373621
-0.0366855
-0.0333555
-0.0272243
-0.0175416
-0.00314819
0.0204904
0.0607045
0.129821
-0.0295169
-0.0106298
-0.000608903
0.00308079
0.00244822
-0.00155705
-0.00799953
-0.0155535
-0.0229763
-0.029174
-0.0335321
-0.0355882
-0.0352014
-0.0319559
-0.0252277
-0.01286
0.00942266
0.0511716
0.122878
0.226076
)
;

boundaryField
{
    movingWall
    {
        type            zeroGradient;
    }
    fixedWalls
    {
        type            zeroGradient;
    }
    frontAndBack
    {
        type            empty;
    }
}


// ************************************************************************* //
