/*--------------------------------*- C++ -*----------------------------------*\
| =========                 |                                                 |
| \\      /  F ield         | OpenFOAM: The Open Source CFD Toolbox           |
|  \\    /   O peration     | Version:  2212                                  |
|   \\  /    A nd           | Website:  www.openfoam.com                      |
|    \\/     M anipulation  |                                                 |
\*---------------------------------------------------------------------------*/
FoamFile
{
    version     2.0;
    format      ascii;
    arch        "LSB;label=32;scalar=64";
    class       volScalarField;
    location    "13.5";
    object      T;
}
// * * * * * * * * * * * * * * * * * * * * * * * * * * * * * * * * * * * * * //

dimensions      [0 0 0 1 0 0 0];

internalField   nonuniform List<scalar> 
400
(
0.948046
0.949162
0.951431
0.954788
0.958701
0.962267
0.964817
0.966297
0.967094
0.967634
0.968125
0.968632
0.969175
0.969734
0.970224
0.970502
0.970338
0.969485
0.968079
0.966926
0.949477
0.950846
0.95359
0.957517
0.961668
0.964724
0.966218
0.96674
0.966921
0.967057
0.967332
0.967854
0.968658
0.9697
0.97077
0.971544
0.971531
0.970357
0.968512
0.967184
0.951713
0.953552
0.956963
0.961069
0.964299
0.965669
0.965628
0.964989
0.964189
0.963582
0.963481
0.9641
0.965448
0.967483
0.969837
0.97197
0.97298
0.971966
0.969309
0.967661
0.953904
0.956227
0.959946
0.963275
0.964701
0.964093
0.962323
0.960067
0.957838
0.95619
0.955546
0.956263
0.958251
0.961553
0.965718
0.970097
0.973489
0.974313
0.971366
0.968782
0.95559
0.958191
0.961622
0.963486
0.962793
0.960062
0.956242
0.952032
0.948183
0.945375
0.944107
0.944794
0.947324
0.95179
0.957788
0.96467
0.971227
0.97559
0.975066
0.970864
0.956701
0.959291
0.96195
0.962032
0.959153
0.954236
0.948278
0.942158
0.936823
0.932994
0.931176
0.9317
0.934558
0.939799
0.947163
0.956095
0.96554
0.973747
0.977822
0.973911
0.957319
0.959635
0.961249
0.959529
0.954616
0.947678
0.939815
0.932133
0.925689
0.921183
0.919036
0.919416
0.922377
0.92794
0.936009
0.946245
0.957796
0.969048
0.977416
0.978282
0.957583
0.959497
0.960065
0.956767
0.950107
0.941447
0.932059
0.92325
0.916109
0.911264
0.908989
0.909312
0.912242
0.917774
0.925935
0.936694
0.949592
0.96318
0.974784
0.980623
0.957605
0.959087
0.958738
0.954184
0.946174
0.936227
0.925774
0.916242
0.908706
0.903702
0.901376
0.901675
0.904542
0.909913
0.917805
0.928414
0.941868
0.957214
0.971408
0.979571
0.957476
0.958601
0.957626
0.952289
0.943409
0.932612
0.921462
0.911465
0.90367
0.898529
0.896111
0.896342
0.89914
0.904374
0.911939
0.92203
0.935294
0.951697
0.968354
0.978775
0.957247
0.958123
0.9568
0.951092
0.941797
0.930612
0.919171
0.908976
0.901027
0.89573
0.893137
0.893199
0.895852
0.900937
0.908213
0.917681
0.930234
0.946918
0.965516
0.978267
0.956948
0.957706
0.956371
0.950805
0.94163
0.930526
0.919143
0.908944
0.900895
0.895409
0.892571
0.892365
0.894744
0.899556
0.906483
0.915284
0.926797
0.943142
0.963243
0.977989
0.956574
0.957325
0.956201
0.951142
0.942533
0.931957
0.921026
0.911127
0.903183
0.897625
0.894577
0.894046
0.896016
0.900347
0.906718
0.914749
0.924995
0.940378
0.96145
0.977959
0.956098
0.956955
0.956271
0.952128
0.944598
0.935051
0.924994
0.91571
0.908077
0.902554
0.899321
0.898385
0.899786
0.903386
0.908908
0.915919
0.924737
0.938773
0.960293
0.978129
0.955475
0.956497
0.956247
0.9531
0.946916
0.938792
0.930055
0.921837
0.914923
0.90975
0.90653
0.905262
0.906012
0.908673
0.913028
0.918783
0.926079
0.938307
0.95969
0.978504
0.954736
0.955968
0.956281
0.954296
0.949747
0.943416
0.93638
0.929579
0.923685
0.919086
0.915993
0.914439
0.914441
0.915975
0.918911
0.923109
0.928754
0.938805
0.959672
0.979096
0.954
0.955212
0.955703
0.954555
0.951512
0.947082
0.942017
0.937008
0.932541
0.928922
0.926283
0.924703
0.924131
0.924627
0.926183
0.92878
0.932939
0.94108
0.960891
0.980103
0.953481
0.954939
0.955859
0.955418
0.953715
0.951052
0.947868
0.944585
0.941508
0.93887
0.936754
0.935258
0.934371
0.934149
0.934736
0.936073
0.939132
0.945392
0.963172
0.981372
0.946497
0.953406
0.95341
0.95319
0.952275
0.951047
0.949639
0.948328
0.947122
0.946233
0.945582
0.945288
0.945307
0.945616
0.946451
0.947518
0.950253
0.955014
0.968503
0.983547
0.962417
0.966964
0.969401
0.970865
0.971651
0.972146
0.972407
0.972673
0.972861
0.973152
0.97341
0.973797
0.974157
0.974645
0.975116
0.975768
0.976599
0.978352
0.981844
0.987997
)
;

boundaryField
{
    movingWall
    {
        type            fixedValue;
        value           uniform 1;
    }
    fixedWalls
    {
        type            zeroGradient;
    }
    frontAndBack
    {
        type            empty;
    }
}


// ************************************************************************* //
