/*--------------------------------*- C++ -*----------------------------------*\
| =========                 |                                                 |
| \\      /  F ield         | OpenFOAM: The Open Source CFD Toolbox           |
|  \\    /   O peration     | Version:  2212                                  |
|   \\  /    A nd           | Website:  www.openfoam.com                      |
|    \\/     M anipulation  |                                                 |
\*---------------------------------------------------------------------------*/
FoamFile
{
    version     2.0;
    format      ascii;
    arch        "LSB;label=32;scalar=64";
    class       volScalarField;
    location    "6.2";
    object      p;
}
// * * * * * * * * * * * * * * * * * * * * * * * * * * * * * * * * * * * * * //

dimensions      [0 2 -2 0 0 0 0];

internalField   nonuniform List<scalar> 
400
(
-4.51423e-07
-0.000151813
-0.000535746
-0.00107259
-0.00173283
-0.0024936
-0.00318415
-0.00359642
-0.00356418
-0.00293327
-0.00154865
0.000617849
0.00324709
0.00551223
0.00653474
0.00592834
0.00401144
0.00216102
0.00112223
0.00105277
0.000115028
-5.94142e-05
-0.000378136
-0.000765118
-0.00124481
-0.00188841
-0.00270561
-0.00354185
-0.00407758
-0.00393603
-0.00284498
-0.000824853
0.00168836
0.00396046
0.00512694
0.00474951
0.00311364
0.00138668
0.000605157
0.000695536
0.000534378
0.000263246
-7.87261e-05
-0.000560756
-0.00134773
-0.0025796
-0.00421583
-0.00597782
-0.00739446
-0.00793503
-0.00725623
-0.00545561
-0.00288686
-0.000190414
0.00179724
0.00243603
0.00172022
0.000514875
-0.000383204
-0.000380734
0.00114864
0.000738403
0.00018976
-0.00077574
-0.00244973
-0.00493263
-0.00798502
-0.0111052
-0.0136837
-0.015155
-0.015185
-0.0138198
-0.0112763
-0.00801456
-0.00473948
-0.00219746
-0.000857885
-0.000693448
-0.00127575
-0.00190548
0.00157797
0.000969299
-2.55858e-05
-0.00192362
-0.00500091
-0.00916702
-0.0138922
-0.0184498
-0.0221792
-0.0246114
-0.0254858
-0.0246821
-0.0223271
-0.0187126
-0.0142794
-0.00963538
-0.00557568
-0.00293517
-0.00218081
-0.00400417
0.0012866
0.000439717
-0.00119944
-0.00430046
-0.00899205
-0.0148562
-0.0210361
-0.0266668
-0.031133
-0.0341137
-0.035478
-0.0351241
-0.0331373
-0.0296672
-0.0248572
-0.0189281
-0.0124811
-0.0069311
-0.00438709
-0.00650842
-5.4923e-05
-0.0011521
-0.00349897
-0.00778721
-0.01391
-0.0210765
-0.0281825
-0.034339
-0.0390472
-0.0421417
-0.0436257
-0.0435182
-0.0418873
-0.0388039
-0.0342488
-0.0281085
-0.0205034
-0.0126786
-0.00783802
-0.00773395
-0.00245484
-0.00374392
-0.00669355
-0.0118963
-0.0190065
-0.0269298
-0.034433
-0.0406899
-0.0453459
-0.0483607
-0.049818
-0.0498106
-0.0484177
-0.0456888
-0.041579
-0.0358606
-0.0282761
-0.0193369
-0.011801
-0.00796748
-0.00553798
-0.00691256
-0.0102528
-0.0159969
-0.0236141
-0.031824
-0.0393639
-0.0455045
-0.0500105
-0.0529168
-0.0543388
-0.0543797
-0.0531141
-0.0506023
-0.046858
-0.0417288
-0.0348042
-0.0259022
-0.0166799
-0.00997682
-0.00872949
-0.0100784
-0.013581
-0.0195098
-0.0272331
-0.0354105
-0.0428114
-0.0487858
-0.0531648
-0.0560071
-0.0574226
-0.0574941
-0.0562848
-0.0538683
-0.05033
-0.045663
-0.0395588
-0.0314683
-0.0222824
-0.0143126
-0.011496
-0.0127464
-0.0161982
-0.0220168
-0.0295478
-0.0375048
-0.0447172
-0.0505653
-0.0548868
-0.0577215
-0.0591547
-0.0592463
-0.0580464
-0.0556341
-0.0521553
-0.0477463
-0.0423491
-0.035321
-0.0271524
-0.0191437
-0.013539
-0.0146049
-0.0178325
-0.0232759
-0.0303697
-0.0379769
-0.0450062
-0.050813
-0.05517
-0.0580643
-0.0595426
-0.0596451
-0.0584127
-0.0559256
-0.0523822
-0.0480314
-0.0431252
-0.0369951
-0.0299854
-0.0223785
-0.0148263
-0.0155539
-0.0183291
-0.0231724
-0.029635
-0.0367967
-0.0436575
-0.0495085
-0.0540012
-0.0570305
-0.0585904
-0.0586977
-0.0573884
-0.054765
-0.0510509
-0.046557
-0.0418921
-0.0362469
-0.0301853
-0.0228613
-0.0154572
-0.0157097
-0.0177577
-0.0217138
-0.027339
-0.0339591
-0.0406544
-0.046621
-0.0513523
-0.0546115
-0.0563167
-0.0564582
-0.0550467
-0.052217
-0.0482351
-0.0434985
-0.0386734
-0.0331035
-0.0280702
-0.0202563
-0.0155648
-0.0152884
-0.0163237
-0.0190637
-0.0236142
-0.0295761
-0.036092
-0.0422342
-0.047306
-0.0509025
-0.0528351
-0.0530391
-0.0515569
-0.0484764
-0.0441371
-0.0389922
-0.0337463
-0.0280548
-0.0242197
-0.0143805
-0.0152689
-0.0145432
-0.0142525
-0.0154123
-0.0186606
-0.0238546
-0.0301721
-0.0365349
-0.0420389
-0.0460876
-0.0483679
-0.0487459
-0.0472429
-0.0439299
-0.0391836
-0.0334819
-0.02763
-0.021636
-0.0180686
-0.00385051
-0.0146565
-0.0136143
-0.0117049
-0.0110787
-0.0129451
-0.0173595
-0.0234961
-0.0301133
-0.0361178
-0.0407216
-0.0434808
-0.0441643
-0.042763
-0.0393081
-0.0341427
-0.027676
-0.0206952
-0.0133088
-0.00682941
0.0160143
-0.0145812
-0.0126566
-0.00865269
-0.00624289
-0.00691613
-0.0107426
-0.0167995
-0.0237035
-0.0302442
-0.0354705
-0.0388266
-0.0399582
-0.03881
-0.0353979
-0.0298707
-0.0222801
-0.0129059
-0.000743952
0.0166292
0.0570089
-0.0117962
-0.0118341
-0.00573717
-0.00179252
-0.00178222
-0.00541441
-0.0115709
-0.0187931
-0.0258359
-0.0316331
-0.035599
-0.0372973
-0.0366281
-0.0333147
-0.0272086
-0.0175557
-0.00319245
0.020423
0.0606306
0.129761
-0.0295169
-0.0106355
-0.000623911
0.00305911
0.00242629
-0.0015719
-0.0080009
-0.0155376
-0.0229425
-0.029125
-0.0334735
-0.0355275
-0.0351473
-0.0319173
-0.0252118
-0.0128716
0.0093818
0.0511096
0.122812
0.226022
)
;

boundaryField
{
    movingWall
    {
        type            zeroGradient;
    }
    fixedWalls
    {
        type            zeroGradient;
    }
    frontAndBack
    {
        type            empty;
    }
}


// ************************************************************************* //
