/*--------------------------------*- C++ -*----------------------------------*\
| =========                 |                                                 |
| \\      /  F ield         | OpenFOAM: The Open Source CFD Toolbox           |
|  \\    /   O peration     | Version:  2212                                  |
|   \\  /    A nd           | Website:  www.openfoam.com                      |
|    \\/     M anipulation  |                                                 |
\*---------------------------------------------------------------------------*/
FoamFile
{
    version     2.0;
    format      ascii;
    arch        "LSB;label=32;scalar=64";
    class       volVectorField;
    location    "6.2";
    object      U;
}
// * * * * * * * * * * * * * * * * * * * * * * * * * * * * * * * * * * * * * //

dimensions      [0 1 -1 0 0 0 0];

internalField   nonuniform List<vector> 
400
(
(0.00167968 -0.0016812 0)
(0.00483113 -0.00188933 0)
(0.00657859 -0.0011991 0)
(0.00566066 -0.000574063 0)
(0.00155929 0.00018493 0)
(-0.0068363 0.00173921 0)
(-0.0206033 0.00478217 0)
(-0.0395186 0.00872673 0)
(-0.060771 0.0112823 0)
(-0.0790887 0.0105067 0)
(-0.0897669 0.00677501 0)
(-0.0904303 0.00167436 0)
(-0.0802142 -0.00360754 0)
(-0.0600054 -0.00826516 0)
(-0.033554 -0.0108392 0)
(-0.00533947 -0.00979209 0)
(0.0166751 -0.00477956 0)
(0.024434 0.00276804 0)
(0.0161631 0.00646422 0)
(0.00431405 0.00471325 0)
(0.00171593 -0.00505502 0)
(0.00314975 -0.00402172 0)
(-0.000434426 0.000592525 0)
(-0.0113427 0.00644033 0)
(-0.0314231 0.0140409 0)
(-0.0611193 0.023753 0)
(-0.0967838 0.0330302 0)
(-0.131371 0.037061 0)
(-0.15887 0.033496 0)
(-0.175999 0.0233952 0)
(-0.181354 0.00911853 0)
(-0.174998 -0.00696824 0)
(-0.157502 -0.0231431 0)
(-0.129618 -0.0368806 0)
(-0.0936075 -0.0445374 0)
(-0.0522125 -0.0418242 0)
(-0.0114341 -0.0263412 0)
(0.0168516 -0.00130261 0)
(0.0178512 0.0161999 0)
(0.0055386 0.0148067 0)
(-0.000244208 -0.0057618 0)
(-0.0053902 0.000818355 0)
(-0.0196138 0.0142989 0)
(-0.0444895 0.031215 0)
(-0.0802928 0.0494033 0)
(-0.122117 0.064263 0)
(-0.162229 0.0704868 0)
(-0.195127 0.06598 0)
(-0.218705 0.0521618 0)
(-0.232368 0.0315285 0)
(-0.236128 0.00643565 0)
(-0.230654 -0.0210719 0)
(-0.216258 -0.0488152 0)
(-0.192437 -0.0731627 0)
(-0.158929 -0.0889688 0)
(-0.115698 -0.089192 0)
(-0.0645531 -0.0670234 0)
(-0.0138407 -0.0226973 0)
(0.00946782 0.0178796 0)
(0.00415496 0.0235582 0)
(-0.00347221 0.000475381 0)
(-0.0175096 0.0172505 0)
(-0.0434935 0.0414784 0)
(-0.0796265 0.0681391 0)
(-0.122861 0.0910803 0)
(-0.165714 0.103759 0)
(-0.201754 0.10282 0)
(-0.229053 0.0896073 0)
(-0.247875 0.0672879 0)
(-0.258821 0.0385727 0)
(-0.26273 0.00534451 0)
(-0.260407 -0.031057 0)
(-0.251792 -0.0683696 0)
(-0.235838 -0.103644 0)
(-0.210556 -0.131393 0)
(-0.173245 -0.142813 0)
(-0.121342 -0.125725 0)
(-0.0568305 -0.0708634 0)
(-0.000998488 0.00352186 0)
(0.00474186 0.0282127 0)
(-0.00665828 0.0147972 0)
(-0.0287081 0.0441 0)
(-0.0632378 0.0770397 0)
(-0.104368 0.108827 0)
(-0.147145 0.131094 0)
(-0.184409 0.13808 0)
(-0.212719 0.1294 0)
(-0.232477 0.108665 0)
(-0.244976 0.0797464 0)
(-0.25194 0.0454344 0)
(-0.255056 0.00727042 0)
(-0.255246 -0.0339249 0)
(-0.252284 -0.0769756 0)
(-0.245628 -0.120557 0)
(-0.232464 -0.160687 0)
(-0.208176 -0.18891 0)
(-0.166715 -0.189892 0)
(-0.103392 -0.142842 0)
(-0.0221843 -0.0388841 0)
(0.00737432 0.0270673 0)
(-0.00850204 0.0348681 0)
(-0.0351421 0.0765981 0)
(-0.0730196 0.114863 0)
(-0.113149 0.147574 0)
(-0.150373 0.165889 0)
(-0.179204 0.165829 0)
(-0.198701 0.149634 0)
(-0.210421 0.122401 0)
(-0.216346 0.0884755 0)
(-0.218958 0.0508454 0)
(-0.220218 0.0109832 0)
(-0.221125 -0.0306761 0)
(-0.221877 -0.074593 0)
(-0.222581 -0.121133 0)
(-0.221045 -0.169068 0)
(-0.21218 -0.212908 0)
(-0.187898 -0.23846 0)
(-0.139599 -0.218451 0)
(-0.0628098 -0.118913 0)
(0.0058352 0.0141777 0)
(-0.00828193 0.0569749 0)
(-0.0353001 0.109937 0)
(-0.0717552 0.150371 0)
(-0.106956 0.181026 0)
(-0.136557 0.193707 0)
(-0.156935 0.186318 0)
(-0.168816 0.163171 0)
(-0.174322 0.130413 0)
(-0.175863 0.0928064 0)
(-0.175933 0.0533672 0)
(-0.176032 0.0133379 0)
(-0.176835 -0.0272162 0)
(-0.178888 -0.06942 0)
(-0.182733 -0.11453 0)
(-0.187728 -0.16365 0)
(-0.190245 -0.215631 0)
(-0.182396 -0.261509 0)
(-0.15418 -0.275059 0)
(-0.0993294 -0.205831 0)
(-0.00890605 -0.0146428 0)
(-0.00612565 0.0775435 0)
(-0.0297528 0.140456 0)
(-0.0613507 0.181075 0)
(-0.0897869 0.208156 0)
(-0.111768 0.214735 0)
(-0.125278 0.200415 0)
(-0.131937 0.171197 0)
(-0.134051 0.134059 0)
(-0.134074 0.0939845 0)
(-0.133941 0.0536827 0)
(-0.134328 0.0138769 0)
(-0.135419 -0.0257836 0)
(-0.137669 -0.0662942 0)
(-0.14177 -0.108852 0)
(-0.148334 -0.155418 0)
(-0.156055 -0.208351 0)
(-0.158958 -0.265717 0)
(-0.146665 -0.30799 0)
(-0.112188 -0.277099 0)
(-0.0309398 -0.0753099 0)
(-0.00272345 0.0935379 0)
(-0.0203873 0.165517 0)
(-0.0450916 0.205439 0)
(-0.0662592 0.228398 0)
(-0.0815043 0.229351 0)
(-0.0899718 0.209368 0)
(-0.0935742 0.175627 0)
(-0.0944502 0.13561 0)
(-0.0946905 0.0943058 0)
(-0.0954555 0.0539341 0)
(-0.096787 0.0145925 0)
(-0.0985918 -0.0244767 0)
(-0.101039 -0.0640225 0)
(-0.104633 -0.104713 0)
(-0.110523 -0.148157 0)
(-0.119439 -0.198292 0)
(-0.128243 -0.259576 0)
(-0.126458 -0.323292 0)
(-0.107428 -0.334623 0)
(-0.037325 -0.163338 0)
(0.00122061 0.102666 0)
(-0.00892503 0.183335 0)
(-0.0256051 0.222972 0)
(-0.0395842 0.242561 0)
(-0.0490465 0.239316 0)
(-0.0539014 0.215344 0)
(-0.0558471 0.178594 0)
(-0.0565315 0.136915 0)
(-0.0574647 0.0952037 0)
(-0.0591852 0.0551474 0)
(-0.0614645 0.0162928 0)
(-0.0641588 -0.0223875 0)
(-0.0672603 -0.0615177 0)
(-0.0709494 -0.101314 0)
(-0.0761602 -0.142464 0)
(-0.0844645 -0.18861 0)
(-0.0959776 -0.248095 0)
(-0.100607 -0.324135 0)
(-0.0951406 -0.372075 0)
(-0.030911 -0.242452 0)
(0.00511261 0.103824 0)
(0.00295918 0.192919 0)
(-0.00537563 0.233452 0)
(-0.0124808 0.250579 0)
(-0.0168617 0.244483 0)
(-0.0187384 0.218265 0)
(-0.019413 0.180208 0)
(-0.0199256 0.138149 0)
(-0.0212102 0.0967367 0)
(-0.0234367 0.0572787 0)
(-0.0263189 0.0190488 0)
(-0.0297965 -0.0190743 0)
(-0.0338859 -0.057762 0)
(-0.0385289 -0.0970807 0)
(-0.044274 -0.136963 0)
(-0.0523552 -0.179817 0)
(-0.0657007 -0.235351 0)
(-0.0742014 -0.317888 0)
(-0.0811839 -0.396567 0)
(-0.0229369 -0.306992 0)
(0.00844336 0.0973556 0)
(0.0142027 0.193906 0)
(0.0140874 0.236968 0)
(0.0136949 0.253353 0)
(0.0143186 0.246261 0)
(0.0155164 0.219552 0)
(0.0163776 0.181507 0)
(0.0164331 0.139809 0)
(0.0152945 0.0989144 0)
(0.0130144 0.0600681 0)
(0.00984579 0.0225803 0)
(0.00574246 -0.0146732 0)
(0.000561556 -0.0524925 0)
(-0.00555186 -0.0909879 0)
(-0.0130066 -0.129799 0)
(-0.0219521 -0.169945 0)
(-0.037699 -0.220371 0)
(-0.0487404 -0.304238 0)
(-0.0679084 -0.408316 0)
(-0.0144611 -0.359872 0)
(0.0103074 0.0843971 0)
(0.0233804 0.186318 0)
(0.0310346 0.233096 0)
(0.0369563 0.249902 0)
(0.0426096 0.243048 0)
(0.0475553 0.217262 0)
(0.0509826 0.180506 0)
(0.0526469 0.14012 0)
(0.052502 0.100402 0)
(0.0507593 0.0626676 0)
(0.0476419 0.026405 0)
(0.043037 -0.00945469 0)
(0.0367769 -0.0458162 0)
(0.0289814 -0.0828484 0)
(0.0188549 -0.120192 0)
(0.00755147 -0.158088 0)
(-0.0118458 -0.204076 0)
(-0.0242815 -0.286236 0)
(-0.0558658 -0.410832 0)
(-0.00614464 -0.401732 0)
(0.00985413 0.06718 0)
(0.0289755 0.170532 0)
(0.0442804 0.222021 0)
(0.0568049 0.241082 0)
(0.0680808 0.236139 0)
(0.0777496 0.212776 0)
(0.0849512 0.178492 0)
(0.0893845 0.140173 0)
(0.0911269 0.102054 0)
(0.0904815 0.0656851 0)
(0.0877827 0.0309256 0)
(0.0827345 -0.00324921 0)
(0.0752348 -0.0373871 0)
(0.0655668 -0.0720741 0)
(0.0523535 -0.107122 0)
(0.0374574 -0.142421 0)
(0.0130541 -0.183922 0)
(1.12028e-05 -0.263009 0)
(-0.0448334 -0.40655 0)
(0.00275369 -0.436134 0)
(0.00691207 0.0493815 0)
(0.0293035 0.148846 0)
(0.051019 0.203458 0)
(0.0698706 0.224338 0)
(0.087321 0.221464 0)
(0.10299 0.201306 0)
(0.115632 0.170722 0)
(0.124569 0.135856 0)
(0.129712 0.100698 0)
(0.131308 0.0669286 0)
(0.129627 0.0347968 0)
(0.124701 0.00347353 0)
(0.116083 -0.0273342 0)
(0.104376 -0.0584913 0)
(0.0873277 -0.0900471 0)
(0.0681843 -0.122618 0)
(0.0381746 -0.160543 0)
(0.0237773 -0.236935 0)
(-0.0344847 -0.398822 0)
(0.013457 -0.464328 0)
(0.00238017 0.0346435 0)
(0.0235879 0.123825 0)
(0.0508606 0.179805 0)
(0.0765554 0.202761 0)
(0.101186 0.202431 0)
(0.124035 0.186027 0)
(0.143455 0.159981 0)
(0.158229 0.129572 0)
(0.167942 0.0984152 0)
(0.172804 0.0681993 0)
(0.172762 0.0395194 0)
(0.168529 0.0119665 0)
(0.158705 -0.01481 0)
(0.144998 -0.0415473 0)
(0.123742 -0.0685336 0)
(0.100255 -0.0972979 0)
(0.064464 -0.132451 0)
(0.0469177 -0.20728 0)
(-0.0227572 -0.386988 0)
(0.0285073 -0.485493 0)
(-0.00342186 0.0286548 0)
(0.0100346 0.101474 0)
(0.037025 0.148595 0)
(0.0688467 0.169316 0)
(0.1017 0.170516 0)
(0.133379 0.158222 0)
(0.161336 0.137796 0)
(0.183842 0.113413 0)
(0.199855 0.0881563 0)
(0.209749 0.0635548 0)
(0.212656 0.0403532 0)
(0.210392 0.0184287 0)
(0.200142 -0.00259356 0)
(0.185536 -0.023181 0)
(0.160769 -0.0438079 0)
(0.134209 -0.0675473 0)
(0.0927515 -0.101497 0)
(0.0697893 -0.179871 0)
(-0.00441615 -0.369993 0)
(0.0521371 -0.49161 0)
(-0.0139847 0.0185572 0)
(-0.00751195 0.0881852 0)
(0.0191685 0.124146 0)
(0.056351 0.13723 0)
(0.0974521 0.136798 0)
(0.137783 0.127608 0)
(0.173986 0.112955 0)
(0.203784 0.0951902 0)
(0.225641 0.0767396 0)
(0.240701 0.0586186 0)
(0.24672 0.0417813 0)
(0.247628 0.026123 0)
(0.238308 0.011799 0)
(0.226515 -0.00196271 0)
(0.201569 -0.0159763 0)
(0.177651 -0.0349018 0)
(0.133379 -0.0676819 0)
(0.107752 -0.145933 0)
(0.037433 -0.326112 0)
(0.0923514 -0.455869 0)
(-0.106 0.0824461 0)
(-0.0777419 0.0690156 0)
(-0.0485713 0.0733536 0)
(0.00373781 0.0778469 0)
(0.0572042 0.0781644 0)
(0.109885 0.0738936 0)
(0.157005 0.0665605 0)
(0.199321 0.0571638 0)
(0.231397 0.0475018 0)
(0.25952 0.0378616 0)
(0.275236 0.0292144 0)
(0.290388 0.0212467 0)
(0.290759 0.0145082 0)
(0.294896 0.00813794 0)
(0.278645 0.00118263 0)
(0.271483 -0.00995588 0)
(0.232225 -0.0355189 0)
(0.218092 -0.0953982 0)
(0.1502 -0.229723 0)
(0.17067 -0.341461 0)
(0.12998 0.103751 0)
(0.158342 0.0752479 0)
(0.212202 0.0532508 0)
(0.270709 0.0416413 0)
(0.32327 0.0359252 0)
(0.375685 0.0319549 0)
(0.42025 0.0289193 0)
(0.465537 0.0255822 0)
(0.498606 0.0229048 0)
(0.533835 0.0197138 0)
(0.553263 0.0175535 0)
(0.579072 0.014618 0)
(0.585219 0.0131761 0)
(0.603577 0.0103593 0)
(0.595024 0.00939857 0)
(0.603556 0.00501318 0)
(0.567779 9.9818e-05 0)
(0.547631 -0.0183099 0)
(0.435723 -0.0504147 0)
(0.336769 -0.101389 0)
)
;

boundaryField
{
    movingWall
    {
        type            fixedValue;
        value           uniform (1 0 0);
    }
    fixedWalls
    {
        type            noSlip;
    }
    frontAndBack
    {
        type            empty;
    }
}


// ************************************************************************* //
