/*--------------------------------*- C++ -*----------------------------------*\
| =========                 |                                                 |
| \\      /  F ield         | OpenFOAM: The Open Source CFD Toolbox           |
|  \\    /   O peration     | Version:  2212                                  |
|   \\  /    A nd           | Website:  www.openfoam.com                      |
|    \\/     M anipulation  |                                                 |
\*---------------------------------------------------------------------------*/
FoamFile
{
    version     2.0;
    format      ascii;
    arch        "LSB;label=32;scalar=64";
    class       surfaceScalarField;
    location    "0.3";
    object      phi;
}
// * * * * * * * * * * * * * * * * * * * * * * * * * * * * * * * * * * * * * //

dimensions      [0 3 -1 0 0 0 0];

oriented        oriented;

internalField   nonuniform List<scalar> 
760
(
-2.0373e-08
2.03736e-08
-6.98039e-08
4.94308e-08
-1.29276e-07
5.9472e-08
-1.90037e-07
6.07608e-08
-2.49417e-07
5.93805e-08
-3.06292e-07
5.68743e-08
-3.59562e-07
5.32705e-08
-4.07802e-07
4.82398e-08
-4.49169e-07
4.13662e-08
-4.81389e-07
3.22203e-08
-5.01817e-07
2.04288e-08
-5.07577e-07
5.76024e-09
-4.95545e-07
-1.20328e-08
-4.63229e-07
-3.23159e-08
-4.09109e-07
-5.41199e-08
-3.33487e-07
-7.5622e-08
-2.39697e-07
-9.37905e-08
-1.36545e-07
-1.03152e-07
-4.40606e-08
-9.24845e-08
-4.40607e-08
-5.2229e-08
7.26026e-08
-1.50255e-07
1.47457e-07
-2.62994e-07
1.72211e-07
-3.77015e-07
1.74782e-07
-4.8707e-07
1.69435e-07
-5.90435e-07
1.60239e-07
-6.84746e-07
1.47581e-07
-7.67369e-07
1.30863e-07
-8.35233e-07
1.0923e-07
-8.84784e-07
8.17717e-08
-9.12067e-07
4.77122e-08
-9.13311e-07
7.0048e-09
-8.83691e-07
-4.16532e-08
-8.20241e-07
-9.57657e-08
-7.21264e-07
-1.53098e-07
-5.87909e-07
-2.08977e-07
-4.26088e-07
-2.55612e-07
-2.5e-07
-2.79239e-07
-8.90611e-08
-2.53423e-07
-1.33122e-07
-6.6205e-08
1.38808e-07
-1.85541e-07
2.66792e-07
-3.20658e-07
3.07328e-07
-4.56346e-07
3.1047e-07
-5.867e-07
2.99789e-07
-7.08584e-07
2.82123e-07
-8.19296e-07
2.58293e-07
-9.1591e-07
2.27477e-07
-9.95071e-07
1.88391e-07
-1.05292e-06
1.39621e-07
-1.08511e-06
7.99031e-08
-1.08699e-06
8.88843e-09
-1.05337e-06
-7.52746e-08
-9.80136e-07
-1.69002e-07
-8.64651e-07
-2.68583e-07
-7.07505e-07
-3.66123e-07
-5.15063e-07
-4.48054e-07
-3.03873e-07
-4.90429e-07
-1.09071e-07
-4.48226e-07
-2.42192e-07
-7.15404e-08
2.10348e-07
-2.00798e-07
3.9605e-07
-3.46649e-07
4.53179e-07
-4.92859e-07
4.5668e-07
-6.33478e-07
4.40408e-07
-7.65489e-07
4.14134e-07
-8.8632e-07
3.79124e-07
-9.93152e-07
3.34309e-07
-1.08266e-06
2.779e-07
-1.15085e-06
2.0781e-07
-1.19294e-06
1.21997e-07
-1.20352e-06
1.94634e-08
-1.17594e-06
-1.02853e-07
-1.10406e-06
-2.40881e-07
-9.82882e-07
-3.89762e-07
-8.10883e-07
-5.38122e-07
-5.93798e-07
-6.65139e-07
-3.50766e-07
-7.33461e-07
-1.24835e-07
-6.74157e-07
-3.67027e-07
-7.46887e-08
2.85037e-07
-2.1082e-07
5.32181e-07
-3.64625e-07
6.06983e-07
-5.19079e-07
6.11135e-07
-6.68342e-07
5.8967e-07
-8.09724e-07
5.55517e-07
-9.41019e-07
5.10419e-07
-1.05974e-06
4.53032e-07
-1.16279e-06
3.80953e-07
-1.24616e-06
2.91174e-07
-1.30459e-06
1.80425e-07
-1.3315e-06
4.63808e-08
-1.31841e-06
-1.15947e-07
-1.25564e-06
-3.03654e-07
-1.13403e-06
-5.1137e-07
-9.47847e-07
-7.24304e-07
-7.00697e-07
-9.1229e-07
-4.15053e-07
-1.0191e-06
-1.46267e-07
-9.42944e-07
-5.13294e-07
-7.78931e-08
3.62929e-07
-2.21111e-07
6.75399e-07
-3.8329e-07
7.69162e-07
-5.46627e-07
7.74472e-07
-7.05459e-07
7.48502e-07
-8.57578e-07
7.07636e-07
-1.00135e-06
6.54188e-07
-1.13487e-06
5.86557e-07
-1.25556e-06
5.0164e-07
-1.35964e-06
3.95252e-07
-1.44159e-06
2.62381e-07
-1.49349e-06
9.82768e-08
-1.50487e-06
-1.04562e-07
-1.46085e-06
-3.47675e-07
-1.34571e-06
-6.26509e-07
-1.14598e-06
-9.24041e-07
-8.5976e-07
-1.19851e-06
-5.12586e-07
-1.36628e-06
-1.78797e-07
-1.27673e-06
-6.92091e-07
-8.17147e-08
4.44644e-07
-2.33178e-07
8.26862e-07
-4.04979e-07
9.40963e-07
-5.78416e-07
9.47909e-07
-7.48074e-07
9.18161e-07
-9.12392e-07
8.71954e-07
-1.07056e-06
8.12356e-07
-1.22162e-06
7.37618e-07
-1.36394e-06
6.43959e-07
-1.49453e-06
5.25847e-07
-1.60815e-06
3.75992e-07
-1.69601e-06
1.86141e-07
-1.74599e-06
-5.45812e-08
-1.73628e-06
-3.57385e-07
-1.64166e-06
-7.21125e-07
-1.43509e-06
-1.13062e-06
-1.10183e-06
-1.53177e-06
-6.66388e-07
-1.80172e-06
-2.30735e-07
-1.71238e-06
-9.22827e-07
-8.62762e-08
5.3092e-07
-2.47346e-07
9.87932e-07
-4.30055e-07
1.12367e-06
-6.14608e-07
1.13246e-06
-7.95911e-07
1.09946e-06
-9.73244e-07
1.04929e-06
-1.14693e-06
9.86046e-07
-1.31742e-06
9.08108e-07
-1.48469e-06
8.11227e-07
-1.64744e-06
6.88598e-07
-1.80183e-06
5.30377e-07
-1.93914e-06
3.23452e-07
-2.04816e-06
5.44343e-08
-2.09818e-06
-3.07362e-07
-2.05258e-06
-7.66726e-07
-1.86171e-06
-1.32149e-06
-1.4831e-06
-1.91038e-06
-9.25282e-07
-2.35954e-06
-3.2318e-07
-2.31449e-06
-1.24601e-06
-9.17016e-08
6.22622e-07
-2.63836e-07
1.16007e-06
-4.58586e-07
1.31842e-06
-6.54809e-07
1.32869e-06
-8.47802e-07
1.29246e-06
-1.0379e-06
1.23939e-06
-1.22691e-06
1.17506e-06
-1.41721e-06
1.09841e-06
-1.61124e-06
1.00525e-06
-1.81073e-06
8.88092e-07
-2.0153e-06
7.34945e-07
-2.21992e-06
5.28072e-07
-2.4101e-06
2.4462e-07
-2.56251e-06
-1.54959e-07
-2.62075e-06
-7.08479e-07
-2.50359e-06
-1.43866e-06
-2.11298e-06
-2.30098e-06
-1.39891e-06
-3.07361e-06
-5.12695e-07
-3.2007e-06
-1.7587e-06
-9.83256e-08
7.20947e-07
-2.83244e-07
1.34499e-06
-4.9104e-07
1.52622e-06
-6.98908e-07
1.53655e-06
-9.02631e-07
1.49618e-06
-1.10382e-06
1.44057e-06
-1.30606e-06
1.3773e-06
-1.51418e-06
1.30652e-06
-1.73395e-06
1.22503e-06
-1.97168e-06
1.12582e-06
-2.23302e-06
9.96287e-07
-2.52036e-06
8.15416e-07
-2.82623e-06
5.50488e-07
-3.13991e-06
1.58724e-07
-3.39763e-06
-4.50759e-07
-3.4791e-06
-1.35719e-06
-3.18188e-06
-2.5982e-06
-2.29818e-06
-3.9573e-06
-9.25077e-07
-4.57381e-06
-2.68378e-06
-1.06894e-07
8.27841e-07
-3.06938e-07
1.54503e-06
-5.28781e-07
1.74806e-06
-7.47625e-07
1.7554e-06
-9.59909e-07
1.70847e-06
-1.16873e-06
1.6494e-06
-1.37968e-06
1.58825e-06
-1.60032e-06
1.52716e-06
-1.84043e-06
1.46514e-06
-2.1124e-06
1.39779e-06
-2.43119e-06
1.31508e-06
-2.81316e-06
1.19739e-06
-3.27267e-06
1.01e-06
-3.80673e-06
6.92782e-07
-4.41161e-06
1.54118e-07
-4.89538e-06
-8.73411e-07
-4.88134e-06
-2.61225e-06
-3.84719e-06
-4.99144e-06
-1.72551e-06
-6.6955e-06
-4.40929e-06
-1.18864e-07
9.46705e-07
-3.37587e-07
1.76375e-06
-5.74666e-07
1.98514e-06
-8.03089e-07
1.98382e-06
-1.02037e-06
1.92575e-06
-1.23138e-06
1.8604e-06
-1.44369e-06
1.80057e-06
-1.66745e-06
1.75092e-06
-1.91642e-06
1.7141e-06
-2.2097e-06
1.69106e-06
-2.57398e-06
1.67937e-06
-3.04598e-06
1.66939e-06
-3.67374e-06
1.63776e-06
-4.5095e-06
1.52854e-06
-5.53858e-06
1.18319e-06
-6.6106e-06
1.9861e-07
-7.0007e-06
-2.22215e-06
-5.84125e-06
-6.15089e-06
-2.91146e-06
-9.62529e-06
-7.32075e-06
-1.36905e-07
1.08361e-06
-3.79973e-07
2.00682e-06
-6.33848e-07
2.23901e-06
-8.69517e-07
2.21949e-06
-1.08663e-06
2.14286e-06
-1.2923e-06
2.06606e-06
-1.49582e-06
2.00409e-06
-1.70902e-06
1.96412e-06
-1.94824e-06
1.95332e-06
-2.23784e-06
1.98066e-06
-2.61555e-06
2.05708e-06
-3.13959e-06
2.19343e-06
-3.89437e-06
2.39253e-06
-4.97896e-06
2.61313e-06
-6.40584e-06
2.61008e-06
-7.82989e-06
1.62266e-06
-8.45724e-06
-1.5948e-06
-7.29329e-06
-7.31485e-06
-4.09468e-06
-1.28239e-05
-1.14154e-05
-1.66002e-07
1.24961e-06
-4.4239e-07
2.28321e-06
-7.14699e-07
2.51132e-06
-9.53715e-07
2.4585e-06
-1.16363e-06
2.35277e-06
-1.35464e-06
2.25708e-06
-1.53717e-06
2.18662e-06
-1.7228e-06
2.14976e-06
-1.92721e-06
2.15773e-06
-2.17492e-06
2.22837e-06
-2.50709e-06
2.38925e-06
-2.99153e-06
2.67787e-06
-3.7254e-06
3.1264e-06
-4.79811e-06
3.68584e-06
-6.17054e-06
3.98251e-06
-7.47274e-06
2.92486e-06
-7.97292e-06
-1.09462e-06
-7.18175e-06
-8.10602e-06
-4.55615e-06
-1.54495e-05
-1.59716e-05
-2.14541e-07
1.46415e-06
-5.39171e-07
2.60784e-06
-8.32321e-07
2.80447e-06
-1.06708e-06
2.69326e-06
-1.25934e-06
2.54503e-06
-1.42465e-06
2.42239e-06
-1.57334e-06
2.33531e-06
-1.71373e-06
2.29016e-06
-1.85555e-06
2.29954e-06
-2.01452e-06
2.38734e-06
-2.21943e-06
2.59417e-06
-2.52036e-06
2.9788e-06
-2.98474e-06
3.59078e-06
-3.64568e-06
4.34678e-06
-4.41429e-06
4.75112e-06
-5.09333e-06
3.6039e-06
-5.53063e-06
-6.57324e-07
-5.47844e-06
-8.15821e-06
-3.93463e-06
-1.69933e-05
-1.99062e-05
-3.00502e-07
1.76466e-06
-6.92208e-07
2.99954e-06
-9.96423e-07
3.10869e-06
-1.2148e-06
2.91164e-06
-1.3788e-06
2.70903e-06
-1.50854e-06
2.55213e-06
-1.6128e-06
2.43957e-06
-1.69345e-06
2.3708e-06
-1.74889e-06
2.35498e-06
-1.77618e-06
2.41464e-06
-1.77436e-06
2.59235e-06
-1.74612e-06
2.95056e-06
-1.69797e-06
3.54263e-06
-1.63109e-06
4.2799e-06
-1.55169e-06
4.67173e-06
-1.5618e-06
3.61401e-06
-1.97047e-06
-2.48659e-07
-2.56984e-06
-7.55883e-06
-2.47852e-06
-1.70846e-05
-2.23847e-05
-4.65257e-07
2.22991e-06
-9.95994e-07
3.53028e-06
-1.28901e-06
3.40171e-06
-1.43646e-06
3.05908e-06
-1.53723e-06
2.8098e-06
-1.61284e-06
2.62774e-06
-1.65863e-06
2.48536e-06
-1.66285e-06
2.37502e-06
-1.61195e-06
2.30409e-06
-1.48266e-06
2.28535e-06
-1.24421e-06
2.35389e-06
-8.46094e-07
2.55244e-06
-2.26797e-07
2.92333e-06
6.10753e-07
3.44235e-06
1.48512e-06
3.79736e-06
2.04297e-06
3.05616e-06
1.71054e-06
8.37737e-08
3.46425e-07
-6.19472e-06
-3.41235e-07
-1.6397e-05
-2.2726e-05
-4.49292e-07
2.6792e-06
-1.09857e-06
4.17956e-06
-1.49882e-06
3.80196e-06
-1.70237e-06
3.26263e-06
-1.75897e-06
2.8664e-06
-1.71542e-06
2.58419e-06
-1.59235e-06
2.3623e-06
-1.39199e-06
2.17466e-06
-1.11989e-06
2.03199e-06
-7.53139e-07
1.91859e-06
-2.64523e-07
1.86528e-06
4.17997e-07
1.86992e-06
1.32907e-06
2.01225e-06
2.54692e-06
2.2245e-06
3.947e-06
2.39728e-06
4.99947e-06
2.00369e-06
5.13057e-06
-4.73289e-08
3.88264e-06
-4.94679e-06
1.75527e-06
-1.42696e-05
-2.09707e-05
-3.91085e-06
6.59005e-06
-3.76642e-06
4.03512e-06
-2.66874e-06
2.70428e-06
-1.61379e-06
2.20768e-06
-6.46846e-07
1.89946e-06
2.89208e-07
1.64813e-06
1.19968e-06
1.45183e-06
2.09077e-06
1.28357e-06
2.95518e-06
1.16758e-06
3.81243e-06
1.06134e-06
4.66896e-06
1.00875e-06
5.56565e-06
9.73223e-07
6.55494e-06
1.02296e-06
7.68594e-06
1.0935e-06
9.03081e-06
1.05241e-06
1.03019e-05
7.32599e-07
1.06661e-05
-4.11568e-07
9.80125e-06
-4.0819e-06
5.56171e-06
-1.00301e-05
-1.5409e-05
6.59005e-06
1.06252e-05
1.33295e-05
1.55371e-05
1.74366e-05
1.90847e-05
2.05366e-05
2.18201e-05
2.29877e-05
2.40491e-05
2.50578e-05
2.6031e-05
2.7054e-05
2.81475e-05
2.91999e-05
2.99325e-05
2.95209e-05
2.5439e-05
1.5409e-05
)
;

boundaryField
{
    movingWall
    {
        type            calculated;
        value           uniform 0;
    }
    fixedWalls
    {
        type            calculated;
        value           uniform 0;
    }
    frontAndBack
    {
        type            empty;
        value           nonuniform List<scalar> 0();
    }
}


// ************************************************************************* //
