/*--------------------------------*- C++ -*----------------------------------*\
| =========                 |                                                 |
| \\      /  F ield         | OpenFOAM: The Open Source CFD Toolbox           |
|  \\    /   O peration     | Version:  2212                                  |
|   \\  /    A nd           | Website:  www.openfoam.com                      |
|    \\/     M anipulation  |                                                 |
\*---------------------------------------------------------------------------*/
FoamFile
{
    version     2.0;
    format      ascii;
    arch        "LSB;label=32;scalar=64";
    class       volScalarField;
    location    "7.1";
    object      p;
}
// * * * * * * * * * * * * * * * * * * * * * * * * * * * * * * * * * * * * * //

dimensions      [0 2 -2 0 0 0 0];

internalField   nonuniform List<scalar> 
400
(
1.23213e-07
-0.000150779
-0.000534635
-0.00107158
-0.00173202
-0.00249313
-0.00318395
-0.00359635
-0.00356407
-0.00293293
-0.00154774
0.000619619
0.00324946
0.00551429
0.00653523
0.00592632
0.00400721
0.00215565
0.00111673
0.0010475
0.00011609
-5.82336e-05
-0.000376983
-0.000763993
-0.00124374
-0.00188758
-0.00270526
-0.00354207
-0.0040782
-0.0039366
-0.00284498
-0.000823986
0.00168986
0.00396171
0.0051267
0.00474693
0.00310868
0.00138099
0.000599428
0.000690178
0.000536039
0.000264757
-7.73402e-05
-0.000559496
-0.00134683
-0.00257952
-0.00421704
-0.00598052
-0.00739835
-0.00793932
-0.00725998
-0.00545842
-0.00288871
-0.0001919
0.00179509
0.00243233
0.00171477
0.000508662
-0.000389474
-0.000386541
0.00115111
0.000740642
0.00019161
-0.000774552
-0.00244987
-0.00493494
-0.00799012
-0.0111132
-0.0136942
-0.0151667
-0.0151966
-0.0138304
-0.0112853
-0.00802194
-0.00474584
-0.00220353
-0.000864078
-0.000699784
-0.00128225
-0.00191175
0.00158169
0.000972504
-2.33499e-05
-0.00192321
-0.00500353
-0.0091738
-0.0139038
-0.0184661
-0.0221994
-0.0246342
-0.0255093
-0.0247043
-0.0223468
-0.0187292
-0.0142928
-0.00964602
-0.0055841
-0.00294206
-0.00218696
-0.00401109
0.00129119
0.000443483
-0.00119752
-0.004302
-0.00899876
-0.0148694
-0.0210562
-0.0266935
-0.0311652
-0.0341496
-0.0355152
-0.0351602
-0.03317
-0.0296954
-0.0248801
-0.0189458
-0.0124939
-0.00693997
-0.004394
-0.00651645
-5.03686e-05
-0.00114873
-0.00349849
-0.00779196
-0.0139221
-0.0210973
-0.0282122
-0.0343771
-0.0390924
-0.0421919
-0.0436779
-0.0435694
-0.0419346
-0.0388452
-0.0342829
-0.028135
-0.0205226
-0.0126914
-0.0078466
-0.00774099
-0.00245153
-0.00374211
-0.00669562
-0.0119053
-0.0190247
-0.0269585
-0.0344725
-0.0407395
-0.0454042
-0.0484254
-0.0498857
-0.0498776
-0.0484802
-0.045744
-0.041625
-0.0358969
-0.0283031
-0.0193552
-0.0118121
-0.00797395
-0.00553692
-0.00691321
-0.0102581
-0.0160103
-0.0236383
-0.0318603
-0.0394125
-0.0455649
-0.0500812
-0.0529952
-0.0544212
-0.0544617
-0.0531912
-0.0506709
-0.0469157
-0.0417747
-0.0348391
-0.0259269
-0.0166955
-0.0099859
-0.008731
-0.0100817
-0.0135896
-0.0195273
-0.0272624
-0.035453
-0.0428674
-0.0488548
-0.0532454
-0.0560965
-0.0575167
-0.0575881
-0.0563736
-0.0539478
-0.0503973
-0.0457169
-0.0396003
-0.0314988
-0.0223033
-0.0143271
-0.0114996
-0.012752
-0.0162092
-0.0220371
-0.0295804
-0.0375512
-0.0447779
-0.0506399
-0.0549737
-0.0578177
-0.059256
-0.0593476
-0.0581425
-0.0557202
-0.0522284
-0.047805
-0.0423943
-0.0353547
-0.0271771
-0.0191628
-0.0135439
-0.0146117
-0.0178448
-0.0232973
-0.0304033
-0.0380244
-0.0450681
-0.050889
-0.0552585
-0.0581624
-0.0596459
-0.0597483
-0.0585106
-0.0560132
-0.0524562
-0.0480905
-0.0431702
-0.0370286
-0.0300106
-0.0223993
-0.0148316
-0.0155608
-0.0183409
-0.0231927
-0.0296669
-0.036842
-0.0437168
-0.0495816
-0.0540866
-0.0571253
-0.0586903
-0.0587975
-0.0574826
-0.0548488
-0.0511209
-0.0466116
-0.0419323
-0.0362758
-0.0302072
-0.0228797
-0.0154621
-0.0157156
-0.0177677
-0.0217311
-0.0273665
-0.0339989
-0.0407075
-0.0466872
-0.0514303
-0.0546985
-0.0564086
-0.0565498
-0.0551327
-0.0522923
-0.0482965
-0.0435443
-0.0387045
-0.0331238
-0.0280857
-0.0202681
-0.0155691
-0.0152928
-0.0163307
-0.0190762
-0.023635
-0.0296077
-0.0361357
-0.0422903
-0.0473733
-0.0509784
-0.0529155
-0.0531191
-0.0516311
-0.0485399
-0.0441864
-0.0390258
-0.0337652
-0.0280632
-0.0242252
-0.0143819
-0.0152722
-0.014546
-0.014256
-0.0154189
-0.0186731
-0.0238761
-0.0302044
-0.0365787
-0.0420935
-0.0461504
-0.0484351
-0.0488125
-0.0473038
-0.04398
-0.0392192
-0.0335016
-0.0276352
-0.0216311
-0.0180589
-0.00383944
-0.0146584
-0.0136153
-0.0117048
-0.0110789
-0.0129488
-0.0173701
-0.0235164
-0.0301444
-0.0361592
-0.0407711
-0.0435347
-0.044218
-0.0428112
-0.0393454
-0.0341655
-0.0276826
-0.0206868
-0.0132893
-0.00680366
0.0160372
-0.0145812
-0.0126557
-0.00864911
-0.00623705
-0.00691158
-0.0107433
-0.0168088
-0.023723
-0.0302738
-0.0355081
-0.0388688
-0.0400003
-0.0388469
-0.035425
-0.0298837
-0.0222766
-0.012886
-0.000711352
0.0166675
0.0570411
-0.0117941
-0.011831
-0.0057297
-0.00178145
-0.00177135
-0.00540785
-0.0115723
-0.0188043
-0.0258572
-0.0316626
-0.0356335
-0.0373325
-0.0366592
-0.0333364
-0.0272162
-0.0175466
-0.00316638
0.0204621
0.0606734
0.129796
-0.0295156
-0.010631
-0.000614191
0.00307256
0.00243983
-0.00156239
-0.007999
-0.0155454
-0.0229604
-0.0291514
-0.0335053
-0.0355604
-0.0351765
-0.0319378
-0.0252196
-0.0128639
0.00940598
0.0511457
0.12285
0.226054
)
;

boundaryField
{
    movingWall
    {
        type            zeroGradient;
    }
    fixedWalls
    {
        type            zeroGradient;
    }
    frontAndBack
    {
        type            empty;
    }
}


// ************************************************************************* //
