/*--------------------------------*- C++ -*----------------------------------*\
| =========                 |                                                 |
| \\      /  F ield         | OpenFOAM: The Open Source CFD Toolbox           |
|  \\    /   O peration     | Version:  2212                                  |
|   \\  /    A nd           | Website:  www.openfoam.com                      |
|    \\/     M anipulation  |                                                 |
\*---------------------------------------------------------------------------*/
FoamFile
{
    version     2.0;
    format      ascii;
    arch        "LSB;label=32;scalar=64";
    class       volVectorField;
    location    "7.1";
    object      U;
}
// * * * * * * * * * * * * * * * * * * * * * * * * * * * * * * * * * * * * * //

dimensions      [0 1 -1 0 0 0 0];

internalField   nonuniform List<vector> 
400
(
(0.00168093 -0.00168258 0)
(0.00483551 -0.00189094 0)
(0.00658577 -0.00120002 0)
(0.00566876 -0.000574681 0)
(0.00156668 0.000184371 0)
(-0.00683226 0.0017393 0)
(-0.0206063 0.00478462 0)
(-0.039532 0.00873221 0)
(-0.0607948 0.0112884 0)
(-0.0791177 0.0105102 0)
(-0.0897943 0.00677477 0)
(-0.0904502 0.00167126 0)
(-0.0802218 -0.00361274 0)
(-0.0599994 -0.00827088 0)
(-0.0335352 -0.0108439 0)
(-0.0053126 -0.00979402 0)
(0.0167033 -0.00477586 0)
(0.0244553 0.00277315 0)
(0.0161722 0.0064689 0)
(0.00431552 0.00471553 0)
(0.00171861 -0.00506085 0)
(0.00315726 -0.00402787 0)
(-0.000424407 0.0005898 0)
(-0.0113354 0.00644115 0)
(-0.0314251 0.0140463 0)
(-0.0611375 0.0237654 0)
(-0.0968212 0.0330488 0)
(-0.131424 0.0370797 0)
(-0.158931 0.0335087 0)
(-0.176062 0.0233989 0)
(-0.181412 0.0091132 0)
(-0.175047 -0.006981 0)
(-0.157538 -0.0231614 0)
(-0.129638 -0.0369005 0)
(-0.0936125 -0.0445543 0)
(-0.0522025 -0.0418332 0)
(-0.0114145 -0.0263375 0)
(0.0168737 -0.001289 0)
(0.0178634 0.0162139 0)
(0.00554073 0.0148145 0)
(-0.000241523 -0.00577269 0)
(-0.00538498 0.000808731 0)
(-0.0196115 0.0142993 0)
(-0.0444985 0.0312277 0)
(-0.0803221 0.0494286 0)
(-0.12217 0.0642974 0)
(-0.162302 0.0705225 0)
(-0.195215 0.0660091 0)
(-0.218801 0.0521793 0)
(-0.232467 0.0315318 0)
(-0.236225 0.00642436 0)
(-0.230744 -0.0210964 0)
(-0.216337 -0.0488496 0)
(-0.192502 -0.0732011 0)
(-0.158976 -0.0890037 0)
(-0.115725 -0.0892151 0)
(-0.0645597 -0.0670275 0)
(-0.0138296 -0.0226785 0)
(0.00947576 0.0179023 0)
(0.00415525 0.0235711 0)
(-0.00347211 0.000462494 0)
(-0.0175129 0.0172449 0)
(-0.0435077 0.0414923 0)
(-0.0796609 0.068173 0)
(-0.122921 0.0911292 0)
(-0.165799 0.103813 0)
(-0.201858 0.10287 0)
(-0.229171 0.089646 0)
(-0.248004 0.0673109 0)
(-0.258955 0.038577 0)
(-0.262863 0.00532857 0)
(-0.260534 -0.0310926 0)
(-0.251908 -0.0684206 0)
(-0.23594 -0.103704 0)
(-0.21064 -0.131452 0)
(-0.173308 -0.142861 0)
(-0.121379 -0.12575 0)
(-0.0568395 -0.0708583 0)
(-0.000991863 0.00354773 0)
(0.00474212 0.0282292 0)
(-0.00666107 0.0147891 0)
(-0.0287217 0.0441076 0)
(-0.0632703 0.0770743 0)
(-0.104426 0.108885 0)
(-0.14723 0.131166 0)
(-0.184516 0.138152 0)
(-0.212843 0.129464 0)
(-0.232617 0.108715 0)
(-0.245126 0.0797777 0)
(-0.252098 0.0454426 0)
(-0.255216 0.00725279 0)
(-0.255401 -0.0339681 0)
(-0.252429 -0.0770399 0)
(-0.245757 -0.120635 0)
(-0.232574 -0.160769 0)
(-0.208266 -0.188985 0)
(-0.16678 -0.189948 0)
(-0.103428 -0.142867 0)
(-0.0221836 -0.0388669 0)
(0.00737882 0.0270873 0)
(-0.00850755 0.0348723 0)
(-0.0351642 0.076625 0)
(-0.0730658 0.114921 0)
(-0.113222 0.147656 0)
(-0.15047 0.165982 0)
(-0.179321 0.165919 0)
(-0.198836 0.149715 0)
(-0.210571 0.122466 0)
(-0.216511 0.0885185 0)
(-0.219134 0.0508609 0)
(-0.2204 0.010967 0)
(-0.221303 -0.0307244 0)
(-0.222043 -0.074669 0)
(-0.222729 -0.121228 0)
(-0.221172 -0.16917 0)
(-0.212285 -0.213006 0)
(-0.18798 -0.238544 0)
(-0.139656 -0.218511 0)
(-0.062835 -0.118934 0)
(0.00584339 0.0141928 0)
(-0.00828884 0.0569952 0)
(-0.0353268 0.109986 0)
(-0.0718075 0.150452 0)
(-0.107034 0.18113 0)
(-0.136657 0.193819 0)
(-0.157052 0.186426 0)
(-0.168951 0.163269 0)
(-0.174477 0.130494 0)
(-0.176037 0.0928644 0)
(-0.176124 0.0533931 0)
(-0.176231 0.0133243 0)
(-0.177033 -0.0272717 0)
(-0.179074 -0.0695132 0)
(-0.182898 -0.114649 0)
(-0.187865 -0.163777 0)
(-0.190355 -0.215751 0)
(-0.182483 -0.261614 0)
(-0.154246 -0.275145 0)
(-0.0993767 -0.205888 0)
(-0.00890752 -0.0146327 0)
(-0.00613205 0.0775814 0)
(-0.0297788 0.140526 0)
(-0.061401 0.181178 0)
(-0.0898596 0.20828 0)
(-0.111859 0.214866 0)
(-0.125386 0.200541 0)
(-0.132063 0.171314 0)
(-0.1342 0.134161 0)
(-0.134247 0.094062 0)
(-0.134133 0.0537233 0)
(-0.134532 0.0138691 0)
(-0.135624 -0.0258455 0)
(-0.137864 -0.0664064 0)
(-0.141943 -0.109 0)
(-0.148477 -0.155579 0)
(-0.156165 -0.208503 0)
(-0.15904 -0.265845 0)
(-0.146726 -0.308096 0)
(-0.112235 -0.277182 0)
(-0.030957 -0.0753304 0)
(-0.0027277 0.0935919 0)
(-0.0204083 0.165607 0)
(-0.0451331 0.20556 0)
(-0.0663191 0.22854 0)
(-0.0815795 0.229498 0)
(-0.0900616 0.209512 0)
(-0.0936822 0.175764 0)
(-0.0945798 0.135734 0)
(-0.0948423 0.094405 0)
(-0.0956254 0.0539919 0)
(-0.0969678 0.0145934 0)
(-0.0987756 -0.0245404 0)
(-0.101216 -0.0641476 0)
(-0.104795 -0.104886 0)
(-0.110659 -0.148352 0)
(-0.119543 -0.198479 0)
(-0.128317 -0.259731 0)
(-0.126506 -0.323416 0)
(-0.107466 -0.334731 0)
(-0.0373421 -0.16341 0)
(0.0012199 0.102732 0)
(-0.00893722 0.18344 0)
(-0.0256323 0.223107 0)
(-0.0396247 0.242716 0)
(-0.0490981 0.239477 0)
(-0.0539643 0.215504 0)
(-0.0559244 0.17875 0)
(-0.0566258 0.13706 0)
(-0.0575754 0.0953223 0)
(-0.0593087 0.0552205 0)
(-0.0615961 0.0163029 0)
(-0.064294 -0.0224486 0)
(-0.067394 -0.0616481 0)
(-0.0710751 -0.101502 0)
(-0.0762703 -0.142685 0)
(-0.0845501 -0.18883 0)
(-0.0960366 -0.248278 0)
(-0.100639 -0.324273 0)
(-0.0951644 -0.372192 0)
(-0.0309197 -0.242548 0)
(0.0051164 0.103895 0)
(0.00295821 0.193035 0)
(-0.00538482 0.233597 0)
(-0.0124976 0.250744 0)
(-0.0168848 0.244654 0)
(-0.0187678 0.218436 0)
(-0.0194506 0.180376 0)
(-0.0199725 0.138307 0)
(-0.0212651 0.0968679 0)
(-0.0234972 0.057363 0)
(-0.0263833 0.0190682 0)
(-0.0298644 -0.0191285 0)
(-0.0339568 -0.0578888 0)
(-0.0386003 -0.0972703 0)
(-0.0443417 -0.137197 0)
(-0.0524106 -0.180061 0)
(-0.0657395 -0.23556 0)
(-0.0742157 -0.318042 0)
(-0.081195 -0.396692 0)
(-0.0229406 -0.3071 0)
(0.0084524 0.0974229 0)
(0.0142144 0.194026 0)
(0.0140981 0.237118 0)
(0.0137044 0.253522 0)
(0.0143277 0.246437 0)
(0.0155251 0.219728 0)
(0.0163855 0.18168 0)
(0.0164401 0.139973 0)
(0.015302 0.0990514 0)
(0.0130236 0.0601584 0)
(0.00985552 0.0226069 0)
(0.00574932 -0.0147188 0)
(0.000562064 -0.0526103 0)
(-0.00555854 -0.0911693 0)
(-0.013021 -0.130029 0)
(-0.0219675 -0.170196 0)
(-0.0377108 -0.220595 0)
(-0.0487343 -0.304398 0)
(-0.0679063 -0.408438 0)
(-0.01446 -0.359981 0)
(0.0103209 0.0844517 0)
(0.0234047 0.186433 0)
(0.031065 0.233243 0)
(0.0369918 0.250069 0)
(0.0426506 0.243223 0)
(0.047602 0.217438 0)
(0.0510354 0.180677 0)
(0.0527067 0.140279 0)
(0.0525699 0.100535 0)
(0.0508352 0.0627568 0)
(0.0477224 0.0264349 0)
(0.0431157 -0.00949262 0)
(0.0368476 -0.0459229 0)
(0.0290403 -0.0830165 0)
(0.0188968 -0.120409 0)
(0.00758002 -0.158333 0)
(-0.0118278 -0.204304 0)
(-0.0242557 -0.286398 0)
(-0.0558526 -0.410948 0)
(-0.00614034 -0.401834 0)
(0.00986884 0.0672137 0)
(0.0290096 0.170632 0)
(0.044328 0.222158 0)
(0.056864 0.24124 0)
(0.0681513 0.236306 0)
(0.0778318 0.212944 0)
(0.0850458 0.178654 0)
(0.0894925 0.140321 0)
(0.0912487 0.102178 0)
(0.0906156 0.0657689 0)
(0.0879248 0.0309566 0)
(0.082876 -0.00327968 0)
(0.0753674 -0.0374797 0)
(0.0656849 -0.0722231 0)
(0.0524485 -0.107317 0)
(0.0375299 -0.142646 0)
(0.0131029 -0.184139 0)
(5.40023e-05 -0.263164 0)
(-0.0448113 -0.406656 0)
(0.00276105 -0.436221 0)
(0.00692294 0.0493911 0)
(0.0293418 0.148923 0)
(0.0510785 0.203578 0)
(0.0699476 0.224482 0)
(0.0874148 0.221618 0)
(0.1031 0.201459 0)
(0.11576 0.170868 0)
(0.124715 0.135987 0)
(0.129876 0.100805 0)
(0.131487 0.0670008 0)
(0.129816 0.0348237 0)
(0.124891 0.0034478 0)
(0.116266 -0.0274127 0)
(0.104543 -0.0586187 0)
(0.087467 -0.0902154 0)
(0.068295 -0.122815 0)
(0.0382515 -0.160738 0)
(0.0238289 -0.237075 0)
(-0.0344568 -0.398912 0)
(0.0134681 -0.464393 0)
(0.00238441 0.0346334 0)
(0.0236211 0.123873 0)
(0.0509225 0.179899 0)
(0.0766417 0.202882 0)
(0.101295 0.202563 0)
(0.124167 0.186161 0)
(0.143608 0.160108 0)
(0.158404 0.129685 0)
(0.168138 0.0985065 0)
(0.173018 0.0682604 0)
(0.172986 0.0395432 0)
(0.168756 0.0119479 0)
(0.158924 -0.0148713 0)
(0.145201 -0.0416494 0)
(0.123915 -0.0686699 0)
(0.100395 -0.0974573 0)
(0.0645637 -0.132612 0)
(0.0469736 -0.207391 0)
(-0.0227245 -0.387048 0)
(0.0285232 -0.485535 0)
(-0.00342447 0.0286299 0)
(0.010058 0.101491 0)
(0.0370798 0.148661 0)
(0.0689298 0.16941 0)
(0.10181 0.170623 0)
(0.133516 0.15833 0)
(0.1615 0.137898 0)
(0.184031 0.113502 0)
(0.200068 0.0882264 0)
(0.209981 0.0636001 0)
(0.212899 0.0403686 0)
(0.210641 0.018412 0)
(0.200381 -0.00264451 0)
(0.185759 -0.0232621 0)
(0.160962 -0.043913 0)
(0.134365 -0.0676663 0)
(0.092861 -0.101617 0)
(0.0698433 -0.179959 0)
(-0.00438597 -0.37003 0)
(0.0521521 -0.49163 0)
(-0.014001 0.0185332 0)
(-0.00751431 0.0881798 0)
(0.0192004 0.124177 0)
(0.0564156 0.137287 0)
(0.097551 0.13687 0)
(0.137915 0.127684 0)
(0.174151 0.113029 0)
(0.20398 0.0952546 0)
(0.225861 0.0767902 0)
(0.240943 0.0586518 0)
(0.246971 0.0417928 0)
(0.247884 0.0261126 0)
(0.238552 0.0117645 0)
(0.226744 -0.00201526 0)
(0.201765 -0.0160451 0)
(0.177805 -0.0349773 0)
(0.133486 -0.0677564 0)
(0.107806 -0.145975 0)
(0.0374571 -0.326116 0)
(0.0923613 -0.45587 0)
(-0.106012 0.0824292 0)
(-0.0777526 0.0690008 0)
(-0.0485691 0.0733639 0)
(0.0037646 0.0778734 0)
(0.0572617 0.0782009 0)
(0.109975 0.0739341 0)
(0.157126 0.0665996 0)
(0.199471 0.0571979 0)
(0.231569 0.0475273 0)
(0.25971 0.037877 0)
(0.275434 0.0292176 0)
(0.290588 0.0212386 0)
(0.290947 0.0144885 0)
(0.295068 0.00811031 0)
(0.278785 0.00114723 0)
(0.27159 -0.0099907 0)
(0.2323 -0.0355489 0)
(0.218123 -0.095411 0)
(0.150205 -0.229723 0)
(0.170671 -0.341458 0)
(0.129973 0.103747 0)
(0.158329 0.0752359 0)
(0.21218 0.053237 0)
(0.270688 0.0416303 0)
(0.323258 0.035918 0)
(0.375689 0.0319512 0)
(0.420273 0.0289177 0)
(0.465579 0.0255815 0)
(0.498665 0.0229037 0)
(0.533907 0.0197119 0)
(0.553341 0.01755 0)
(0.57915 0.0146131 0)
(0.585292 0.0131694 0)
(0.603638 0.0103513 0)
(0.595069 0.0093896 0)
(0.603583 0.0050052 0)
(0.567786 9.34785e-05 0)
(0.547621 -0.0183135 0)
(0.435704 -0.0504146 0)
(0.33676 -0.101387 0)
)
;

boundaryField
{
    movingWall
    {
        type            fixedValue;
        value           uniform (1 0 0);
    }
    fixedWalls
    {
        type            noSlip;
    }
    frontAndBack
    {
        type            empty;
    }
}


// ************************************************************************* //
