/*--------------------------------*- C++ -*----------------------------------*\
| =========                 |                                                 |
| \\      /  F ield         | OpenFOAM: The Open Source CFD Toolbox           |
|  \\    /   O peration     | Version:  2212                                  |
|   \\  /    A nd           | Website:  www.openfoam.com                      |
|    \\/     M anipulation  |                                                 |
\*---------------------------------------------------------------------------*/
FoamFile
{
    version     2.0;
    format      ascii;
    arch        "LSB;label=32;scalar=64";
    class       surfaceScalarField;
    location    "3.2";
    object      phi;
}
// * * * * * * * * * * * * * * * * * * * * * * * * * * * * * * * * * * * * * //

dimensions      [0 3 -1 0 0 0 0];

oriented        oriented;

internalField   nonuniform List<scalar> 
760
(
1.47508e-07
-1.47507e-07
2.75433e-07
-1.27925e-07
2.8778e-07
-1.23465e-08
1.62504e-07
1.25275e-07
-1.35134e-07
2.97638e-07
-6.6615e-07
5.31017e-07
-1.46162e-06
7.95474e-07
-2.44026e-06
9.78636e-07
-3.40888e-06
9.68624e-07
-4.14037e-06
7.31488e-07
-4.46778e-06
3.27411e-07
-4.29462e-06
-1.73159e-07
-3.56072e-06
-7.33905e-07
-2.37612e-06
-1.1846e-06
-9.65573e-07
-1.41054e-06
3.02886e-07
-1.26846e-06
1.04465e-06
-7.41762e-07
1.0038e-06
4.08486e-08
4.50229e-07
5.53571e-07
4.50229e-07
1.11092e-07
-2.586e-07
5.02989e-08
-6.71319e-08
-3.17075e-07
3.55028e-07
-1.07883e-06
8.87027e-07
-2.28004e-06
1.49885e-06
-3.8469e-06
2.09788e-06
-5.54206e-06
2.49064e-06
-7.06191e-06
2.49849e-06
-8.18219e-06
2.0889e-06
-8.7901e-06
1.3394e-06
-8.83692e-06
3.74225e-07
-8.29779e-06
-7.12286e-07
-7.20345e-06
-1.82824e-06
-5.58521e-06
-2.80285e-06
-3.58387e-06
-3.41188e-06
-1.49879e-06
-3.35354e-06
1.48806e-07
-2.38936e-06
8.31082e-07
-6.41427e-07
5.13608e-07
8.71045e-07
9.63837e-07
-1.36273e-07
-1.22326e-07
-6.38238e-07
4.34833e-07
-1.60487e-06
1.32166e-06
-3.07779e-06
2.35995e-06
-4.94219e-06
3.36325e-06
-6.91421e-06
4.0699e-06
-8.68646e-06
4.26288e-06
-1.00765e-05
3.88853e-06
-1.10282e-05
3.04057e-06
-1.15318e-05
1.84305e-06
-1.15392e-05
3.81559e-07
-1.10957e-05
-1.15571e-06
-1.01851e-05
-2.73887e-06
-8.7533e-06
-4.23465e-06
-6.77956e-06
-5.38562e-06
-4.35194e-06
-5.78116e-06
-1.86359e-06
-4.87771e-06
-9.40631e-08
-2.41095e-06
2.89779e-07
4.87203e-07
1.25361e-06
-4.9262e-07
3.70294e-07
-1.52787e-06
1.47008e-06
-3.04395e-06
2.83774e-06
-4.9534e-06
4.2694e-06
-7.01085e-06
5.4207e-06
-8.91804e-06
5.97708e-06
-1.0472e-05
5.81683e-06
-1.16238e-05
5.04037e-06
-1.23984e-05
3.81519e-06
-1.28297e-05
2.27429e-06
-1.29047e-05
4.56542e-07
-1.26767e-05
-1.38363e-06
-1.21111e-05
-3.3045e-06
-1.11061e-05
-5.23962e-06
-9.53113e-06
-6.96065e-06
-7.26225e-06
-8.05004e-06
-4.33918e-06
-7.80077e-06
-1.36473e-06
-5.3854e-06
1.1674e-07
-9.94267e-07
1.37035e-06
-8.37829e-07
1.20812e-06
-2.29529e-06
2.92754e-06
-4.1151e-06
4.65755e-06
-6.11469e-06
6.26898e-06
-8.02375e-06
7.32976e-06
-9.62092e-06
7.57425e-06
-1.08236e-05
7.01951e-06
-1.16531e-05
5.8699e-06
-1.21694e-05
4.33149e-06
-1.24449e-05
2.54979e-06
-1.25681e-05
5.79757e-07
-1.25321e-05
-1.41971e-06
-1.23258e-05
-3.51079e-06
-1.18691e-05
-5.69633e-06
-1.09756e-05
-7.85415e-06
-9.35876e-06
-9.66684e-06
-6.72497e-06
-1.04346e-05
-3.17723e-06
-8.93314e-06
-2.61131e-07
-3.91037e-06
1.10922e-06
-1.05058e-06
2.2587e-06
-2.69868e-06
4.57565e-06
-4.54371e-06
6.50258e-06
-6.36407e-06
8.08934e-06
-7.93998e-06
8.90568e-06
-9.13693e-06
8.7712e-06
-9.94384e-06
7.82643e-06
-1.04217e-05
6.34772e-06
-1.06595e-05
4.56928e-06
-1.0758e-05
2.64833e-06
-1.0839e-05
6.60789e-07
-1.08976e-05
-1.36115e-06
-1.09459e-05
-3.46244e-06
-1.09536e-05
-5.68866e-06
-1.07644e-05
-8.04339e-06
-1.00494e-05
-1.03818e-05
-8.3181e-06
-1.21658e-05
-5.16481e-06
-1.20864e-05
-1.14228e-06
-7.93289e-06
-3.30592e-08
-1.07055e-06
3.32925e-06
-2.67048e-06
6.17558e-06
-4.32758e-06
8.15968e-06
-5.83471e-06
9.59647e-06
-7.03288e-06
1.01038e-05
-7.85418e-06
9.5925e-06
-8.32963e-06
8.30188e-06
-8.54285e-06
6.56094e-06
-8.59732e-06
4.62375e-06
-8.59308e-06
2.64408e-06
-8.61718e-06
6.84891e-07
-8.69305e-06
-1.28527e-06
-8.84013e-06
-3.31537e-06
-9.0687e-06
-5.46009e-06
-9.31766e-06
-7.79443e-06
-9.34957e-06
-1.03499e-05
-8.64288e-06
-1.28725e-05
-6.44945e-06
-1.42799e-05
-2.3842e-06
-1.19981e-05
-2.41725e-06
-9.00339e-07
4.22959e-06
-2.27121e-06
7.54644e-06
-3.62657e-06
9.51504e-06
-4.78423e-06
1.07541e-05
-5.64179e-06
1.09614e-05
-6.17702e-06
1.01277e-05
-6.44168e-06
8.56654e-06
-6.52455e-06
6.64381e-06
-6.52334e-06
4.62254e-06
-6.5152e-06
2.63595e-06
-6.54099e-06
7.10678e-07
-6.62017e-06
-1.20609e-06
-6.77554e-06
-3.15999e-06
-7.03817e-06
-5.19747e-06
-7.42239e-06
-7.41021e-06
-7.82964e-06
-9.94265e-06
-7.8414e-06
-1.28608e-05
-6.64043e-06
-1.54808e-05
-3.52904e-06
-1.51095e-05
-5.9463e-06
-5.99792e-07
4.82938e-06
-1.63153e-06
8.57818e-06
-2.6412e-06
1.05247e-05
-3.46376e-06
1.15767e-05
-4.04155e-06
1.15392e-05
-4.38069e-06
1.04669e-05
-4.53658e-06
8.72242e-06
-4.58685e-06
6.69407e-06
-4.60591e-06
4.64161e-06
-4.64119e-06
2.67122e-06
-4.70552e-06
7.75018e-07
-4.80679e-06
-1.10483e-06
-4.95676e-06
-3.01002e-06
-5.18605e-06
-4.96818e-06
-5.55058e-06
-7.04568e-06
-6.05929e-06
-9.43394e-06
-6.48145e-06
-1.24386e-05
-6.06843e-06
-1.58938e-05
-3.8798e-06
-1.72982e-05
-9.8261e-06
-2.21394e-07
5.05077e-06
-8.62164e-07
9.21895e-06
-1.51793e-06
1.11805e-05
-2.03543e-06
1.20942e-05
-2.38485e-06
1.18886e-05
-2.58826e-06
1.06703e-05
-2.69265e-06
8.82681e-06
-2.75144e-06
6.75287e-06
-2.81112e-06
4.70128e-06
-2.89572e-06
2.75582e-06
-3.0087e-06
8.87993e-07
-3.15025e-06
-9.63275e-07
-3.32188e-06
-2.83839e-06
-3.53816e-06
-4.7519e-06
-3.85421e-06
-6.72964e-06
-4.35198e-06
-8.93616e-06
-4.96804e-06
-1.18226e-05
-5.08628e-06
-1.57756e-05
-3.53275e-06
-1.88517e-05
-1.33589e-05
1.59221e-07
4.89155e-06
-6.53723e-08
9.44354e-06
-3.89363e-07
1.15045e-05
-6.32843e-07
1.23377e-05
-7.801e-07
1.20359e-05
-8.61339e-07
1.07515e-05
-9.16404e-07
8.88187e-06
-9.7826e-07
6.81472e-06
-1.06428e-06
4.7873e-06
-1.18222e-06
2.87376e-06
-1.33376e-06
1.03954e-06
-1.5209e-06
-7.76134e-07
-1.7434e-06
-2.61589e-06
-2.00093e-06
-4.49438e-06
-2.32532e-06
-6.40524e-06
-2.81452e-06
-8.44696e-06
-3.526e-06
-1.11111e-05
-4.00714e-06
-1.52945e-05
-3.01369e-06
-1.98451e-05
-1.63725e-05
4.82014e-07
4.40954e-06
6.74749e-07
9.25081e-06
7.17945e-07
1.14613e-05
7.56309e-07
1.22993e-05
8.06515e-07
1.19857e-05
8.41559e-07
1.07165e-05
8.39659e-07
8.88377e-06
7.91621e-07
6.86276e-06
6.99505e-07
4.87942e-06
5.66322e-07
3.00694e-06
3.88668e-07
1.21719e-06
1.60415e-07
-5.47881e-07
-1.20684e-07
-2.33479e-06
-4.62444e-07
-4.15262e-06
-8.7196e-07
-5.99573e-06
-1.40093e-06
-7.91799e-06
-2.19673e-06
-1.03153e-05
-2.95705e-06
-1.45342e-05
-2.46287e-06
-2.03393e-05
-1.88354e-05
7.2415e-07
3.68539e-06
1.30363e-06
8.67133e-06
1.68755e-06
1.10774e-05
2.01396e-06
1.19729e-05
2.28912e-06
1.17105e-05
2.47929e-06
1.05263e-05
2.57271e-06
8.79035e-06
2.57902e-06
6.85645e-06
2.51362e-06
4.94482e-06
2.38643e-06
3.13413e-06
2.19285e-06
1.41078e-06
1.91909e-06
-2.74123e-07
1.56334e-06
-1.97904e-06
1.12095e-06
-3.71022e-06
5.85481e-07
-5.46026e-06
-9.95668e-08
-7.23294e-06
-9.78296e-07
-9.43656e-06
-1.94473e-06
-1.35677e-05
-1.93737e-06
-2.03467e-05
-2.07728e-05
8.30737e-07
2.85465e-06
1.73826e-06
7.76381e-06
2.46075e-06
1.03549e-05
3.09109e-06
1.13426e-05
3.63468e-06
1.11669e-05
4.04484e-06
1.01162e-05
4.30168e-06
8.53351e-06
4.41752e-06
6.74061e-06
4.41667e-06
4.94567e-06
4.31675e-06
3.23404e-06
4.11782e-06
1.60971e-06
3.79769e-06
4.60074e-08
3.36157e-06
-1.54292e-06
2.79228e-06
-3.14093e-06
2.08806e-06
-4.75604e-06
1.26285e-06
-6.40773e-06
2.20082e-07
-8.39379e-06
-1.00009e-06
-1.23475e-05
-1.44709e-06
-1.98997e-05
-2.22199e-05
7.66865e-07
2.08779e-06
1.86984e-06
6.66084e-06
2.88202e-06
9.34268e-06
3.83558e-06
1.0389e-05
4.70061e-06
1.03019e-05
5.40827e-06
9.4085e-06
5.91564e-06
8.02613e-06
6.22352e-06
6.43273e-06
6.35371e-06
4.81549e-06
6.32707e-06
3.26068e-06
6.14599e-06
1.79079e-06
5.80258e-06
3.89417e-07
5.27522e-06
-1.01556e-06
4.56431e-06
-2.43002e-06
3.66237e-06
-3.8541e-06
2.59712e-06
-5.34247e-06
1.32029e-06
-7.11696e-06
-1.93867e-07
-1.08334e-05
-9.42414e-07
-1.91511e-05
-2.31623e-05
5.47223e-07
1.54056e-06
1.67741e-06
5.53065e-06
2.97306e-06
8.04702e-06
4.29e-06
9.07206e-06
5.53179e-06
9.06009e-06
6.59819e-06
8.34211e-06
7.42051e-06
7.20381e-06
7.98351e-06
5.86973e-06
8.2995e-06
4.4995e-06
8.38732e-06
3.17286e-06
8.25517e-06
1.92294e-06
7.90272e-06
7.41867e-07
7.28805e-06
-4.00891e-07
6.42733e-06
-1.5693e-06
5.30778e-06
-2.73455e-06
3.97137e-06
-4.00607e-06
2.47787e-06
-5.62346e-06
8.85872e-07
-9.24139e-06
-1.77823e-07
-1.80874e-05
-2.33401e-05
1.34463e-07
1.4061e-06
9.72726e-07
4.69239e-06
2.39988e-06
6.61987e-06
4.07549e-06
7.39645e-06
5.7598e-06
7.37578e-06
7.26642e-06
6.83549e-06
8.49011e-06
5.98011e-06
9.39897e-06
4.96088e-06
9.98701e-06
3.91145e-06
1.02676e-05
2.89224e-06
1.02471e-05
1.94347e-06
9.93281e-06
1.05615e-06
9.28946e-06
2.42462e-07
8.32386e-06
-6.03706e-07
7.03759e-06
-1.44827e-06
5.4787e-06
-2.44718e-06
3.80223e-06
-3.947e-06
2.17477e-06
-7.61392e-06
6.27467e-07
-1.65401e-05
-2.27126e-05
-5.0479e-07
1.91089e-06
1.73583e-07
4.01402e-06
1.66869e-06
5.12477e-06
3.66922e-06
5.39591e-06
5.76928e-06
5.27572e-06
7.68735e-06
4.91742e-06
9.285e-06
4.38246e-06
1.05198e-05
3.72608e-06
1.13723e-05
3.05897e-06
1.18604e-05
2.40411e-06
1.19892e-05
1.81465e-06
1.17802e-05
1.26516e-06
1.12508e-05
7.71877e-07
1.03837e-05
2.63362e-07
9.18285e-06
-2.47369e-07
7.71078e-06
-9.75117e-07
6.1543e-06
-2.39051e-06
4.39533e-06
-5.85495e-06
2.02997e-06
-1.41748e-05
-2.06827e-05
-4.16596e-06
6.07685e-06
-3.63751e-06
3.48556e-06
-1.28382e-06
2.77109e-06
1.45966e-06
2.65243e-06
4.1442e-06
2.59118e-06
6.62996e-06
2.43166e-06
8.80787e-06
2.20454e-06
1.06185e-05
1.91544e-06
1.2044e-05
1.63346e-06
1.31104e-05
1.33774e-06
1.38346e-05
1.09044e-06
1.42604e-05
8.39394e-07
1.43783e-05
6.53916e-07
1.42019e-05
4.39762e-07
1.37137e-05
2.409e-07
1.29279e-05
-1.89367e-07
1.18421e-05
-1.3047e-06
1.00786e-05
-4.09144e-06
5.62394e-06
-9.72012e-06
-1.50587e-05
6.07685e-06
9.56242e-06
1.23335e-05
1.49859e-05
1.75771e-05
2.00088e-05
2.22133e-05
2.41288e-05
2.57622e-05
2.70999e-05
2.81904e-05
2.90298e-05
2.96837e-05
3.01235e-05
3.03644e-05
3.0175e-05
2.88703e-05
2.47789e-05
1.50587e-05
)
;

boundaryField
{
    movingWall
    {
        type            calculated;
        value           uniform 0;
    }
    fixedWalls
    {
        type            calculated;
        value           uniform 0;
    }
    frontAndBack
    {
        type            empty;
        value           nonuniform List<scalar> 0();
    }
}


// ************************************************************************* //
