/*--------------------------------*- C++ -*----------------------------------*\
| =========                 |                                                 |
| \\      /  F ield         | OpenFOAM: The Open Source CFD Toolbox           |
|  \\    /   O peration     | Version:  2212                                  |
|   \\  /    A nd           | Website:  www.openfoam.com                      |
|    \\/     M anipulation  |                                                 |
\*---------------------------------------------------------------------------*/
FoamFile
{
    version     2.0;
    format      ascii;
    arch        "LSB;label=32;scalar=64";
    class       volScalarField;
    location    "3.2";
    object      T;
}
// * * * * * * * * * * * * * * * * * * * * * * * * * * * * * * * * * * * * * //

dimensions      [0 0 0 1 0 0 0];

internalField   nonuniform List<scalar> 
400
(
0.268148
0.293137
0.342882
0.414802
0.496909
0.570178
0.620827
0.648164
0.661041
0.668264
0.673195
0.676597
0.678635
0.678772
0.675992
0.668204
0.651992
0.621971
0.578817
0.543649
0.298777
0.329391
0.389514
0.473183
0.559701
0.622726
0.654675
0.668886
0.677208
0.68319
0.688162
0.692807
0.697146
0.700281
0.700098
0.692823
0.672871
0.634925
0.585226
0.547899
0.347415
0.388422
0.463123
0.551476
0.622516
0.659631
0.673963
0.680417
0.683304
0.684959
0.687606
0.692736
0.700596
0.71051
0.719327
0.721218
0.706143
0.662539
0.597228
0.555594
0.396964
0.449111
0.532728
0.610852
0.65678
0.671921
0.673114
0.66826
0.660252
0.65358
0.6512
0.655813
0.667502
0.686668
0.710424
0.732779
0.741073
0.714792
0.636719
0.577303
0.437892
0.498427
0.58265
0.642895
0.665014
0.662149
0.648619
0.629137
0.609275
0.59414
0.586661
0.58962
0.603026
0.628295
0.664263
0.707268
0.747179
0.762332
0.713166
0.620927
0.468276
0.533049
0.61195
0.653079
0.655044
0.636366
0.608417
0.576814
0.548933
0.528705
0.518259
0.519124
0.531721
0.557662
0.597689
0.651011
0.712474
0.767503
0.779762
0.686381
0.489476
0.554676
0.625449
0.6496
0.635578
0.604086
0.565317
0.526799
0.495742
0.474291
0.463302
0.462866
0.473644
0.497257
0.535767
0.59062
0.660164
0.736047
0.795953
0.774824
0.503401
0.566288
0.628785
0.639863
0.614091
0.573254
0.52779
0.486506
0.455287
0.434613
0.424049
0.422769
0.431267
0.451159
0.485353
0.537502
0.60927
0.695243
0.778558
0.824312
0.511942
0.570936
0.626407
0.628622
0.594959
0.548139
0.499324
0.457658
0.427541
0.408238
0.398344
0.396631
0.403299
0.419595
0.448226
0.494151
0.563459
0.65574
0.752898
0.815848
0.516348
0.570692
0.621051
0.618815
0.581044
0.531024
0.480816
0.439502
0.41041
0.392071
0.382498
0.380406
0.385915
0.399947
0.424316
0.463424
0.526328
0.620359
0.732163
0.810658
0.517551
0.567086
0.614327
0.611442
0.57265
0.521622
0.471318
0.4305
0.401883
0.38377
0.373985
0.371322
0.375922
0.38854
0.410145
0.443558
0.498487
0.589597
0.711444
0.807062
0.516143
0.560946
0.606464
0.606431
0.570073
0.520289
0.470815
0.430232
0.401269
0.382572
0.372115
0.368752
0.372557
0.384174
0.404032
0.433158
0.479983
0.565736
0.695743
0.80536
0.512268
0.552863
0.597718
0.603116
0.572056
0.525524
0.477889
0.437766
0.408251
0.388648
0.377306
0.373134
0.376076
0.38658
0.404796
0.430515
0.469532
0.547118
0.682304
0.805314
0.50566
0.542681
0.58691
0.599558
0.577187
0.53695
0.493077
0.454323
0.424428
0.403672
0.391083
0.385722
0.387451
0.396381
0.412442
0.434724
0.466729
0.535423
0.673552
0.806806
0.495952
0.531229
0.574726
0.594364
0.582135
0.550559
0.512761
0.477386
0.448652
0.427698
0.414282
0.407704
0.407797
0.41438
0.42719
0.445432
0.47105
0.529463
0.667876
0.809753
0.483356
0.517583
0.559837
0.585717
0.585158
0.565326
0.536809
0.507529
0.481977
0.462033
0.448169
0.440141
0.437745
0.440774
0.449014
0.461989
0.48163
0.529143
0.666551
0.814369
0.471615
0.505695
0.545118
0.572791
0.580583
0.572193
0.554808
0.534588
0.515392
0.499238
0.486883
0.478505
0.473983
0.473246
0.476701
0.484126
0.499421
0.53886
0.673347
0.822154
0.4627
0.493841
0.532187
0.560238
0.57403
0.575538
0.569046
0.558356
0.546399
0.534951
0.525055
0.517192
0.511857
0.508936
0.509984
0.514196
0.528666
0.562927
0.688875
0.832267
0.403828
0.498355
0.517535
0.535511
0.545185
0.549933
0.551104
0.550858
0.549724
0.54933
0.549475
0.551023
0.553968
0.558004
0.565215
0.573183
0.592633
0.626173
0.727446
0.849577
0.576276
0.630821
0.662655
0.684614
0.699712
0.711386
0.720265
0.728382
0.735102
0.742089
0.748128
0.75487
0.760734
0.767527
0.773456
0.780989
0.788877
0.804581
0.832696
0.886524
)
;

boundaryField
{
    movingWall
    {
        type            fixedValue;
        value           uniform 1;
    }
    fixedWalls
    {
        type            zeroGradient;
    }
    frontAndBack
    {
        type            empty;
    }
}


// ************************************************************************* //
