/*--------------------------------*- C++ -*----------------------------------*\
| =========                 |                                                 |
| \\      /  F ield         | OpenFOAM: The Open Source CFD Toolbox           |
|  \\    /   O peration     | Version:  2212                                  |
|   \\  /    A nd           | Website:  www.openfoam.com                      |
|    \\/     M anipulation  |                                                 |
\*---------------------------------------------------------------------------*/
FoamFile
{
    version     2.0;
    format      ascii;
    arch        "LSB;label=32;scalar=64";
    class       volScalarField;
    location    "12.6";
    object      p;
}
// * * * * * * * * * * * * * * * * * * * * * * * * * * * * * * * * * * * * * //

dimensions      [0 2 -2 0 0 0 0];

internalField   nonuniform List<scalar> 
400
(
3.4618e-07
-0.000150661
-0.000534745
-0.00107195
-0.00173268
-0.00249416
-0.00318529
-0.00359787
-0.00356564
-0.00293437
-0.00154881
0.000619148
0.00324938
0.0055139
0.00653357
0.00592267
0.00400185
0.00214941
0.00111041
0.00104135
0.000116225
-5.81922e-05
-0.00037714
-0.000764317
-0.00124424
-0.00188837
-0.0027065
-0.00354383
-0.00408032
-0.00393874
-0.00284673
-0.000825135
0.00168914
0.00396071
0.0051245
0.00474288
0.00310276
0.00137451
0.000592917
0.000683961
0.000536343
0.000264872
-7.74226e-05
-0.000559784
-0.0013475
-0.0025809
-0.00421948
-0.00598417
-0.00740299
-0.0079443
-0.0072646
-0.00546237
-0.00289199
-0.000194964
0.00179145
0.00242745
0.00170851
0.000501809
-0.000396383
-0.000393092
0.00115186
0.00074117
0.000191778
-0.000774966
-0.00245137
-0.00493817
-0.00799557
-0.011121
-0.0137039
-0.0151775
-0.0152073
-0.0138404
-0.0112941
-0.00802952
-0.00475269
-0.00221019
-0.000870868
-0.000706709
-0.00128932
-0.00191864
0.00158326
0.000973652
-2.298e-05
-0.00192429
-0.00500699
-0.00918052
-0.0139142
-0.0184803
-0.0222167
-0.0246535
-0.0255291
-0.0247234
-0.0223639
-0.0187439
-0.0143051
-0.00965618
-0.00559259
-0.00294939
-0.00219375
-0.00401847
0.00129332
0.000444962
-0.00119747
-0.00430463
-0.00900541
-0.0148811
-0.0210733
-0.0267159
-0.0311919
-0.0341792
-0.035546
-0.03519
-0.0331973
-0.0297191
-0.0248998
-0.0189614
-0.0125057
-0.00694882
-0.00440137
-0.00652468
-4.83626e-05
-0.00114763
-0.00349961
-0.00779712
-0.013933
-0.0211149
-0.0282368
-0.0344084
-0.0391293
-0.0422327
-0.0437204
-0.043611
-0.0419732
-0.0388792
-0.0343112
-0.0281575
-0.0205394
-0.0127033
-0.00785525
-0.00774844
-0.00245055
-0.00374227
-0.00669878
-0.0119137
-0.0190403
-0.0269824
-0.0345048
-0.0407799
-0.0454515
-0.0484777
-0.0499404
-0.0499317
-0.0485309
-0.0457889
-0.0416628
-0.035927
-0.028326
-0.0193714
-0.0118227
-0.00798096
-0.00553773
-0.00691534
-0.0102639
-0.0160223
-0.0236587
-0.0318901
-0.039452
-0.0456137
-0.0501382
-0.0530584
-0.0544875
-0.0545276
-0.0532534
-0.0507264
-0.0469626
-0.0418125
-0.0348682
-0.0259481
-0.0167095
-0.00999493
-0.00873387
-0.010086
-0.0135979
-0.0195425
-0.0272869
-0.0354877
-0.0429128
-0.0489105
-0.0533103
-0.0561683
-0.0575922
-0.0576635
-0.056445
-0.0540118
-0.0504517
-0.0457609
-0.0396345
-0.0315244
-0.0223216
-0.0143402
-0.0115042
-0.0127581
-0.0162195
-0.0220546
-0.0296075
-0.0375892
-0.0448271
-0.0507
-0.0550435
-0.0578949
-0.0593373
-0.0594288
-0.0582195
-0.0557895
-0.0522874
-0.0478528
-0.0424315
-0.035383
-0.0271983
-0.0191797
-0.0135494
-0.0146188
-0.0178561
-0.0233157
-0.0304313
-0.0380632
-0.0451182
-0.0509503
-0.0553296
-0.0582411
-0.0597288
-0.0598312
-0.0585891
-0.0560836
-0.052516
-0.0481385
-0.0432072
-0.0370566
-0.0300322
-0.0224175
-0.0148375
-0.0155679
-0.0183519
-0.0232104
-0.0296936
-0.0368791
-0.043765
-0.0496406
-0.0541553
-0.0572015
-0.0587705
-0.0588776
-0.0575583
-0.0549163
-0.0511775
-0.0466561
-0.0419657
-0.0363003
-0.0302263
-0.0228961
-0.0154678
-0.0157221
-0.0177773
-0.0217464
-0.0273898
-0.0340317
-0.0407507
-0.0467408
-0.0514932
-0.0547686
-0.0564825
-0.0566235
-0.0552018
-0.0523532
-0.0483463
-0.0435819
-0.0387308
-0.0331415
-0.0280997
-0.0202794
-0.0155744
-0.0152982
-0.016338
-0.0190878
-0.0236531
-0.0296342
-0.0361717
-0.0423359
-0.0474278
-0.0510397
-0.0529804
-0.0531837
-0.0516911
-0.0485915
-0.0442268
-0.0390539
-0.0337818
-0.0280716
-0.0242315
-0.014385
-0.0152768
-0.0145501
-0.0142607
-0.0154259
-0.0186848
-0.0238946
-0.0302314
-0.0366148
-0.0421379
-0.0462013
-0.0484895
-0.0488665
-0.0473532
-0.044021
-0.0392489
-0.0335189
-0.0276412
-0.0216293
-0.0180535
-0.00383287
-0.014662
-0.0136181
-0.0117068
-0.011081
-0.0129536
-0.0173803
-0.023534
-0.0301704
-0.0361933
-0.0408116
-0.0435787
-0.0442618
-0.0428507
-0.0393764
-0.0341853
-0.0276897
-0.0206822
-0.0132761
-0.00678571
0.016053
-0.0145832
-0.0126571
-0.00864842
-0.00623456
-0.00691002
-0.0107458
-0.0168178
-0.02374
-0.0302987
-0.0355393
-0.0389037
-0.0400351
-0.0388776
-0.035448
-0.0298958
-0.0222758
-0.0128725
-0.000688076
0.0166951
0.057064
-0.0117945
-0.0118307
-0.00572605
-0.00177497
-0.00176495
-0.00540469
-0.0115752
-0.0188149
-0.0258755
-0.0316875
-0.0356623
-0.0373619
-0.0366853
-0.0333553
-0.0272242
-0.0175415
-0.00314817
0.0204904
0.0607044
0.129821
-0.0295168
-0.0106297
-0.000608817
0.00308087
0.00244829
-0.00155697
-0.00799943
-0.0155534
-0.0229762
-0.0291738
-0.0335319
-0.035588
-0.0352012
-0.0319558
-0.0252276
-0.01286
0.00942269
0.0511716
0.122878
0.226076
)
;

boundaryField
{
    movingWall
    {
        type            zeroGradient;
    }
    fixedWalls
    {
        type            zeroGradient;
    }
    frontAndBack
    {
        type            empty;
    }
}


// ************************************************************************* //
